Ukraine, Period fertility rates by calendar year, age reached during the year (ARDY) and birth cohort (vertical parallelograms)
Last modified: 13/11/2015
Year    ARDY   Cohort        ASFR
1959     12-    1947+     0.00000
1959     13     1946      0.00000
1959     14     1945      0.00002
1959     15     1944      0.00020
1959     16     1943      0.00111
1959     17     1942      0.00536
1959     18     1941      0.02197
1959     19     1940      0.05534
1959     20     1939      0.09546
1959     21     1938      0.13331
1959     22     1937      0.15854
1959     23     1936      0.17029
1959     24     1935      0.17471
1959     25     1934      0.17256
1959     26     1933      0.15793
1959     27     1932      0.13879
1959     28     1931      0.12569
1959     29     1930      0.11972
1959     30     1929      0.11242
1959     31     1928      0.09857
1959     32     1927      0.08576
1959     33     1926      0.07708
1959     34     1925      0.07071
1959     35     1924      0.06316
1959     36     1923      0.05405
1959     37     1922      0.04515
1959     38     1921      0.03655
1959     39     1920      0.02862
1959     40     1919      0.02281
1959     41     1918      0.01791
1959     42     1917      0.01282
1959     43     1916      0.00862
1959     44     1915      0.00546
1959     45     1914      0.00336
1959     46     1913      0.00214
1959     47     1912      0.00142
1959     48     1911      0.00095
1959     49     1910      0.00063
1959     50     1909      0.00041
1959     51     1908      0.00027
1959     52     1907      0.00019
1959     53     1906      0.00015
1959     54     1905      0.00012
1959     55+    1904-     0.00029
1960     12-    1948+     0.00000
1960     13     1947      0.00000
1960     14     1946      0.00002
1960     15     1945      0.00018
1960     16     1944      0.00100
1960     17     1943      0.00508
1960     18     1942      0.02296
1960     19     1941      0.06069
1960     20     1940      0.10253
1960     21     1939      0.13618
1960     22     1938      0.15454
1960     23     1937      0.16131
1960     24     1936      0.16526
1960     25     1935      0.16642
1960     26     1934      0.15441
1960     27     1933      0.13668
1960     28     1932      0.12420
1960     29     1931      0.11776
1960     30     1930      0.11072
1960     31     1929      0.09757
1960     32     1928      0.08480
1960     33     1927      0.07599
1960     34     1926      0.06979
1960     35     1925      0.06214
1960     36     1924      0.05287
1960     37     1923      0.04427
1960     38     1922      0.03621
1960     39     1921      0.02885
1960     40     1920      0.02284
1960     41     1919      0.01772
1960     42     1918      0.01242
1960     43     1917      0.00783
1960     44     1916      0.00469
1960     45     1915      0.00281
1960     46     1914      0.00180
1960     47     1913      0.00116
1960     48     1912      0.00076
1960     49     1911      0.00051
1960     50     1910      0.00033
1960     51     1909      0.00021
1960     52     1908      0.00015
1960     53     1907      0.00012
1960     54     1906      0.00009
1960     55+    1905-     0.00024
1961     12-    1949+     0.00000
1961     13     1948      0.00000
1961     14     1947      0.00002
1961     15     1946      0.00019
1961     16     1945      0.00106
1961     17     1944      0.00569
1961     18     1943      0.02568
1961     19     1942      0.06692
1961     20     1941      0.10800
1961     21     1940      0.13687
1961     22     1939      0.15262
1961     23     1938      0.15670
1961     24     1937      0.15959
1961     25     1936      0.15927
1961     26     1935      0.14600
1961     27     1934      0.12850
1961     28     1933      0.11646
1961     29     1932      0.10984
1961     30     1931      0.10463
1961     31     1930      0.09365
1961     32     1929      0.08086
1961     33     1928      0.07146
1961     34     1927      0.06407
1961     35     1926      0.05544
1961     36     1925      0.04573
1961     37     1924      0.03797
1961     38     1923      0.03169
1961     39     1922      0.02617
1961     40     1921      0.02134
1961     41     1920      0.01683
1961     42     1919      0.01184
1961     43     1918      0.00722
1961     44     1917      0.00403
1961     45     1916      0.00245
1961     46     1915      0.00159
1961     47     1914      0.00099
1961     48     1913      0.00061
1961     49     1912      0.00039
1961     50     1911      0.00023
1961     51     1910      0.00014
1961     52     1909      0.00009
1961     53     1908      0.00007
1961     54     1907      0.00006
1961     55+    1906-     0.00015
1962     12-    1950+     0.00000
1962     13     1949      0.00000
1962     14     1948      0.00002
1962     15     1947      0.00016
1962     16     1946      0.00113
1962     17     1945      0.00608
1962     18     1944      0.02694
1962     19     1943      0.07008
1962     20     1942      0.10576
1962     21     1941      0.12771
1962     22     1940      0.14559
1962     23     1939      0.15203
1962     24     1938      0.15749
1962     25     1937      0.15934
1962     26     1936      0.14784
1962     27     1935      0.13118
1962     28     1934      0.11855
1962     29     1933      0.11041
1962     30     1932      0.10483
1962     31     1931      0.09406
1962     32     1930      0.08036
1962     33     1929      0.07029
1962     34     1928      0.06273
1962     35     1927      0.05370
1962     36     1926      0.04374
1962     37     1925      0.03626
1962     38     1924      0.03088
1962     39     1923      0.02627
1962     40     1922      0.02236
1962     41     1921      0.01822
1962     42     1920      0.01256
1962     43     1919      0.00721
1962     44     1918      0.00368
1962     45     1917      0.00205
1962     46     1916      0.00135
1962     47     1915      0.00085
1962     48     1914      0.00053
1962     49     1913      0.00033
1962     50     1912      0.00019
1962     51     1911      0.00010
1962     52     1910      0.00007
1962     53     1909      0.00007
1962     54     1908      0.00007
1962     55+    1907-     0.00029
1963     12-    1951+     0.00000
1963     13     1950      0.00000
1963     14     1949      0.00002
1963     15     1948      0.00019
1963     16     1947      0.00131
1963     17     1946      0.00737
1963     18     1945      0.02916
1963     19     1944      0.07323
1963     20     1943      0.10739
1963     21     1942      0.12688
1963     22     1941      0.14949
1963     23     1940      0.15815
1963     24     1939      0.16130
1963     25     1938      0.15817
1963     26     1937      0.14291
1963     27     1936      0.12455
1963     28     1935      0.11150
1963     29     1934      0.10399
1963     30     1933      0.10036
1963     31     1932      0.09100
1963     32     1931      0.07786
1963     33     1930      0.06827
1963     34     1929      0.06087
1963     35     1928      0.05212
1963     36     1927      0.04250
1963     37     1926      0.03529
1963     38     1925      0.02972
1963     39     1924      0.02497
1963     40     1923      0.02047
1963     41     1922      0.01611
1963     42     1921      0.01146
1963     43     1920      0.00716
1963     44     1919      0.00409
1963     45     1918      0.00252
1963     46     1917      0.00167
1963     47     1916      0.00101
1963     48     1915      0.00058
1963     49     1914      0.00033
1963     50     1913      0.00017
1963     51     1912      0.00009
1963     52     1911      0.00006
1963     53     1910      0.00005
1963     54     1909      0.00004
1963     55+    1908-     0.00010
1964     12-    1952+     0.00000
1964     13     1951      0.00000
1964     14     1950      0.00002
1964     15     1949      0.00019
1964     16     1948      0.00139
1964     17     1947      0.00726
1964     18     1946      0.02769
1964     19     1945      0.06740
1964     20     1944      0.09744
1964     21     1943      0.11793
1964     22     1942      0.14389
1964     23     1941      0.15576
1964     24     1940      0.15878
1964     25     1939      0.15460
1964     26     1938      0.13925
1964     27     1937      0.12027
1964     28     1936      0.10718
1964     29     1935      0.10012
1964     30     1934      0.09644
1964     31     1933      0.08743
1964     32     1932      0.07480
1964     33     1931      0.06527
1964     34     1930      0.05778
1964     35     1929      0.04906
1964     36     1928      0.03983
1964     37     1927      0.03286
1964     38     1926      0.02765
1964     39     1925      0.02324
1964     40     1924      0.01901
1964     41     1923      0.01499
1964     42     1922      0.01069
1964     43     1921      0.00662
1964     44     1920      0.00376
1964     45     1919      0.00227
1964     46     1918      0.00152
1964     47     1917      0.00094
1964     48     1916      0.00054
1964     49     1915      0.00026
1964     50     1914      0.00010
1964     51     1913      0.00004
1964     52     1912      0.00003
1964     53     1911      0.00003
1964     54     1910      0.00004
1964     55+    1909-     0.00054
1965     12-    1953+     0.00000
1965     13     1952      0.00000
1965     14     1951      0.00002
1965     15     1950      0.00017
1965     16     1949      0.00129
1965     17     1948      0.00694
1965     18     1947      0.02602
1965     19     1946      0.06455
1965     20     1945      0.09531
1965     21     1944      0.11593
1965     22     1943      0.14116
1965     23     1942      0.15140
1965     24     1941      0.15220
1965     25     1940      0.14630
1965     26     1939      0.13026
1965     27     1938      0.11172
1965     28     1937      0.10027
1965     29     1936      0.09602
1965     30     1935      0.09358
1965     31     1934      0.08526
1965     32     1933      0.07434
1965     33     1932      0.06512
1965     34     1931      0.05713
1965     35     1930      0.04853
1965     36     1929      0.03952
1965     37     1928      0.03240
1965     38     1927      0.02696
1965     39     1926      0.02250
1965     40     1925      0.01790
1965     41     1924      0.01363
1965     42     1923      0.00990
1965     43     1922      0.00659
1965     44     1921      0.00411
1965     45     1920      0.00256
1965     46     1919      0.00158
1965     47     1918      0.00086
1965     48     1917      0.00041
1965     49     1916      0.00019
1965     50     1915      0.00009
1965     51     1914      0.00005
1965     52     1913      0.00003
1965     53     1912      0.00002
1965     54     1911      0.00001
1965     55+    1910-     0.00003
1966     12-    1954+     0.00000
1966     13     1953      0.00000
1966     14     1952      0.00002
1966     15     1951      0.00020
1966     16     1950      0.00137
1966     17     1949      0.00725
1966     18     1948      0.02751
1966     19     1947      0.06697
1966     20     1946      0.10122
1966     21     1945      0.12634
1966     22     1944      0.15173
1966     23     1943      0.16198
1966     24     1942      0.16226
1966     25     1941      0.15502
1966     26     1940      0.13695
1966     27     1939      0.11722
1966     28     1938      0.10586
1966     29     1937      0.10276
1966     30     1936      0.09966
1966     31     1935      0.09019
1966     32     1934      0.07904
1966     33     1933      0.06895
1966     34     1932      0.05938
1966     35     1931      0.05060
1966     36     1930      0.04172
1966     37     1929      0.03363
1966     38     1928      0.02749
1966     39     1927      0.02244
1966     40     1926      0.01745
1966     41     1925      0.01299
1966     42     1924      0.00955
1966     43     1923      0.00672
1966     44     1922      0.00451
1966     45     1921      0.00293
1966     46     1920      0.00184
1966     47     1919      0.00102
1966     48     1918      0.00048
1966     49     1917      0.00021
1966     50     1916      0.00011
1966     51     1915      0.00006
1966     52     1914      0.00003
1966     53     1913      0.00002
1966     54     1912      0.00001
1966     55+    1911-     0.00001
1967     12-    1955+     0.00000
1967     13     1954      0.00000
1967     14     1953      0.00002
1967     15     1952      0.00019
1967     16     1951      0.00130
1967     17     1950      0.00694
1967     18     1949      0.02766
1967     19     1948      0.06893
1967     20     1947      0.10633
1967     21     1946      0.13499
1967     22     1945      0.16026
1967     23     1944      0.16787
1967     24     1943      0.16548
1967     25     1942      0.15466
1967     26     1941      0.13344
1967     27     1940      0.11289
1967     28     1939      0.10206
1967     29     1938      0.10058
1967     30     1937      0.09778
1967     31     1936      0.08846
1967     32     1935      0.07819
1967     33     1934      0.06783
1967     34     1933      0.05777
1967     35     1932      0.04959
1967     36     1931      0.04137
1967     37     1930      0.03306
1967     38     1929      0.02669
1967     39     1928      0.02159
1967     40     1927      0.01664
1967     41     1926      0.01236
1967     42     1925      0.00893
1967     43     1924      0.00609
1967     44     1923      0.00395
1967     45     1922      0.00245
1967     46     1921      0.00148
1967     47     1920      0.00088
1967     48     1919      0.00049
1967     49     1918      0.00026
1967     50     1917      0.00016
1967     51     1916      0.00010
1967     52     1915      0.00005
1967     53     1914      0.00002
1967     54     1913      0.00001
1967     55+    1912-     0.00001
1968     12-    1956+     0.00000
1968     13     1955      0.00000
1968     14     1954      0.00002
1968     15     1953      0.00022
1968     16     1952      0.00144
1968     17     1951      0.00756
1968     18     1950      0.02965
1968     19     1949      0.07294
1968     20     1948      0.11286
1968     21     1947      0.14175
1968     22     1946      0.16299
1968     23     1945      0.16740
1968     24     1944      0.16272
1968     25     1943      0.15238
1968     26     1942      0.13215
1968     27     1941      0.11126
1968     28     1940      0.10035
1968     29     1939      0.09896
1968     30     1938      0.09553
1968     31     1937      0.08578
1968     32     1936      0.07581
1968     33     1935      0.06547
1968     34     1934      0.05518
1968     35     1933      0.04754
1968     36     1932      0.03974
1968     37     1931      0.03162
1968     38     1930      0.02570
1968     39     1929      0.02090
1968     40     1928      0.01621
1968     41     1927      0.01200
1968     42     1926      0.00866
1968     43     1925      0.00584
1968     44     1924      0.00374
1968     45     1923      0.00226
1968     46     1922      0.00133
1968     47     1921      0.00073
1968     48     1920      0.00036
1968     49     1919      0.00016
1968     50     1918      0.00008
1968     51     1917      0.00005
1968     52     1916      0.00003
1968     53     1915      0.00001
1968     54     1914      0.00001
1968     55+    1913-     0.00001
1969     12-    1957+     0.00000
1969     13     1956      0.00000
1969     14     1955      0.00002
1969     15     1954      0.00023
1969     16     1953      0.00146
1969     17     1952      0.00735
1969     18     1951      0.02823
1969     19     1950      0.06835
1969     20     1949      0.10879
1969     21     1948      0.14174
1969     22     1947      0.16555
1969     23     1946      0.17136
1969     24     1945      0.16634
1969     25     1944      0.15420
1969     26     1943      0.13279
1969     27     1942      0.11154
1969     28     1941      0.09971
1969     29     1940      0.09711
1969     30     1939      0.09302
1969     31     1938      0.08290
1969     32     1937      0.07267
1969     33     1936      0.06302
1969     34     1935      0.05387
1969     35     1934      0.04698
1969     36     1933      0.03994
1969     37     1932      0.03199
1969     38     1931      0.02563
1969     39     1930      0.02039
1969     40     1929      0.01540
1969     41     1928      0.01128
1969     42     1927      0.00810
1969     43     1926      0.00551
1969     44     1925      0.00359
1969     45     1924      0.00222
1969     46     1923      0.00136
1969     47     1922      0.00079
1969     48     1921      0.00041
1969     49     1920      0.00020
1969     50     1919      0.00011
1969     51     1918      0.00006
1969     52     1917      0.00004
1969     53     1916      0.00003
1969     54     1915      0.00002
1969     55+    1914-     0.00005
1970     12-    1958+     0.00000
1970     13     1957      0.00000
1970     14     1956      0.00002
1970     15     1955      0.00026
1970     16     1954      0.00174
1970     17     1953      0.00872
1970     18     1952      0.03253
1970     19     1951      0.07754
1970     20     1950      0.11996
1970     21     1949      0.15231
1970     22     1948      0.17638
1970     23     1947      0.18037
1970     24     1946      0.17254
1970     25     1945      0.15867
1970     26     1944      0.13595
1970     27     1943      0.11319
1970     28     1942      0.10059
1970     29     1941      0.09674
1970     30     1940      0.09247
1970     31     1939      0.08215
1970     32     1938      0.07155
1970     33     1937      0.06281
1970     34     1936      0.05504
1970     35     1935      0.04813
1970     36     1934      0.04061
1970     37     1933      0.03287
1970     38     1932      0.02619
1970     39     1931      0.02029
1970     40     1930      0.01533
1970     41     1929      0.01123
1970     42     1928      0.00779
1970     43     1927      0.00502
1970     44     1926      0.00308
1970     45     1925      0.00178
1970     46     1924      0.00103
1970     47     1923      0.00060
1970     48     1922      0.00034
1970     49     1921      0.00019
1970     50     1920      0.00011
1970     51     1919      0.00007
1970     52     1918      0.00004
1970     53     1917      0.00002
1970     54     1916      0.00001
1970     55+    1915-     0.00000
1971     12-    1959+     0.00000
1971     13     1958      0.00000
1971     14     1957      0.00003
1971     15     1956      0.00028
1971     16     1955      0.00181
1971     17     1954      0.00906
1971     18     1953      0.03375
1971     19     1952      0.08034
1971     20     1951      0.12353
1971     21     1950      0.15605
1971     22     1949      0.18063
1971     23     1948      0.18444
1971     24     1947      0.17566
1971     25     1946      0.15843
1971     26     1945      0.13380
1971     27     1944      0.11143
1971     28     1943      0.09840
1971     29     1942      0.09437
1971     30     1941      0.09160
1971     31     1940      0.08247
1971     32     1939      0.07175
1971     33     1938      0.06361
1971     34     1937      0.05687
1971     35     1936      0.04896
1971     36     1935      0.04047
1971     37     1934      0.03297
1971     38     1933      0.02612
1971     39     1932      0.01989
1971     40     1931      0.01539
1971     41     1930      0.01165
1971     42     1929      0.00780
1971     43     1928      0.00478
1971     44     1927      0.00276
1971     45     1926      0.00151
1971     46     1925      0.00084
1971     47     1924      0.00050
1971     48     1923      0.00030
1971     49     1922      0.00018
1971     50     1921      0.00010
1971     51     1920      0.00006
1971     52     1919      0.00004
1971     53     1918      0.00002
1971     54     1917      0.00001
1971     55+    1916-     0.00003
1972     12-    1960+     0.00000
1972     13     1959      0.00000
1972     14     1958      0.00003
1972     15     1957      0.00029
1972     16     1956      0.00194
1972     17     1955      0.00962
1972     18     1954      0.03565
1972     19     1953      0.08407
1972     20     1952      0.12725
1972     21     1951      0.15833
1972     22     1950      0.18138
1972     23     1949      0.18453
1972     24     1948      0.17708
1972     25     1947      0.16008
1972     26     1946      0.13447
1972     27     1945      0.11243
1972     28     1944      0.09894
1972     29     1943      0.09264
1972     30     1942      0.08948
1972     31     1941      0.08018
1972     32     1940      0.06866
1972     33     1939      0.06122
1972     34     1938      0.05594
1972     35     1937      0.04810
1972     36     1936      0.03940
1972     37     1935      0.03237
1972     38     1934      0.02549
1972     39     1933      0.01921
1972     40     1932      0.01522
1972     41     1931      0.01178
1972     42     1930      0.00778
1972     43     1929      0.00471
1972     44     1928      0.00269
1972     45     1927      0.00146
1972     46     1926      0.00081
1972     47     1925      0.00043
1972     48     1924      0.00021
1972     49     1923      0.00009
1972     50     1922      0.00004
1972     51     1921      0.00002
1972     52     1920      0.00001
1972     53     1919      0.00001
1972     54     1918      0.00001
1972     55+    1917-     0.00004
1973     12-    1961+     0.00000
1973     13     1960      0.00000
1973     14     1959      0.00003
1973     15     1958      0.00035
1973     16     1957      0.00223
1973     17     1956      0.01054
1973     18     1955      0.03668
1973     19     1954      0.08291
1973     20     1953      0.12278
1973     21     1952      0.15033
1973     22     1951      0.16998
1973     23     1950      0.17235
1973     24     1949      0.16650
1973     25     1948      0.15175
1973     26     1947      0.12868
1973     27     1946      0.10816
1973     28     1945      0.09506
1973     29     1944      0.08862
1973     30     1943      0.08560
1973     31     1942      0.07714
1973     32     1941      0.06579
1973     33     1940      0.05863
1973     34     1939      0.05388
1973     35     1938      0.04623
1973     36     1937      0.03769
1973     37     1936      0.03103
1973     38     1935      0.02437
1973     39     1934      0.01824
1973     40     1933      0.01470
1973     41     1932      0.01156
1973     42     1931      0.00767
1973     43     1930      0.00471
1973     44     1929      0.00272
1973     45     1928      0.00150
1973     46     1927      0.00083
1973     47     1926      0.00044
1973     48     1925      0.00021
1973     49     1924      0.00009
1973     50     1923      0.00004
1973     51     1922      0.00002
1973     52     1921      0.00001
1973     53     1920      0.00001
1973     54     1919      0.00001
1973     55+    1918-     0.00004
1974     12-    1962+     0.00000
1974     13     1961      0.00000
1974     14     1960      0.00003
1974     15     1959      0.00033
1974     16     1958      0.00219
1974     17     1957      0.01079
1974     18     1956      0.03892
1974     19     1955      0.08905
1974     20     1954      0.13022
1974     21     1953      0.15611
1974     22     1952      0.17374
1974     23     1951      0.17464
1974     24     1950      0.16953
1974     25     1949      0.15598
1974     26     1948      0.13296
1974     27     1947      0.11210
1974     28     1946      0.09776
1974     29     1945      0.08960
1974     30     1944      0.08548
1974     31     1943      0.07628
1974     32     1942      0.06445
1974     33     1941      0.05680
1974     34     1940      0.05159
1974     35     1939      0.04425
1974     36     1938      0.03602
1974     37     1937      0.02949
1974     38     1936      0.02332
1974     39     1935      0.01770
1974     40     1934      0.01429
1974     41     1933      0.01127
1974     42     1932      0.00745
1974     43     1931      0.00449
1974     44     1930      0.00255
1974     45     1929      0.00134
1974     46     1928      0.00072
1974     47     1927      0.00038
1974     48     1926      0.00018
1974     49     1925      0.00008
1974     50     1924      0.00004
1974     51     1923      0.00002
1974     52     1922      0.00001
1974     53     1921      0.00001
1974     54     1920      0.00000
1974     55+    1919-     0.00001
1975     12-    1963+     0.00000
1975     13     1962      0.00000
1975     14     1961      0.00003
1975     15     1960      0.00037
1975     16     1959      0.00244
1975     17     1958      0.01166
1975     18     1957      0.04047
1975     19     1956      0.09041
1975     20     1955      0.13097
1975     21     1954      0.15629
1975     22     1953      0.17316
1975     23     1952      0.17362
1975     24     1951      0.16846
1975     25     1950      0.15586
1975     26     1949      0.13338
1975     27     1948      0.11221
1975     28     1947      0.09783
1975     29     1946      0.08922
1975     30     1945      0.08454
1975     31     1944      0.07519
1975     32     1943      0.06325
1975     33     1942      0.05523
1975     34     1941      0.04921
1975     35     1940      0.04201
1975     36     1939      0.03419
1975     37     1938      0.02794
1975     38     1937      0.02263
1975     39     1936      0.01789
1975     40     1935      0.01427
1975     41     1934      0.01096
1975     42     1933      0.00747
1975     43     1932      0.00457
1975     44     1931      0.00259
1975     45     1930      0.00142
1975     46     1929      0.00077
1975     47     1928      0.00040
1975     48     1927      0.00020
1975     49     1926      0.00009
1975     50     1925      0.00004
1975     51     1924      0.00002
1975     52     1923      0.00001
1975     53     1922      0.00001
1975     54     1921      0.00000
1975     55+    1920-     0.00000
1976     12-    1964+     0.00000
1976     13     1963      0.00000
1976     14     1962      0.00004
1976     15     1961      0.00040
1976     16     1960      0.00262
1976     17     1959      0.01247
1976     18     1958      0.04324
1976     19     1957      0.09574
1976     20     1956      0.13720
1976     21     1955      0.16153
1976     22     1954      0.17611
1976     23     1953      0.17467
1976     24     1952      0.16854
1976     25     1951      0.15684
1976     26     1950      0.13519
1976     27     1949      0.11325
1976     28     1948      0.09792
1976     29     1947      0.08854
1976     30     1946      0.08109
1976     31     1945      0.07024
1976     32     1944      0.05890
1976     33     1943      0.05084
1976     34     1942      0.04493
1976     35     1941      0.03883
1976     36     1940      0.03196
1976     37     1939      0.02612
1976     38     1938      0.02163
1976     39     1937      0.01776
1976     40     1936      0.01385
1976     41     1935      0.01027
1976     42     1934      0.00700
1976     43     1933      0.00421
1976     44     1932      0.00230
1976     45     1931      0.00129
1976     46     1930      0.00074
1976     47     1929      0.00036
1976     48     1928      0.00016
1976     49     1927      0.00007
1976     50     1926      0.00003
1976     51     1925      0.00001
1976     52     1924      0.00001
1976     53     1923      0.00000
1976     54     1922      0.00000
1976     55+    1921-     0.00000
1977     12-    1965+     0.00000
1977     13     1964      0.00000
1977     14     1963      0.00004
1977     15     1962      0.00042
1977     16     1961      0.00273
1977     17     1960      0.01280
1977     18     1959      0.04298
1977     19     1958      0.09307
1977     20     1957      0.13233
1977     21     1956      0.15510
1977     22     1955      0.16805
1977     23     1954      0.16634
1977     24     1953      0.16091
1977     25     1952      0.15087
1977     26     1951      0.13064
1977     27     1950      0.10978
1977     28     1949      0.09576
1977     29     1948      0.08784
1977     30     1947      0.08012
1977     31     1946      0.06868
1977     32     1945      0.05793
1977     33     1944      0.04939
1977     34     1943      0.04211
1977     35     1942      0.03620
1977     36     1941      0.02970
1977     37     1940      0.02380
1977     38     1939      0.01989
1977     39     1938      0.01680
1977     40     1937      0.01283
1977     41     1936      0.00918
1977     42     1935      0.00641
1977     43     1934      0.00396
1977     44     1933      0.00222
1977     45     1932      0.00140
1977     46     1931      0.00085
1977     47     1930      0.00035
1977     48     1929      0.00011
1977     49     1928      0.00003
1977     50     1927      0.00001
1977     51     1926      0.00000
1977     52     1925      0.00000
1977     53     1924      0.00000
1977     54     1923      0.00000
1977     55+    1922-     0.00000
1978     12-    1966+     0.00000
1978     13     1965      0.00000
1978     14     1964      0.00003
1978     15     1963      0.00041
1978     16     1962      0.00290
1978     17     1961      0.01308
1978     18     1960      0.04383
1978     19     1959      0.09735
1978     20     1958      0.14970
1978     21     1957      0.17784
1978     22     1956      0.17553
1978     23     1955      0.16194
1978     24     1954      0.14636
1978     25     1953      0.13198
1978     26     1952      0.12168
1978     27     1951      0.11227
1978     28     1950      0.09954
1978     29     1949      0.09180
1978     30     1948      0.07493
1978     31     1947      0.06485
1978     32     1946      0.05808
1978     33     1945      0.04544
1978     34     1944      0.04030
1978     35     1943      0.03365
1978     36     1942      0.02718
1978     37     1941      0.02296
1978     38     1940      0.01878
1978     39     1939      0.01470
1978     40     1938      0.01078
1978     41     1937      0.00801
1978     42     1936      0.00572
1978     43     1935      0.00392
1978     44     1934      0.00258
1978     45     1933      0.00154
1978     46     1932      0.00078
1978     47     1931      0.00034
1978     48     1930      0.00016
1978     49     1929      0.00007
1978     50     1928      0.00003
1978     51     1927      0.00002
1978     52     1926      0.00000
1978     53     1925      0.00000
1978     54     1924      0.00000
1978     55+    1923-     0.00000
1979     12-    1967+     0.00000
1979     13     1966      0.00000
1979     14     1965      0.00003
1979     15     1964      0.00045
1979     16     1963      0.00335
1979     17     1962      0.01395
1979     18     1961      0.04329
1979     19     1960      0.09885
1979     20     1959      0.15509
1979     21     1958      0.18204
1979     22     1957      0.17724
1979     23     1956      0.16200
1979     24     1955      0.14485
1979     25     1954      0.13145
1979     26     1953      0.11860
1979     27     1952      0.10813
1979     28     1951      0.09854
1979     29     1950      0.08549
1979     30     1949      0.07715
1979     31     1948      0.06419
1979     32     1947      0.05367
1979     33     1946      0.04578
1979     34     1945      0.03649
1979     35     1944      0.03289
1979     36     1943      0.02708
1979     37     1942      0.02114
1979     38     1941      0.01702
1979     39     1940      0.01315
1979     40     1939      0.01018
1979     41     1938      0.00734
1979     42     1937      0.00504
1979     43     1936      0.00338
1979     44     1935      0.00214
1979     45     1934      0.00140
1979     46     1933      0.00073
1979     47     1932      0.00033
1979     48     1931      0.00014
1979     49     1930      0.00006
1979     50     1929      0.00006
1979     51     1928      0.00003
1979     52     1927      0.00000
1979     53     1926      0.00001
1979     54     1925      0.00001
1979     55+    1924-     0.00021
1980     12-    1968+     0.00000
1980     13     1967      0.00000
1980     14     1966      0.00004
1980     15     1965      0.00051
1980     16     1964      0.00351
1980     17     1963      0.01458
1980     18     1962      0.04509
1980     19     1961      0.10213
1980     20     1960      0.15952
1980     21     1959      0.18451
1980     22     1958      0.17990
1980     23     1957      0.16259
1980     24     1956      0.14544
1980     25     1955      0.13228
1980     26     1954      0.11801
1980     27     1953      0.10486
1980     28     1952      0.09418
1980     29     1951      0.08516
1980     30     1950      0.07381
1980     31     1949      0.06472
1980     32     1948      0.05197
1980     33     1947      0.04309
1980     34     1946      0.03746
1980     35     1945      0.03003
1980     36     1944      0.02599
1980     37     1943      0.02085
1980     38     1942      0.01583
1980     39     1941      0.01227
1980     40     1940      0.00960
1980     41     1939      0.00690
1980     42     1938      0.00460
1980     43     1937      0.00307
1980     44     1936      0.00197
1980     45     1935      0.00115
1980     46     1934      0.00065
1980     47     1933      0.00031
1980     48     1932      0.00014
1980     49     1931      0.00007
1980     50     1930      0.00005
1980     51     1929      0.00003
1980     52     1928      0.00001
1980     53     1927      0.00000
1980     54     1926      0.00000
1980     55+    1925-     0.00000
1981     12-    1969+     0.00000
1981     13     1968      0.00000
1981     14     1967      0.00004
1981     15     1966      0.00054
1981     16     1965      0.00355
1981     17     1964      0.01458
1981     18     1963      0.04389
1981     19     1962      0.09564
1981     20     1961      0.14938
1981     21     1960      0.17564
1981     22     1959      0.17264
1981     23     1958      0.15820
1981     24     1957      0.14211
1981     25     1956      0.12812
1981     26     1955      0.11812
1981     27     1954      0.10688
1981     28     1953      0.09392
1981     29     1952      0.08475
1981     30     1951      0.07556
1981     31     1950      0.06303
1981     32     1949      0.05564
1981     33     1948      0.04527
1981     34     1947      0.03682
1981     35     1946      0.03114
1981     36     1945      0.02466
1981     37     1944      0.02148
1981     38     1943      0.01629
1981     39     1942      0.01187
1981     40     1941      0.00923
1981     41     1940      0.00689
1981     42     1939      0.00485
1981     43     1938      0.00312
1981     44     1937      0.00187
1981     45     1936      0.00107
1981     46     1935      0.00058
1981     47     1934      0.00030
1981     48     1933      0.00015
1981     49     1932      0.00009
1981     50     1931      0.00002
1981     51     1930      0.00000
1981     52     1929      0.00000
1981     53     1928      0.00000
1981     54     1927      0.00000
1981     55+    1926-     0.00000
1982     12-    1970+     0.00000
1982     13     1969      0.00000
1982     14     1968      0.00005
1982     15     1967      0.00059
1982     16     1966      0.00387
1982     17     1965      0.01548
1982     18     1964      0.04599
1982     19     1963      0.09904
1982     20     1962      0.15269
1982     21     1961      0.18060
1982     22     1960      0.18010
1982     23     1959      0.16569
1982     24     1958      0.14685
1982     25     1957      0.12979
1982     26     1956      0.11673
1982     27     1955      0.10638
1982     28     1954      0.09463
1982     29     1953      0.08213
1982     30     1952      0.07357
1982     31     1951      0.06415
1982     32     1950      0.05325
1982     33     1949      0.04676
1982     34     1948      0.03700
1982     35     1947      0.03005
1982     36     1946      0.02533
1982     37     1945      0.01958
1982     38     1944      0.01659
1982     39     1943      0.01246
1982     40     1942      0.00889
1982     41     1941      0.00661
1982     42     1940      0.00453
1982     43     1939      0.00294
1982     44     1938      0.00170
1982     45     1937      0.00095
1982     46     1936      0.00052
1982     47     1935      0.00024
1982     48     1934      0.00008
1982     49     1933      0.00004
1982     50     1932      0.00002
1982     51     1931      0.00000
1982     52     1930      0.00000
1982     53     1929      0.00000
1982     54     1928      0.00000
1982     55+    1927-     0.00000
1983     12-    1971+     0.00000
1983     13     1970      0.00000
1983     14     1969      0.00004
1983     15     1968      0.00051
1983     16     1967      0.00379
1983     17     1966      0.01674
1983     18     1965      0.04880
1983     19     1964      0.10313
1983     20     1963      0.15819
1983     21     1962      0.18699
1983     22     1961      0.18933
1983     23     1960      0.17686
1983     24     1959      0.16082
1983     25     1958      0.14648
1983     26     1957      0.13230
1983     27     1956      0.11898
1983     28     1955      0.10767
1983     29     1954      0.09575
1983     30     1953      0.08273
1983     31     1952      0.07195
1983     32     1951      0.06199
1983     33     1950      0.05037
1983     34     1949      0.04326
1983     35     1948      0.03413
1983     36     1947      0.02718
1983     37     1946      0.02196
1983     38     1945      0.01605
1983     39     1944      0.01300
1983     40     1943      0.00950
1983     41     1942      0.00642
1983     42     1941      0.00462
1983     43     1940      0.00300
1983     44     1939      0.00168
1983     45     1938      0.00089
1983     46     1937      0.00047
1983     47     1936      0.00023
1983     48     1935      0.00011
1983     49     1934      0.00004
1983     50     1933      0.00001
1983     51     1932      0.00001
1983     52     1931      0.00000
1983     53     1930      0.00000
1983     54     1929      0.00000
1983     55+    1928-     0.00000
1984     12-    1972+     0.00000
1984     13     1971      0.00000
1984     14     1970      0.00004
1984     15     1969      0.00056
1984     16     1968      0.00415
1984     17     1967      0.01810
1984     18     1966      0.05332
1984     19     1965      0.10783
1984     20     1964      0.16152
1984     21     1963      0.19069
1984     22     1962      0.19124
1984     23     1961      0.17645
1984     24     1960      0.15858
1984     25     1959      0.14374
1984     26     1958      0.12939
1984     27     1957      0.11571
1984     28     1956      0.10294
1984     29     1955      0.09104
1984     30     1954      0.07926
1984     31     1953      0.06731
1984     32     1952      0.05795
1984     33     1951      0.04946
1984     34     1950      0.04068
1984     35     1949      0.03427
1984     36     1948      0.02577
1984     37     1947      0.02032
1984     38     1946      0.01632
1984     39     1945      0.01185
1984     40     1944      0.00948
1984     41     1943      0.00654
1984     42     1942      0.00426
1984     43     1941      0.00272
1984     44     1940      0.00163
1984     45     1939      0.00088
1984     46     1938      0.00037
1984     47     1937      0.00018
1984     48     1936      0.00007
1984     49     1935      0.00003
1984     50     1934      0.00000
1984     51     1933      0.00000
1984     52     1932      0.00000
1984     53     1931      0.00000
1984     54     1930      0.00000
1984     55+    1929-     0.00000
1985     12-    1973+     0.00000
1985     13     1972      0.00000
1985     14     1971      0.00005
1985     15     1970      0.00064
1985     16     1969      0.00446
1985     17     1968      0.01829
1985     18     1967      0.05258
1985     19     1966      0.10914
1985     20     1965      0.15812
1985     21     1964      0.18302
1985     22     1963      0.18524
1985     23     1962      0.17173
1985     24     1961      0.15557
1985     25     1960      0.14062
1985     26     1959      0.12714
1985     27     1958      0.11371
1985     28     1957      0.10009
1985     29     1956      0.08710
1985     30     1955      0.07620
1985     31     1954      0.06524
1985     32     1953      0.05450
1985     33     1952      0.04653
1985     34     1951      0.03940
1985     35     1950      0.03184
1985     36     1949      0.02703
1985     37     1948      0.02020
1985     38     1947      0.01529
1985     39     1946      0.01188
1985     40     1945      0.00866
1985     41     1944      0.00658
1985     42     1943      0.00437
1985     43     1942      0.00269
1985     44     1941      0.00144
1985     45     1940      0.00078
1985     46     1939      0.00041
1985     47     1938      0.00017
1985     48     1937      0.00006
1985     49     1936      0.00002
1985     50     1935      0.00001
1985     51     1934      0.00000
1985     52     1933      0.00000
1985     53     1932      0.00000
1985     54     1931      0.00000
1985     55+    1930-     0.00000
1986     12-    1974+     0.00000
1986     13     1973      0.00000
1986     14     1972      0.00004
1986     15     1971      0.00058
1986     16     1970      0.00449
1986     17     1969      0.01947
1986     18     1968      0.05471
1986     19     1967      0.11142
1986     20     1966      0.16951
1986     21     1965      0.19311
1986     22     1964      0.19063
1986     23     1963      0.17608
1986     24     1962      0.15899
1986     25     1961      0.14635
1986     26     1960      0.13259
1986     27     1959      0.11888
1986     28     1958      0.10571
1986     29     1957      0.09248
1986     30     1956      0.08101
1986     31     1955      0.07060
1986     32     1954      0.06049
1986     33     1953      0.05111
1986     34     1952      0.04287
1986     35     1951      0.03605
1986     36     1950      0.02930
1986     37     1949      0.02393
1986     38     1948      0.01742
1986     39     1947      0.01328
1986     40     1946      0.00995
1986     41     1945      0.00677
1986     42     1944      0.00503
1986     43     1943      0.00309
1986     44     1942      0.00165
1986     45     1941      0.00081
1986     46     1940      0.00038
1986     47     1939      0.00019
1986     48     1938      0.00007
1986     49     1937      0.00002
1986     50     1936      0.00001
1986     51     1935      0.00001
1986     52     1934      0.00000
1986     53     1933      0.00000
1986     54     1932      0.00000
1986     55+    1931-     0.00000
1987     12-    1975+     0.00000
1987     13     1974      0.00000
1987     14     1973      0.00004
1987     15     1972      0.00062
1987     16     1971      0.00479
1987     17     1970      0.01992
1987     18     1969      0.05637
1987     19     1968      0.11438
1987     20     1967      0.16629
1987     21     1966      0.19256
1987     22     1965      0.18803
1987     23     1964      0.17232
1987     24     1963      0.15647
1987     25     1962      0.14220
1987     26     1961      0.12800
1987     27     1960      0.11473
1987     28     1959      0.10204
1987     29     1958      0.08950
1987     30     1957      0.07741
1987     31     1956      0.06613
1987     32     1955      0.05673
1987     33     1954      0.04760
1987     34     1953      0.03943
1987     35     1952      0.03349
1987     36     1951      0.02792
1987     37     1950      0.02215
1987     38     1949      0.01771
1987     39     1948      0.01256
1987     40     1947      0.00913
1987     41     1946      0.00655
1987     42     1945      0.00437
1987     43     1944      0.00332
1987     44     1943      0.00185
1987     45     1942      0.00084
1987     46     1941      0.00040
1987     47     1940      0.00016
1987     48     1939      0.00009
1987     49     1938      0.00005
1987     50     1937      0.00001
1987     51     1936      0.00000
1987     52     1935      0.00000
1987     53     1934      0.00000
1987     54     1933      0.00000
1987     55+    1932-     0.00000
1988     12-    1976+     0.00000
1988     13     1975      0.00000
1988     14     1974      0.00004
1988     15     1973      0.00055
1988     16     1972      0.00439
1988     17     1971      0.01979
1988     18     1970      0.05885
1988     19     1969      0.12192
1988     20     1968      0.17299
1988     21     1967      0.19335
1988     22     1966      0.19210
1988     23     1965      0.17205
1988     24     1964      0.15334
1988     25     1963      0.13908
1988     26     1962      0.12602
1988     27     1961      0.11187
1988     28     1960      0.09766
1988     29     1959      0.08709
1988     30     1958      0.07526
1988     31     1957      0.06382
1988     32     1956      0.05451
1988     33     1955      0.04582
1988     34     1954      0.03878
1988     35     1953      0.03174
1988     36     1952      0.02567
1988     37     1951      0.02107
1988     38     1950      0.01603
1988     39     1949      0.01254
1988     40     1948      0.00867
1988     41     1947      0.00608
1988     42     1946      0.00444
1988     43     1945      0.00266
1988     44     1944      0.00171
1988     45     1943      0.00089
1988     46     1942      0.00037
1988     47     1941      0.00016
1988     48     1940      0.00007
1988     49     1939      0.00004
1988     50     1938      0.00002
1988     51     1937      0.00001
1988     52     1936      0.00001
1988     53     1935      0.00001
1988     54     1934      0.00001
1988     55+    1933-     0.00011
1989     12-    1977+     0.00000
1989     13     1976      0.00000
1989     14     1975      0.00005
1989     15     1974      0.00072
1989     16     1973      0.00515
1989     17     1972      0.02137
1989     18     1971      0.06070
1989     19     1970      0.12133
1989     20     1969      0.17068
1989     21     1968      0.18598
1989     22     1967      0.17970
1989     23     1966      0.16476
1989     24     1965      0.14414
1989     25     1964      0.12801
1989     26     1963      0.11436
1989     27     1962      0.10178
1989     28     1961      0.09014
1989     29     1960      0.07807
1989     30     1959      0.06710
1989     31     1958      0.05818
1989     32     1957      0.04907
1989     33     1956      0.04058
1989     34     1955      0.03442
1989     35     1954      0.02875
1989     36     1953      0.02328
1989     37     1952      0.01865
1989     38     1951      0.01482
1989     39     1950      0.01103
1989     40     1949      0.00819
1989     41     1948      0.00564
1989     42     1947      0.00387
1989     43     1946      0.00267
1989     44     1945      0.00143
1989     45     1944      0.00082
1989     46     1943      0.00038
1989     47     1942      0.00014
1989     48     1941      0.00006
1989     49     1940      0.00003
1989     50     1939      0.00002
1989     51     1938      0.00001
1989     52     1937      0.00000
1989     53     1936      0.00000
1989     54     1935      0.00000
1989     55+    1934-     0.00001
1990     12-    1978+     0.00000
1990     13     1977      0.00000
1990     14     1976      0.00007
1990     15     1975      0.00092
1990     16     1974      0.00635
1990     17     1973      0.02450
1990     18     1972      0.06513
1990     19     1971      0.12445
1990     20     1970      0.17111
1990     21     1969      0.18682
1990     22     1968      0.17416
1990     23     1967      0.15391
1990     24     1966      0.13756
1990     25     1965      0.12045
1990     26     1964      0.10640
1990     27     1963      0.09441
1990     28     1962      0.08236
1990     29     1961      0.07096
1990     30     1960      0.06139
1990     31     1959      0.05271
1990     32     1958      0.04413
1990     33     1957      0.03667
1990     34     1956      0.03041
1990     35     1955      0.02521
1990     36     1954      0.02070
1990     37     1953      0.01634
1990     38     1952      0.01282
1990     39     1951      0.00986
1990     40     1950      0.00711
1990     41     1949      0.00524
1990     42     1948      0.00334
1990     43     1947      0.00213
1990     44     1946      0.00134
1990     45     1945      0.00064
1990     46     1944      0.00032
1990     47     1943      0.00016
1990     48     1942      0.00006
1990     49     1941      0.00002
1990     50     1940      0.00002
1990     51     1939      0.00001
1990     52     1938      0.00000
1990     53     1937      0.00000
1990     54     1936      0.00000
1990     55+    1935-     0.00001
1991     12-    1979+     0.00000
1991     13     1978      0.00000
1991     14     1977      0.00008
1991     15     1976      0.00106
1991     16     1975      0.00717
1991     17     1974      0.02715
1991     18     1973      0.06737
1991     19     1972      0.12208
1991     20     1971      0.16768
1991     21     1970      0.18193
1991     22     1969      0.17084
1991     23     1968      0.14892
1991     24     1967      0.12991
1991     25     1966      0.11569
1991     26     1965      0.10078
1991     27     1964      0.08776
1991     28     1963      0.07694
1991     29     1962      0.06646
1991     30     1961      0.05646
1991     31     1960      0.04780
1991     32     1959      0.04034
1991     33     1958      0.03387
1991     34     1957      0.02813
1991     35     1956      0.02282
1991     36     1955      0.01858
1991     37     1954      0.01528
1991     38     1953      0.01198
1991     39     1952      0.00902
1991     40     1951      0.00673
1991     41     1950      0.00473
1991     42     1949      0.00332
1991     43     1948      0.00210
1991     44     1947      0.00117
1991     45     1946      0.00063
1991     46     1945      0.00029
1991     47     1944      0.00012
1991     48     1943      0.00004
1991     49     1942      0.00002
1991     50     1941      0.00001
1991     51     1940      0.00000
1991     52     1939      0.00000
1991     53     1938      0.00000
1991     54     1937      0.00000
1991     55+    1936-     0.00000
1992     12-    1980+     0.00000
1992     13     1979      0.00000
1992     14     1978      0.00010
1992     15     1977      0.00128
1992     16     1976      0.00787
1992     17     1975      0.02834
1992     18     1974      0.06995
1992     19     1973      0.12140
1992     20     1972      0.15920
1992     21     1971      0.17079
1992     22     1970      0.16016
1992     23     1969      0.14130
1992     24     1968      0.12193
1992     25     1967      0.10695
1992     26     1966      0.09475
1992     27     1965      0.08165
1992     28     1964      0.07074
1992     29     1963      0.06088
1992     30     1962      0.05197
1992     31     1961      0.04339
1992     32     1960      0.03643
1992     33     1959      0.03119
1992     34     1958      0.02591
1992     35     1957      0.02107
1992     36     1956      0.01705
1992     37     1955      0.01350
1992     38     1954      0.01040
1992     39     1953      0.00803
1992     40     1952      0.00609
1992     41     1951      0.00448
1992     42     1950      0.00295
1992     43     1949      0.00187
1992     44     1948      0.00107
1992     45     1947      0.00055
1992     46     1946      0.00033
1992     47     1945      0.00015
1992     48     1944      0.00006
1992     49     1943      0.00002
1992     50     1942      0.00001
1992     51     1941      0.00001
1992     52     1940      0.00000
1992     53     1939      0.00000
1992     54     1938      0.00000
1992     55+    1937-     0.00000
1993     12-    1981+     0.00000
1993     13     1980      0.00000
1993     14     1979      0.00011
1993     15     1978      0.00148
1993     16     1977      0.00849
1993     17     1976      0.02856
1993     18     1975      0.06843
1993     19     1974      0.11559
1993     20     1973      0.14708
1993     21     1972      0.15454
1993     22     1971      0.14540
1993     23     1970      0.12988
1993     24     1969      0.11455
1993     25     1968      0.09978
1993     26     1967      0.08819
1993     27     1966      0.07806
1993     28     1965      0.06700
1993     29     1964      0.05647
1993     30     1963      0.04817
1993     31     1962      0.04130
1993     32     1961      0.03427
1993     33     1960      0.02841
1993     34     1959      0.02377
1993     35     1958      0.01950
1993     36     1957      0.01584
1993     37     1956      0.01268
1993     38     1955      0.00991
1993     39     1954      0.00763
1993     40     1953      0.00563
1993     41     1952      0.00404
1993     42     1951      0.00276
1993     43     1950      0.00164
1993     44     1949      0.00098
1993     45     1948      0.00056
1993     46     1947      0.00028
1993     47     1946      0.00014
1993     48     1945      0.00005
1993     49     1944      0.00001
1993     50     1943      0.00001
1993     51     1942      0.00000
1993     52     1941      0.00000
1993     53     1940      0.00000
1993     54     1939      0.00000
1993     55+    1938-     0.00000
1994     12-    1982+     0.00000
1994     13     1981      0.00000
1994     14     1980      0.00012
1994     15     1979      0.00159
1994     16     1978      0.00912
1994     17     1977      0.02957
1994     18     1976      0.06695
1994     19     1975      0.11002
1994     20     1974      0.14062
1994     21     1973      0.14578
1994     22     1972      0.13368
1994     23     1971      0.11937
1994     24     1970      0.10634
1994     25     1969      0.09435
1994     26     1968      0.08178
1994     27     1967      0.07189
1994     28     1966      0.06318
1994     29     1965      0.05336
1994     30     1964      0.04505
1994     31     1963      0.03819
1994     32     1962      0.03207
1994     33     1961      0.02665
1994     34     1960      0.02202
1994     35     1959      0.01830
1994     36     1958      0.01488
1994     37     1957      0.01167
1994     38     1956      0.00898
1994     39     1955      0.00693
1994     40     1954      0.00535
1994     41     1953      0.00385
1994     42     1952      0.00265
1994     43     1951      0.00167
1994     44     1950      0.00094
1994     45     1949      0.00052
1994     46     1948      0.00025
1994     47     1947      0.00011
1994     48     1946      0.00005
1994     49     1945      0.00001
1994     50     1944      0.00000
1994     51     1943      0.00000
1994     52     1942      0.00001
1994     53     1941      0.00000
1994     54     1940      0.00000
1994     55+    1939-     0.00000
1995     12-    1983+     0.00000
1995     13     1982      0.00001
1995     14     1981      0.00015
1995     15     1980      0.00191
1995     16     1979      0.00994
1995     17     1978      0.02974
1995     18     1977      0.06546
1995     19     1976      0.10517
1995     20     1975      0.13223
1995     21     1974      0.13766
1995     22     1973      0.12699
1995     23     1972      0.11361
1995     24     1971      0.10118
1995     25     1970      0.09026
1995     26     1969      0.07999
1995     27     1968      0.06866
1995     28     1967      0.06003
1995     29     1966      0.05217
1995     30     1965      0.04344
1995     31     1964      0.03592
1995     32     1963      0.02984
1995     33     1962      0.02484
1995     34     1961      0.02027
1995     35     1960      0.01649
1995     36     1959      0.01365
1995     37     1958      0.01095
1995     38     1957      0.00813
1995     39     1956      0.00604
1995     40     1955      0.00456
1995     41     1954      0.00333
1995     42     1953      0.00230
1995     43     1952      0.00145
1995     44     1951      0.00090
1995     45     1950      0.00046
1995     46     1949      0.00021
1995     47     1948      0.00010
1995     48     1947      0.00003
1995     49     1946      0.00000
1995     50     1945      0.00001
1995     51     1944      0.00000
1995     52     1943      0.00000
1995     53     1942      0.00000
1995     54     1941      0.00000
1995     55+    1940-     0.00000
1996     12-    1984+     0.00000
1996     13     1983      0.00000
1996     14     1982      0.00014
1996     15     1981      0.00178
1996     16     1980      0.00925
1996     17     1979      0.02747
1996     18     1978      0.06163
1996     19     1977      0.10047
1996     20     1976      0.12516
1996     21     1975      0.13115
1996     22     1974      0.12284
1996     23     1973      0.10972
1996     24     1972      0.09676
1996     25     1971      0.08565
1996     26     1970      0.07548
1996     27     1969      0.06664
1996     28     1968      0.05732
1996     29     1967      0.04916
1996     30     1966      0.04254
1996     31     1965      0.03512
1996     32     1964      0.02867
1996     33     1963      0.02373
1996     34     1962      0.01937
1996     35     1961      0.01559
1996     36     1960      0.01268
1996     37     1959      0.01026
1996     38     1958      0.00799
1996     39     1957      0.00588
1996     40     1956      0.00435
1996     41     1955      0.00311
1996     42     1954      0.00207
1996     43     1953      0.00134
1996     44     1952      0.00077
1996     45     1951      0.00040
1996     46     1950      0.00017
1996     47     1949      0.00006
1996     48     1948      0.00001
1996     49     1947      0.00000
1996     50     1946      0.00001
1996     51     1945      0.00000
1996     52     1944      0.00000
1996     53     1943      0.00000
1996     54     1942      0.00000
1996     55+    1941-     0.00000
1997     12-    1985+     0.00000
1997     13     1984      0.00000
1997     14     1983      0.00011
1997     15     1982      0.00150
1997     16     1981      0.00826
1997     17     1980      0.02495
1997     18     1979      0.05502
1997     19     1978      0.09054
1997     20     1977      0.11487
1997     21     1976      0.12146
1997     22     1975      0.11635
1997     23     1974      0.10659
1997     24     1973      0.09458
1997     25     1972      0.08280
1997     26     1971      0.07330
1997     27     1970      0.06470
1997     28     1969      0.05653
1997     29     1968      0.04839
1997     30     1967      0.04137
1997     31     1966      0.03511
1997     32     1965      0.02866
1997     33     1964      0.02327
1997     34     1963      0.01894
1997     35     1962      0.01600
1997     36     1961      0.01295
1997     37     1960      0.01002
1997     38     1959      0.00786
1997     39     1958      0.00613
1997     40     1957      0.00447
1997     41     1956      0.00294
1997     42     1955      0.00202
1997     43     1954      0.00128
1997     44     1953      0.00077
1997     45     1952      0.00036
1997     46     1951      0.00013
1997     47     1950      0.00008
1997     48     1949      0.00004
1997     49     1948      0.00001
1997     50     1947      0.00000
1997     51     1946      0.00000
1997     52     1945      0.00000
1997     53     1944      0.00000
1997     54     1943      0.00000
1997     55+    1942-     0.00000
1998     12-    1986+     0.00000
1998     13     1985      0.00000
1998     14     1984      0.00010
1998     15     1983      0.00134
1998     16     1982      0.00738
1998     17     1981      0.02250
1998     18     1980      0.04892
1998     19     1979      0.08164
1998     20     1978      0.10736
1998     21     1977      0.11481
1998     22     1976      0.10954
1998     23     1975      0.10217
1998     24     1974      0.09179
1998     25     1973      0.08008
1998     26     1972      0.07059
1998     27     1971      0.06190
1998     28     1970      0.05399
1998     29     1969      0.04755
1998     30     1968      0.04043
1998     31     1967      0.03395
1998     32     1966      0.02831
1998     33     1965      0.02352
1998     34     1964      0.01911
1998     35     1963      0.01534
1998     36     1962      0.01252
1998     37     1961      0.00971
1998     38     1960      0.00755
1998     39     1959      0.00614
1998     40     1958      0.00463
1998     41     1957      0.00314
1998     42     1956      0.00213
1998     43     1955      0.00133
1998     44     1954      0.00076
1998     45     1953      0.00041
1998     46     1952      0.00018
1998     47     1951      0.00008
1998     48     1950      0.00003
1998     49     1949      0.00001
1998     50     1948      0.00001
1998     51     1947      0.00000
1998     52     1946      0.00000
1998     53     1945      0.00000
1998     54     1944      0.00000
1998     55+    1943-     0.00000
1999     12-    1987+     0.00000
1999     13     1986      0.00000
1999     14     1985      0.00009
1999     15     1984      0.00110
1999     16     1983      0.00590
1999     17     1982      0.01804
1999     18     1981      0.04101
1999     19     1980      0.07054
1999     20     1979      0.09416
1999     21     1978      0.10469
1999     22     1977      0.10256
1999     23     1976      0.09414
1999     24     1975      0.08707
1999     25     1974      0.07874
1999     26     1973      0.06814
1999     27     1972      0.05923
1999     28     1971      0.05242
1999     29     1970      0.04537
1999     30     1969      0.03930
1999     31     1968      0.03323
1999     32     1967      0.02781
1999     33     1966      0.02276
1999     34     1965      0.01859
1999     35     1964      0.01533
1999     36     1963      0.01215
1999     37     1962      0.00966
1999     38     1961      0.00736
1999     39     1960      0.00565
1999     40     1959      0.00433
1999     41     1958      0.00320
1999     42     1957      0.00209
1999     43     1956      0.00132
1999     44     1955      0.00080
1999     45     1954      0.00034
1999     46     1953      0.00015
1999     47     1952      0.00006
1999     48     1951      0.00002
1999     49     1950      0.00001
1999     50     1949      0.00001
1999     51     1948      0.00000
1999     52     1947      0.00000
1999     53     1946      0.00000
1999     54     1945      0.00000
1999     55+    1944-     0.00000
2000     12-    1988+     0.00000
2000     13     1987      0.00000
2000     14     1986      0.00007
2000     15     1985      0.00094
2000     16     1984      0.00525
2000     17     1983      0.01649
2000     18     1982      0.03766
2000     19     1981      0.06486
2000     20     1980      0.08890
2000     21     1979      0.10159
2000     22     1978      0.10149
2000     23     1977      0.09598
2000     24     1976      0.08715
2000     25     1975      0.07859
2000     26     1974      0.06974
2000     27     1973      0.06066
2000     28     1972      0.05304
2000     29     1971      0.04618
2000     30     1970      0.03997
2000     31     1969      0.03416
2000     32     1968      0.02836
2000     33     1967      0.02345
2000     34     1966      0.01895
2000     35     1965      0.01507
2000     36     1964      0.01230
2000     37     1963      0.00971
2000     38     1962      0.00748
2000     39     1961      0.00569
2000     40     1960      0.00415
2000     41     1959      0.00298
2000     42     1958      0.00207
2000     43     1957      0.00133
2000     44     1956      0.00076
2000     45     1955      0.00039
2000     46     1954      0.00018
2000     47     1953      0.00006
2000     48     1952      0.00001
2000     49     1951      0.00001
2000     50     1950      0.00000
2000     51     1949      0.00000
2000     52     1948      0.00000
2000     53     1947      0.00001
2000     54     1946      0.00000
2000     55+    1945-     0.00000
2001     12-    1989+     0.00000
2001     13     1988      0.00000
2001     14     1987      0.00008
2001     15     1986      0.00101
2001     16     1985      0.00501
2001     17     1984      0.01473
2001     18     1983      0.03362
2001     19     1982      0.05852
2001     20     1981      0.08026
2001     21     1980      0.09299
2001     22     1979      0.09594
2001     23     1978      0.09469
2001     24     1977      0.08730
2001     25     1976      0.07726
2001     26     1975      0.07106
2001     27     1974      0.06238
2001     28     1973      0.05313
2001     29     1972      0.04690
2001     30     1971      0.04042
2001     31     1970      0.03473
2001     32     1969      0.02982
2001     33     1968      0.02483
2001     34     1967      0.02012
2001     35     1966      0.01587
2001     36     1965      0.01286
2001     37     1964      0.01015
2001     38     1963      0.00761
2001     39     1962      0.00569
2001     40     1961      0.00413
2001     41     1960      0.00301
2001     42     1959      0.00211
2001     43     1958      0.00129
2001     44     1957      0.00071
2001     45     1956      0.00034
2001     46     1955      0.00018
2001     47     1954      0.00009
2001     48     1953      0.00004
2001     49     1952      0.00001
2001     50     1951      0.00000
2001     51     1950      0.00000
2001     52     1949      0.00000
2001     53     1948      0.00000
2001     54     1947      0.00000
2001     55+    1946-     0.00001
2002     12-    1990+     0.00000
2002     13     1989      0.00000
2002     14     1988      0.00009
2002     15     1987      0.00102
2002     16     1986      0.00500
2002     17     1985      0.01474
2002     18     1984      0.03302
2002     19     1983      0.05662
2002     20     1982      0.07863
2002     21     1981      0.09186
2002     22     1980      0.09509
2002     23     1979      0.09393
2002     24     1978      0.09025
2002     25     1977      0.08316
2002     26     1976      0.07386
2002     27     1975      0.06640
2002     28     1974      0.05868
2002     29     1973      0.05055
2002     30     1972      0.04438
2002     31     1971      0.03832
2002     32     1970      0.03196
2002     33     1969      0.02651
2002     34     1968      0.02171
2002     35     1967      0.01759
2002     36     1966      0.01389
2002     37     1965      0.01076
2002     38     1964      0.00826
2002     39     1963      0.00623
2002     40     1962      0.00459
2002     41     1961      0.00309
2002     42     1960      0.00202
2002     43     1959      0.00128
2002     44     1958      0.00073
2002     45     1957      0.00033
2002     46     1956      0.00016
2002     47     1955      0.00008
2002     48     1954      0.00002
2002     49     1953      0.00001
2002     50     1952      0.00001
2002     51     1951      0.00000
2002     52     1950      0.00000
2002     53     1949      0.00000
2002     54     1948      0.00000
2002     55+    1947-     0.00000
2003     12-    1991+     0.00000
2003     13     1990      0.00000
2003     14     1989      0.00009
2003     15     1988      0.00103
2003     16     1987      0.00514
2003     17     1986      0.01454
2003     18     1985      0.03147
2003     19     1984      0.05481
2003     20     1983      0.07747
2003     21     1982      0.09233
2003     22     1981      0.09588
2003     23     1980      0.09486
2003     24     1979      0.09222
2003     25     1978      0.08737
2003     26     1977      0.07983
2003     27     1976      0.06999
2003     28     1975      0.06197
2003     29     1974      0.05520
2003     30     1973      0.04880
2003     31     1972      0.04205
2003     32     1971      0.03485
2003     33     1970      0.02905
2003     34     1969      0.02418
2003     35     1968      0.01948
2003     36     1967      0.01553
2003     37     1966      0.01212
2003     38     1965      0.00910
2003     39     1964      0.00669
2003     40     1963      0.00490
2003     41     1962      0.00339
2003     42     1961      0.00223
2003     43     1960      0.00136
2003     44     1959      0.00076
2003     45     1958      0.00039
2003     46     1957      0.00018
2003     47     1956      0.00007
2003     48     1955      0.00002
2003     49     1954      0.00001
2003     50     1953      0.00000
2003     51     1952      0.00000
2003     52     1951      0.00000
2003     53     1950      0.00000
2003     54     1949      0.00000
2003     55+    1948-     0.00001
2004     12-    1992+     0.00000
2004     13     1991      0.00000
2004     14     1990      0.00010
2004     15     1989      0.00111
2004     16     1988      0.00535
2004     17     1987      0.01520
2004     18     1986      0.03261
2004     19     1985      0.05466
2004     20     1984      0.07604
2004     21     1983      0.09141
2004     22     1982      0.09820
2004     23     1981      0.09746
2004     24     1980      0.09377
2004     25     1979      0.08983
2004     26     1978      0.08378
2004     27     1977      0.07524
2004     28     1976      0.06592
2004     29     1975      0.05765
2004     30     1974      0.05127
2004     31     1973      0.04485
2004     32     1972      0.03796
2004     33     1971      0.03140
2004     34     1970      0.02618
2004     35     1969      0.02193
2004     36     1968      0.01733
2004     37     1967      0.01349
2004     38     1966      0.01018
2004     39     1965      0.00735
2004     40     1964      0.00547
2004     41     1963      0.00377
2004     42     1962      0.00238
2004     43     1961      0.00148
2004     44     1960      0.00082
2004     45     1959      0.00040
2004     46     1958      0.00019
2004     47     1957      0.00009
2004     48     1956      0.00004
2004     49     1955      0.00002
2004     50     1954      0.00001
2004     51     1953      0.00000
2004     52     1952      0.00000
2004     53     1951      0.00000
2004     54     1950      0.00000
2004     55+    1949-     0.00000
2005     12-    1993+     0.00000
2005     13     1992      0.00000
2005     14     1991      0.00009
2005     15     1990      0.00102
2005     16     1989      0.00503
2005     17     1988      0.01448
2005     18     1987      0.03133
2005     19     1986      0.05220
2005     20     1985      0.07133
2005     21     1984      0.08447
2005     22     1983      0.09074
2005     23     1982      0.09313
2005     24     1981      0.09190
2005     25     1980      0.08822
2005     26     1979      0.08294
2005     27     1978      0.07619
2005     28     1977      0.06833
2005     29     1976      0.06018
2005     30     1975      0.05306
2005     31     1974      0.04741
2005     32     1973      0.04077
2005     33     1972      0.03401
2005     34     1971      0.02833
2005     35     1970      0.02300
2005     36     1969      0.01871
2005     37     1968      0.01449
2005     38     1967      0.01108
2005     39     1966      0.00826
2005     40     1965      0.00583
2005     41     1964      0.00407
2005     42     1963      0.00258
2005     43     1962      0.00161
2005     44     1961      0.00093
2005     45     1960      0.00041
2005     46     1959      0.00020
2005     47     1958      0.00010
2005     48     1957      0.00004
2005     49     1956      0.00002
2005     50     1955      0.00001
2005     51     1954      0.00000
2005     52     1953      0.00000
2005     53     1952      0.00000
2005     54     1951      0.00000
2005     55+    1950-     0.00000
2006     12-    1994+     0.00000
2006     13     1993      0.00000
2006     14     1992      0.00010
2006     15     1991      0.00112
2006     16     1990      0.00517
2006     17     1989      0.01413
2006     18     1988      0.03104
2006     19     1987      0.05373
2006     20     1986      0.07331
2006     21     1985      0.08622
2006     22     1984      0.09324
2006     23     1983      0.09658
2006     24     1982      0.09758
2006     25     1981      0.09514
2006     26     1980      0.08966
2006     27     1979      0.08288
2006     28     1978      0.07659
2006     29     1977      0.06887
2006     30     1976      0.06019
2006     31     1975      0.05280
2006     32     1974      0.04567
2006     33     1973      0.03887
2006     34     1972      0.03255
2006     35     1971      0.02667
2006     36     1970      0.02184
2006     37     1969      0.01709
2006     38     1968      0.01240
2006     39     1967      0.00925
2006     40     1966      0.00657
2006     41     1965      0.00430
2006     42     1964      0.00292
2006     43     1963      0.00178
2006     44     1962      0.00099
2006     45     1961      0.00048
2006     46     1960      0.00021
2006     47     1959      0.00009
2006     48     1958      0.00003
2006     49     1957      0.00002
2006     50     1956      0.00001
2006     51     1955      0.00000
2006     52     1954      0.00001
2006     53     1953      0.00001
2006     54     1952      0.00000
2006     55+    1951-     0.00000
2007     12-    1995+     0.00000
2007     13     1994      0.00000
2007     14     1993      0.00010
2007     15     1992      0.00113
2007     16     1991      0.00557
2007     17     1990      0.01528
2007     18     1989      0.03196
2007     19     1988      0.05426
2007     20     1987      0.07472
2007     21     1986      0.08634
2007     22     1985      0.09207
2007     23     1984      0.09591
2007     24     1983      0.09708
2007     25     1982      0.09695
2007     26     1981      0.09150
2007     27     1980      0.08416
2007     28     1979      0.07762
2007     29     1978      0.07109
2007     30     1977      0.06430
2007     31     1976      0.05613
2007     32     1975      0.04786
2007     33     1974      0.04145
2007     34     1973      0.03493
2007     35     1972      0.02861
2007     36     1971      0.02316
2007     37     1970      0.01825
2007     38     1969      0.01390
2007     39     1968      0.01018
2007     40     1967      0.00733
2007     41     1966      0.00506
2007     42     1965      0.00316
2007     43     1964      0.00196
2007     44     1963      0.00117
2007     45     1962      0.00052
2007     46     1961      0.00020
2007     47     1960      0.00008
2007     48     1959      0.00005
2007     49     1958      0.00003
2007     50     1957      0.00003
2007     51     1956      0.00002
2007     52     1955      0.00000
2007     53     1954      0.00000
2007     54     1953      0.00000
2007     55+    1952-     0.00001
2008     12-    1996+     0.00000
2008     13     1995      0.00001
2008     14     1994      0.00014
2008     15     1993      0.00151
2008     16     1992      0.00636
2008     17     1991      0.01653
2008     18     1990      0.03449
2008     19     1989      0.05648
2008     20     1988      0.07714
2008     21     1987      0.09179
2008     22     1986      0.09770
2008     23     1985      0.10063
2008     24     1984      0.10294
2008     25     1983      0.10274
2008     26     1982      0.09808
2008     27     1981      0.09046
2008     28     1980      0.08382
2008     29     1979      0.07741
2008     30     1978      0.07090
2008     31     1977      0.06288
2008     32     1976      0.05387
2008     33     1975      0.04663
2008     34     1974      0.04002
2008     35     1973      0.03317
2008     36     1972      0.02741
2008     37     1971      0.02154
2008     38     1970      0.01622
2008     39     1969      0.01214
2008     40     1968      0.00844
2008     41     1967      0.00584
2008     42     1966      0.00365
2008     43     1965      0.00208
2008     44     1964      0.00122
2008     45     1963      0.00061
2008     46     1962      0.00028
2008     47     1961      0.00013
2008     48     1960      0.00007
2008     49     1959      0.00004
2008     50     1958      0.00001
2008     51     1957      0.00001
2008     52     1956      0.00000
2008     53     1955      0.00000
2008     54     1954      0.00001
2008     55+    1953-     0.00001
2009     12-    1997+     0.00000
2009     13     1996      0.00000
2009     14     1995      0.00013
2009     15     1994      0.00145
2009     16     1993      0.00636
2009     17     1992      0.01633
2009     18     1991      0.03360
2009     19     1990      0.05468
2009     20     1989      0.07300
2009     21     1988      0.08635
2009     22     1987      0.09523
2009     23     1986      0.09989
2009     24     1985      0.10109
2009     25     1984      0.10097
2009     26     1983      0.09821
2009     27     1982      0.09249
2009     28     1981      0.08563
2009     29     1980      0.07881
2009     30     1979      0.07262
2009     31     1978      0.06642
2009     32     1977      0.05860
2009     33     1976      0.04956
2009     34     1975      0.04210
2009     35     1974      0.03597
2009     36     1973      0.02983
2009     37     1972      0.02372
2009     38     1971      0.01782
2009     39     1970      0.01322
2009     40     1969      0.00971
2009     41     1968      0.00660
2009     42     1967      0.00426
2009     43     1966      0.00253
2009     44     1965      0.00129
2009     45     1964      0.00068
2009     46     1963      0.00035
2009     47     1962      0.00013
2009     48     1961      0.00004
2009     49     1960      0.00002
2009     50     1959      0.00003
2009     51     1958      0.00001
2009     52     1957      0.00000
2009     53     1956      0.00001
2009     54     1955      0.00000
2009     55+    1954-     0.00000
2010     12-    1998+     0.00001
2010     13     1997      0.00005
2010     14     1996      0.00023
2010     15     1995      0.00141
2010     16     1994      0.00561
2010     17     1993      0.01523
2010     18     1992      0.03082
2010     19     1991      0.05022
2010     20     1990      0.06734
2010     21     1989      0.07971
2010     22     1988      0.08880
2010     23     1987      0.09519
2010     24     1986      0.09838
2010     25     1985      0.09852
2010     26     1984      0.09561
2010     27     1983      0.09058
2010     28     1982      0.08585
2010     29     1981      0.07932
2010     30     1980      0.07238
2010     31     1979      0.06638
2010     32     1978      0.05945
2010     33     1977      0.05145
2010     34     1976      0.04331
2010     35     1975      0.03676
2010     36     1974      0.03116
2010     37     1973      0.02459
2010     38     1972      0.01872
2010     39     1971      0.01395
2010     40     1970      0.01013
2010     41     1969      0.00712
2010     42     1968      0.00452
2010     43     1967      0.00267
2010     44     1966      0.00150
2010     45     1965      0.00075
2010     46     1964      0.00032
2010     47     1963      0.00017
2010     48     1962      0.00010
2010     49     1961      0.00005
2010     50     1960      0.00003
2010     51     1959      0.00003
2010     52     1958      0.00002
2010     53     1957      0.00001
2010     54     1956      0.00001
2010     55+    1955-     0.00003
2011     12-    1999+     0.00001
2011     13     1998      0.00008
2011     14     1997      0.00026
2011     15     1996      0.00130
2011     16     1995      0.00549
2011     17     1994      0.01489
2011     18     1993      0.03023
2011     19     1992      0.04957
2011     20     1991      0.06653
2011     21     1990      0.07957
2011     22     1989      0.08782
2011     23     1988      0.09398
2011     24     1987      0.09893
2011     25     1986      0.09961
2011     26     1985      0.09723
2011     27     1984      0.09197
2011     28     1983      0.08609
2011     29     1982      0.08117
2011     30     1981      0.07466
2011     31     1980      0.06811
2011     32     1979      0.06214
2011     33     1978      0.05506
2011     34     1977      0.04688
2011     35     1976      0.03937
2011     36     1975      0.03347
2011     37     1974      0.02721
2011     38     1973      0.02100
2011     39     1972      0.01573
2011     40     1971      0.01120
2011     41     1970      0.00759
2011     42     1969      0.00507
2011     43     1968      0.00301
2011     44     1967      0.00159
2011     45     1966      0.00084
2011     46     1965      0.00038
2011     47     1964      0.00019
2011     48     1963      0.00009
2011     49     1962      0.00005
2011     50     1961      0.00004
2011     51     1960      0.00001
2011     52     1959      0.00001
2011     53     1958      0.00001
2011     54     1957      0.00001
2011     55+    1956-     0.00004
2012     12-    2000+     0.00000
2012     13     1999      0.00005
2012     14     1998      0.00032
2012     15     1997      0.00155
2012     16     1996      0.00569
2012     17     1995      0.01522
2012     18     1994      0.03059
2012     19     1993      0.05062
2012     20     1992      0.06894
2012     21     1991      0.08214
2012     22     1990      0.09084
2012     23     1989      0.09746
2012     24     1988      0.10357
2012     25     1987      0.10605
2012     26     1986      0.10267
2012     27     1985      0.09572
2012     28     1984      0.08983
2012     29     1983      0.08531
2012     30     1982      0.08006
2012     31     1981      0.07259
2012     32     1980      0.06416
2012     33     1979      0.05694
2012     34     1978      0.05052
2012     35     1977      0.04365
2012     36     1976      0.03613
2012     37     1975      0.02875
2012     38     1974      0.02236
2012     39     1973      0.01674
2012     40     1972      0.01206
2012     41     1971      0.00827
2012     42     1970      0.00538
2012     43     1969      0.00320
2012     44     1968      0.00173
2012     45     1967      0.00096
2012     46     1966      0.00046
2012     47     1965      0.00019
2012     48     1964      0.00011
2012     49     1963      0.00007
2012     50     1962      0.00004
2012     51     1961      0.00004
2012     52     1960      0.00002
2012     53     1959      0.00002
2012     54     1958      0.00002
2012     55+    1957-     0.00003
2013     12-    2001+     0.00000
2013     13     2000      0.00005
2013     14     1999      0.00032
2013     15     1998      0.00154
2013     16     1997      0.00587
2013     17     1996      0.01454
2013     18     1995      0.02887
2013     19     1994      0.04810
2013     20     1993      0.06647
2013     21     1992      0.07966
2013     22     1991      0.08851
2013     23     1990      0.09585
2013     24     1989      0.09984
2013     25     1988      0.10296
2013     26     1987      0.10097
2013     27     1986      0.09488
2013     28     1985      0.08923
2013     29     1984      0.08239
2013     30     1983      0.07714
2013     31     1982      0.07232
2013     32     1981      0.06406
2013     33     1980      0.05619
2013     34     1979      0.05020
2013     35     1978      0.04439
2013     36     1977      0.03727
2013     37     1976      0.02969
2013     38     1975      0.02312
2013     39     1974      0.01743
2013     40     1973      0.01246
2013     41     1972      0.00868
2013     42     1971      0.00557
2013     43     1970      0.00330
2013     44     1969      0.00181
2013     45     1968      0.00094
2013     46     1967      0.00048
2013     47     1966      0.00021
2013     48     1965      0.00010
2013     49     1964      0.00006
2013     50     1963      0.00005
2013     51     1962      0.00004
2013     52     1961      0.00002
2013     53     1960      0.00001
2013     54     1959      0.00001
2013     55+    1958-     0.00004
