Ukraine, Period fertility rates by calendar year and age (Lexis squares, age in completed years (ACY))
Last modified: 13/11/2015
Year    Age        ASFR
1959     12-    0.00000
1959     13     0.00000
1959     14     0.00005
1959     15     0.00046
1959     16     0.00221
1959     17     0.01090
1959     18     0.03732
1959     19     0.07460
1959     20     0.11647
1959     21     0.14831
1959     22     0.16629
1959     23     0.17282
1959     24     0.17546
1959     25     0.16780
1959     26     0.14723
1959     27     0.13101
1959     28     0.12128
1959     29     0.11778
1959     30     0.10599
1959     31     0.09131
1959     32     0.08095
1959     33     0.07355
1959     34     0.06769
1959     35     0.05851
1959     36     0.04970
1959     37     0.04085
1959     38     0.03252
1959     39     0.02513
1959     40     0.02057
1959     41     0.01537
1959     42     0.01053
1959     43     0.00679
1959     44     0.00421
1959     45     0.00261
1959     46     0.00174
1959     47     0.00116
1959     48     0.00077
1959     49     0.00051
1959     50     0.00033
1959     51     0.00022
1959     52     0.00016
1959     53     0.00013
1959     54     0.00011
1959     55+    0.00023
1960     12-    0.00000
1960     13     0.00000
1960     14     0.00005
1960     15     0.00042
1960     16     0.00193
1960     17     0.01077
1960     18     0.04069
1960     19     0.08219
1960     20     0.12200
1960     21     0.14795
1960     22     0.15937
1960     23     0.16267
1960     24     0.16732
1960     25     0.16365
1960     26     0.14467
1960     27     0.12938
1960     28     0.11972
1960     29     0.11547
1960     30     0.10497
1960     31     0.09024
1960     32     0.07989
1960     33     0.07255
1960     34     0.06677
1960     35     0.05737
1960     36     0.04853
1960     37     0.04020
1960     38     0.03251
1960     39     0.02556
1960     40     0.02026
1960     41     0.01514
1960     42     0.00997
1960     43     0.00605
1960     44     0.00349
1960     45     0.00221
1960     46     0.00142
1960     47     0.00093
1960     48     0.00062
1960     49     0.00042
1960     50     0.00026
1960     51     0.00017
1960     52     0.00013
1960     53     0.00010
1960     54     0.00009
1960     55+    0.00020
1961     12-    0.00000
1961     13     0.00000
1961     14     0.00005
1961     15     0.00042
1961     16     0.00208
1961     17     0.01182
1961     18     0.04508
1961     19     0.09016
1961     20     0.12444
1961     21     0.14755
1961     22     0.15589
1961     23     0.15725
1961     24     0.16140
1961     25     0.15534
1961     26     0.13656
1961     27     0.12163
1961     28     0.11211
1961     29     0.10761
1961     30     0.10050
1961     31     0.08643
1961     32     0.07574
1961     33     0.06743
1961     34     0.06051
1961     35     0.05029
1961     36     0.04154
1961     37     0.03469
1961     38     0.02890
1961     39     0.02367
1961     40     0.01912
1961     41     0.01447
1961     42     0.00932
1961     43     0.00544
1961     44     0.00298
1961     45     0.00197
1961     46     0.00123
1961     47     0.00077
1961     48     0.00048
1961     49     0.00030
1961     50     0.00017
1961     51     0.00011
1961     52     0.00008
1961     53     0.00006
1961     54     0.00005
1961     55+    0.00012
1962     12-    0.00000
1962     13     0.00000
1962     14     0.00004
1962     15     0.00039
1962     16     0.00226
1962     17     0.01246
1962     18     0.04645
1962     19     0.09316
1962     20     0.11597
1962     21     0.13963
1962     22     0.14997
1962     23     0.15388
1962     24     0.16056
1962     25     0.15617
1962     26     0.13910
1962     27     0.12433
1962     28     0.11377
1962     29     0.10736
1962     30     0.10132
1962     31     0.08619
1962     32     0.07480
1962     33     0.06611
1962     34     0.05907
1962     35     0.04835
1962     36     0.03951
1962     37     0.03337
1962     38     0.02856
1962     39     0.02416
1962     40     0.02055
1962     41     0.01569
1962     42     0.00959
1962     43     0.00516
1962     44     0.00257
1962     45     0.00168
1962     46     0.00105
1962     47     0.00066
1962     48     0.00041
1962     49     0.00026
1962     50     0.00013
1962     51     0.00008
1962     52     0.00007
1962     53     0.00007
1962     54     0.00007
1962     55+    0.00025
1963     12-    0.00000
1963     13     0.00000
1963     14     0.00005
1963     15     0.00045
1963     16     0.00277
1963     17     0.01402
1963     18     0.04872
1963     19     0.09710
1963     20     0.11375
1963     21     0.14169
1963     22     0.15566
1963     23     0.15970
1963     24     0.16179
1963     25     0.15261
1963     26     0.13304
1963     27     0.11726
1963     28     0.10696
1963     29     0.10171
1963     30     0.09792
1963     31     0.08347
1963     32     0.07254
1963     33     0.06414
1963     34     0.05727
1963     35     0.04692
1963     36     0.03852
1963     37     0.03232
1963     38     0.02728
1963     39     0.02273
1963     40     0.01828
1963     41     0.01396
1963     42     0.00915
1963     43     0.00543
1963     44     0.00304
1963     45     0.00211
1963     46     0.00129
1963     47     0.00076
1963     48     0.00043
1963     49     0.00024
1963     50     0.00012
1963     51     0.00008
1963     52     0.00005
1963     53     0.00004
1963     54     0.00003
1963     55+    0.00009
1964     12-    0.00000
1964     13     0.00000
1964     14     0.00005
1964     15     0.00045
1964     16     0.00297
1964     17     0.01371
1964     18     0.04447
1964     19     0.08839
1964     20     0.10354
1964     21     0.13417
1964     22     0.15213
1964     23     0.15812
1964     24     0.15818
1964     25     0.14910
1964     26     0.12881
1964     27     0.11281
1964     28     0.10276
1964     29     0.09814
1964     30     0.09401
1964     31     0.08025
1964     32     0.06955
1964     33     0.06110
1964     34     0.05408
1964     35     0.04401
1964     36     0.03596
1964     37     0.03007
1964     38     0.02536
1964     39     0.02117
1964     40     0.01691
1964     41     0.01303
1964     42     0.00851
1964     43     0.00501
1964     44     0.00277
1964     45     0.00186
1964     46     0.00122
1964     47     0.00071
1964     48     0.00038
1964     49     0.00016
1964     50     0.00006
1964     51     0.00003
1964     52     0.00002
1964     53     0.00003
1964     54     0.00005
1964     55+    0.00049
1965     12-    0.00000
1965     13     0.00000
1965     14     0.00005
1965     15     0.00042
1965     16     0.00279
1965     17     0.01303
1965     18     0.04263
1965     19     0.08479
1965     20     0.10157
1965     21     0.13153
1965     22     0.14850
1965     23     0.15282
1965     24     0.15037
1965     25     0.14043
1965     26     0.11966
1965     27     0.10474
1965     28     0.09696
1965     29     0.09542
1965     30     0.09101
1965     31     0.07938
1965     32     0.06944
1965     33     0.06082
1965     34     0.05312
1965     35     0.04377
1965     36     0.03555
1965     37     0.02948
1965     38     0.02462
1965     39     0.02035
1965     40     0.01556
1965     41     0.01179
1965     42     0.00815
1965     43     0.00524
1965     44     0.00319
1965     45     0.00202
1965     46     0.00119
1965     47     0.00059
1965     48     0.00027
1965     49     0.00012
1965     50     0.00006
1965     51     0.00004
1965     52     0.00002
1965     53     0.00002
1965     54     0.00001
1965     55+    0.00003
1966     12-    0.00000
1966     13     0.00000
1966     14     0.00005
1966     15     0.00047
1966     16     0.00294
1966     17     0.01372
1966     18     0.04471
1966     19     0.08819
1966     20     0.11069
1966     21     0.14205
1966     22     0.15918
1966     23     0.16297
1966     24     0.16004
1966     25     0.14799
1966     26     0.12550
1966     27     0.11005
1966     28     0.10284
1966     29     0.10269
1966     30     0.09586
1966     31     0.08458
1966     32     0.07392
1966     33     0.06397
1966     34     0.05473
1966     35     0.04625
1966     36     0.03720
1966     37     0.03033
1966     38     0.02480
1966     39     0.02009
1966     40     0.01495
1966     41     0.01119
1966     42     0.00804
1966     43     0.00553
1966     44     0.00364
1966     45     0.00233
1966     46     0.00139
1966     47     0.00070
1966     48     0.00032
1966     49     0.00014
1966     50     0.00008
1966     51     0.00004
1966     52     0.00002
1966     53     0.00001
1966     54     0.00000
1966     55+    0.00001
1967     12-    0.00000
1967     13     0.00000
1967     14     0.00005
1967     15     0.00045
1967     16     0.00278
1967     17     0.01356
1967     18     0.04573
1967     19     0.09094
1967     20     0.11846
1967     21     0.15053
1967     22     0.16640
1967     23     0.16760
1967     24     0.16167
1967     25     0.14533
1967     26     0.12126
1967     27     0.10578
1967     28     0.09964
1967     29     0.10128
1967     30     0.09346
1967     31     0.08352
1967     32     0.07316
1967     33     0.06284
1967     34     0.05295
1967     35     0.04600
1967     36     0.03665
1967     37     0.02959
1967     38     0.02396
1967     39     0.01921
1967     40     0.01425
1967     41     0.01059
1967     42     0.00740
1967     43     0.00491
1967     44     0.00312
1967     45     0.00189
1967     46     0.00115
1967     47     0.00065
1967     48     0.00035
1967     49     0.00018
1967     50     0.00014
1967     51     0.00007
1967     52     0.00003
1967     53     0.00001
1967     54     0.00000
1967     55+    0.00001
1968     12-    0.00000
1968     13     0.00000
1968     14     0.00006
1968     15     0.00051
1968     16     0.00301
1968     17     0.01472
1968     18     0.04934
1968     19     0.09576
1968     20     0.12646
1968     21     0.15565
1968     22     0.16741
1968     23     0.16559
1968     24     0.15878
1968     25     0.14406
1968     26     0.11953
1968     27     0.10403
1968     28     0.09797
1968     29     0.09956
1968     30     0.09054
1968     31     0.08104
1968     32     0.07081
1968     33     0.06048
1968     34     0.05056
1968     35     0.04431
1968     36     0.03508
1968     37     0.02835
1968     38     0.02310
1968     39     0.01867
1968     40     0.01386
1968     41     0.01028
1968     42     0.00714
1968     43     0.00467
1968     44     0.00292
1968     45     0.00172
1968     46     0.00101
1968     47     0.00051
1968     48     0.00024
1968     49     0.00011
1968     50     0.00007
1968     51     0.00004
1968     52     0.00002
1968     53     0.00001
1968     54     0.00001
1968     55+    0.00001
1969     12-    0.00000
1969     13     0.00000
1969     14     0.00006
1969     15     0.00053
1969     16     0.00300
1969     17     0.01417
1969     18     0.04639
1969     19     0.09057
1969     20     0.12486
1969     21     0.15678
1969     22     0.17106
1969     23     0.16992
1969     24     0.16151
1969     25     0.14537
1969     26     0.12014
1969     27     0.10379
1969     28     0.09671
1969     29     0.09715
1969     30     0.08797
1969     31     0.07770
1969     32     0.06786
1969     33     0.05855
1969     34     0.04981
1969     35     0.04423
1969     36     0.03552
1969     37     0.02854
1969     38     0.02278
1969     39     0.01792
1969     40     0.01305
1969     41     0.00962
1969     42     0.00669
1969     43     0.00444
1969     44     0.00283
1969     45     0.00170
1969     46     0.00106
1969     47     0.00057
1969     48     0.00029
1969     49     0.00014
1969     50     0.00008
1969     51     0.00005
1969     52     0.00003
1969     53     0.00002
1969     54     0.00002
1969     55+    0.00005
1970     12-    0.00000
1970     13     0.00000
1970     14     0.00007
1970     15     0.00063
1970     16     0.00357
1970     17     0.01654
1970     18     0.05297
1970     19     0.10177
1970     20     0.13552
1970     21     0.16809
1970     22     0.18108
1970     23     0.17765
1970     24     0.16683
1970     25     0.14934
1970     26     0.12269
1970     27     0.10519
1970     28     0.09699
1970     29     0.09623
1970     30     0.08769
1970     31     0.07635
1970     32     0.06696
1970     33     0.05889
1970     34     0.05156
1970     35     0.04479
1970     36     0.03656
1970     37     0.02933
1970     38     0.02302
1970     39     0.01760
1970     40     0.01309
1970     41     0.00942
1970     42     0.00626
1970     43     0.00392
1970     44     0.00235
1970     45     0.00131
1970     46     0.00079
1970     47     0.00046
1970     48     0.00025
1970     49     0.00014
1970     50     0.00009
1970     51     0.00005
1970     52     0.00003
1970     53     0.00001
1970     54     0.00001
1970     55+    0.00000
1971     12-    0.00000
1971     13     0.00000
1971     14     0.00007
1971     15     0.00065
1971     16     0.00373
1971     17     0.01719
1971     18     0.05485
1971     19     0.10538
1971     20     0.13880
1971     21     0.17236
1971     22     0.18551
1971     23     0.18123
1971     24     0.16884
1971     25     0.14774
1971     26     0.12092
1971     27     0.10327
1971     28     0.09487
1971     29     0.09387
1971     30     0.08824
1971     31     0.07638
1971     32     0.06733
1971     33     0.06005
1971     34     0.05357
1971     35     0.04456
1971     36     0.03678
1971     37     0.02946
1971     38     0.02285
1971     39     0.01713
1971     40     0.01362
1971     41     0.00962
1971     42     0.00611
1971     43     0.00361
1971     44     0.00204
1971     45     0.00109
1971     46     0.00065
1971     47     0.00038
1971     48     0.00023
1971     49     0.00013
1971     50     0.00008
1971     51     0.00005
1971     52     0.00003
1971     53     0.00001
1971     54     0.00001
1971     55+    0.00002
1972     12-    0.00000
1972     13     0.00000
1972     14     0.00008
1972     15     0.00069
1972     16     0.00399
1972     17     0.01826
1972     18     0.05767
1972     19     0.10956
1972     20     0.14176
1972     21     0.17383
1972     22     0.18569
1972     23     0.18160
1972     24     0.17113
1972     25     0.14807
1972     26     0.12233
1972     27     0.10440
1972     28     0.09452
1972     29     0.09113
1972     30     0.08657
1972     31     0.07334
1972     32     0.06443
1972     33     0.05821
1972     34     0.05317
1972     35     0.04313
1972     36     0.03607
1972     37     0.02896
1972     38     0.02232
1972     39     0.01651
1972     40     0.01383
1972     41     0.00961
1972     42     0.00604
1972     43     0.00354
1972     44     0.00197
1972     45     0.00106
1972     46     0.00060
1972     47     0.00030
1972     48     0.00014
1972     49     0.00006
1972     50     0.00003
1972     51     0.00002
1972     52     0.00001
1972     53     0.00001
1972     54     0.00001
1972     55+    0.00004
1973     12-    0.00000
1973     13     0.00001
1973     14     0.00009
1973     15     0.00082
1973     16     0.00453
1973     17     0.01952
1973     18     0.05823
1973     19     0.10656
1973     20     0.13583
1973     21     0.16372
1973     22     0.17339
1973     23     0.16981
1973     24     0.16183
1973     25     0.14075
1973     26     0.11738
1973     27     0.10062
1973     28     0.09086
1973     29     0.08680
1973     30     0.08335
1973     31     0.07025
1973     32     0.06165
1973     33     0.05585
1973     34     0.05130
1973     35     0.04112
1973     36     0.03454
1973     37     0.02774
1973     38     0.02134
1973     39     0.01574
1973     40     0.01357
1973     41     0.00945
1973     42     0.00598
1973     43     0.00354
1973     44     0.00200
1973     45     0.00108
1973     46     0.00061
1973     47     0.00030
1973     48     0.00014
1973     49     0.00006
1973     50     0.00003
1973     51     0.00002
1973     52     0.00001
1973     53     0.00001
1973     54     0.00001
1973     55+    0.00004
1974     12-    0.00000
1974     13     0.00001
1974     14     0.00009
1974     15     0.00078
1974     16     0.00453
1974     17     0.02027
1974     18     0.06228
1974     19     0.11438
1974     20     0.14239
1974     21     0.16861
1974     22     0.17618
1974     23     0.17198
1974     24     0.16561
1974     25     0.14517
1974     26     0.12152
1974     27     0.10395
1974     28     0.09288
1974     29     0.08708
1974     30     0.08304
1974     31     0.06916
1974     32     0.05998
1974     33     0.05376
1974     34     0.04892
1974     35     0.03943
1974     36     0.03275
1974     37     0.02638
1974     38     0.02054
1974     39     0.01540
1974     40     0.01321
1974     41     0.00922
1974     42     0.00577
1974     43     0.00334
1974     44     0.00184
1974     45     0.00094
1974     46     0.00052
1974     47     0.00026
1974     48     0.00012
1974     49     0.00005
1974     50     0.00002
1974     51     0.00001
1974     52     0.00001
1974     53     0.00001
1974     54     0.00000
1974     55+    0.00001
1975     12-    0.00000
1975     13     0.00001
1975     14     0.00010
1975     15     0.00088
1975     16     0.00501
1975     17     0.02157
1975     18     0.06393
1975     19     0.11526
1975     20     0.14303
1975     21     0.16834
1975     22     0.17527
1975     23     0.17092
1975     24     0.16470
1975     25     0.14547
1975     26     0.12175
1975     27     0.10404
1975     28     0.09270
1975     29     0.08649
1975     30     0.08184
1975     31     0.06825
1975     32     0.05870
1975     33     0.05178
1975     34     0.04623
1975     35     0.03766
1975     36     0.03083
1975     37     0.02516
1975     38     0.02024
1975     39     0.01585
1975     40     0.01282
1975     41     0.00919
1975     42     0.00584
1975     43     0.00341
1975     44     0.00187
1975     45     0.00102
1975     46     0.00056
1975     47     0.00028
1975     48     0.00013
1975     49     0.00006
1975     50     0.00003
1975     51     0.00001
1975     52     0.00001
1975     53     0.00000
1975     54     0.00000
1975     55+    0.00000
1976     12-    0.00000
1976     13     0.00001
1976     14     0.00010
1976     15     0.00094
1976     16     0.00538
1976     17     0.02314
1976     18     0.06814
1976     19     0.12135
1976     20     0.14907
1976     21     0.17254
1976     22     0.17715
1976     23     0.17131
1976     24     0.16478
1976     25     0.14736
1976     26     0.12303
1976     27     0.10461
1976     28     0.09237
1976     29     0.08508
1976     30     0.07694
1976     31     0.06379
1976     32     0.05441
1976     33     0.04752
1976     34     0.04203
1976     35     0.03537
1976     36     0.02865
1976     37     0.02370
1976     38     0.01963
1976     39     0.01592
1976     40     0.01195
1976     41     0.00871
1976     42     0.00547
1976     43     0.00309
1976     44     0.00163
1976     45     0.00099
1976     46     0.00052
1976     47     0.00024
1976     48     0.00010
1976     49     0.00004
1976     50     0.00002
1976     51     0.00001
1976     52     0.00001
1976     53     0.00000
1976     54     0.00000
1976     55+    0.00000
1977     12-    0.00000
1977     13     0.00001
1977     14     0.00011
1977     15     0.00099
1977     16     0.00560
1977     17     0.02341
1977     18     0.06706
1977     19     0.11720
1977     20     0.14369
1977     21     0.16498
1977     22     0.16873
1977     23     0.16326
1977     24     0.15774
1977     25     0.14241
1977     26     0.11890
1977     27     0.10167
1977     28     0.09083
1977     29     0.08494
1977     30     0.07489
1977     31     0.06300
1977     32     0.05341
1977     33     0.04552
1977     34     0.03882
1977     35     0.03320
1977     36     0.02620
1977     37     0.02162
1977     38     0.01821
1977     39     0.01518
1977     40     0.01065
1977     41     0.00787
1977     42     0.00511
1977     43     0.00299
1977     44     0.00162
1977     45     0.00116
1977     46     0.00054
1977     47     0.00019
1977     48     0.00006
1977     49     0.00002
1977     50     0.00001
1977     51     0.00000
1977     52     0.00000
1977     53     0.00000
1977     54     0.00000
1977     55+    0.00000
1978     12-    0.00000
1978     13     0.00001
1978     14     0.00010
1978     15     0.00103
1978     16     0.00594
1978     17     0.02352
1978     18     0.06927
1978     19     0.12455
1978     20     0.17079
1978     21     0.17934
1978     22     0.16984
1978     23     0.15377
1978     24     0.13922
1978     25     0.12541
1978     26     0.11803
1978     27     0.10610
1978     28     0.09362
1978     29     0.08859
1978     30     0.06366
1978     31     0.06624
1978     32     0.04992
1978     33     0.04216
1978     34     0.03813
1978     35     0.02929
1978     36     0.02511
1978     37     0.02072
1978     38     0.01677
1978     39     0.01261
1978     40     0.00914
1978     41     0.00695
1978     42     0.00466
1978     43     0.00327
1978     44     0.00198
1978     45     0.00113
1978     46     0.00049
1978     47     0.00022
1978     48     0.00011
1978     49     0.00004
1978     50     0.00003
1978     51     0.00001
1978     52     0.00000
1978     53     0.00000
1978     54     0.00000
1978     55+    0.00000
1979     12-    0.00000
1979     13     0.00001
1979     14     0.00010
1979     15     0.00114
1979     16     0.00692
1979     17     0.02361
1979     18     0.06911
1979     19     0.12871
1979     20     0.17630
1979     21     0.18208
1979     22     0.17072
1979     23     0.15319
1979     24     0.13719
1979     25     0.12590
1979     26     0.11188
1979     27     0.10440
1979     28     0.09228
1979     29     0.07937
1979     30     0.07408
1979     31     0.05495
1979     32     0.05247
1979     33     0.03956
1979     34     0.03432
1979     35     0.03105
1979     36     0.02318
1979     37     0.01910
1979     38     0.01490
1979     39     0.01148
1979     40     0.00882
1979     41     0.00595
1979     42     0.00422
1979     43     0.00266
1979     44     0.00171
1979     45     0.00110
1979     46     0.00044
1979     47     0.00023
1979     48     0.00007
1979     49     0.00005
1979     50     0.00006
1979     51     0.00000
1979     52     0.00000
1979     53     0.00001
1979     54     0.00000
1979     55+    0.00021
1980     12-    0.00000
1980     13     0.00001
1980     14     0.00012
1980     15     0.00127
1980     16     0.00709
1980     17     0.02516
1980     18     0.07062
1980     19     0.13434
1980     20     0.17873
1980     21     0.18487
1980     22     0.17295
1980     23     0.15247
1980     24     0.13906
1980     25     0.12544
1980     26     0.11086
1980     27     0.09929
1980     28     0.08933
1980     29     0.08061
1980     30     0.06741
1980     31     0.06137
1980     32     0.04379
1980     33     0.04258
1980     34     0.03260
1980     35     0.02799
1980     36     0.02378
1980     37     0.01795
1980     38     0.01377
1980     39     0.01081
1980     40     0.00832
1980     41     0.00554
1980     42     0.00375
1980     43     0.00247
1980     44     0.00154
1980     45     0.00084
1980     46     0.00048
1980     47     0.00019
1980     48     0.00010
1980     49     0.00005
1980     50     0.00004
1980     51     0.00001
1980     52     0.00000
1980     53     0.00000
1980     54     0.00000
1980     55+    0.00000
1981     12-    0.00000
1981     13     0.00001
1981     14     0.00013
1981     15     0.00134
1981     16     0.00701
1981     17     0.02538
1981     18     0.06718
1981     19     0.12505
1981     20     0.16878
1981     21     0.17732
1981     22     0.16608
1981     23     0.15017
1981     24     0.13457
1981     25     0.12237
1981     26     0.11370
1981     27     0.09997
1981     28     0.08848
1981     29     0.08094
1981     30     0.06975
1981     31     0.05712
1981     32     0.05357
1981     33     0.03792
1981     34     0.03587
1981     35     0.02678
1981     36     0.02303
1981     37     0.01957
1981     38     0.01325
1981     39     0.01055
1981     40     0.00791
1981     41     0.00586
1981     42     0.00387
1981     43     0.00243
1981     44     0.00140
1981     45     0.00080
1981     46     0.00041
1981     47     0.00021
1981     48     0.00011
1981     49     0.00006
1981     50     0.00000
1981     51     0.00000
1981     52     0.00000
1981     53     0.00000
1981     54     0.00000
1981     55+    0.00000
1982     12-    0.00000
1982     13     0.00001
1982     14     0.00014
1982     15     0.00145
1982     16     0.00756
1982     17     0.02658
1982     18     0.07060
1982     19     0.12848
1982     20     0.17250
1982     21     0.18364
1982     22     0.17423
1982     23     0.15642
1982     24     0.13758
1982     25     0.12268
1982     26     0.11123
1982     27     0.10129
1982     28     0.08800
1982     29     0.07685
1982     30     0.07009
1982     31     0.05816
1982     32     0.04893
1982     33     0.04406
1982     34     0.03092
1982     35     0.02928
1982     36     0.02165
1982     37     0.01795
1982     38     0.01499
1982     39     0.01009
1982     40     0.00772
1982     41     0.00549
1982     42     0.00364
1982     43     0.00228
1982     44     0.00121
1982     45     0.00073
1982     46     0.00035
1982     47     0.00015
1982     48     0.00004
1982     49     0.00003
1982     50     0.00001
1982     51     0.00000
1982     52     0.00000
1982     53     0.00000
1982     54     0.00000
1982     55+    0.00000
1983     12-    0.00000
1983     13     0.00001
1983     14     0.00011
1983     15     0.00126
1983     16     0.00788
1983     17     0.02894
1983     18     0.07319
1983     19     0.13428
1983     20     0.17740
1983     21     0.19199
1983     22     0.18416
1983     23     0.16899
1983     24     0.15293
1983     25     0.14007
1983     26     0.12477
1983     27     0.11347
1983     28     0.10176
1983     29     0.08960
1983     30     0.07628
1983     31     0.06762
1983     32     0.05621
1983     33     0.04524
1983     34     0.04086
1983     35     0.02828
1983     36     0.02608
1983     37     0.01819
1983     38     0.01437
1983     39     0.01151
1983     40     0.00760
1983     41     0.00533
1983     42     0.00385
1983     43     0.00221
1983     44     0.00122
1983     45     0.00062
1983     46     0.00034
1983     47     0.00015
1983     48     0.00007
1983     49     0.00002
1983     50     0.00000
1983     51     0.00001
1983     52     0.00000
1983     53     0.00000
1983     54     0.00000
1983     55+    0.00000
1984     12-    0.00000
1984     13     0.00001
1984     14     0.00012
1984     15     0.00140
1984     16     0.00833
1984     17     0.03163
1984     18     0.07898
1984     19     0.13704
1984     20     0.18226
1984     21     0.19420
1984     22     0.18576
1984     23     0.16669
1984     24     0.15092
1984     25     0.13671
1984     26     0.12223
1984     27     0.10937
1984     28     0.09672
1984     29     0.08537
1984     30     0.07320
1984     31     0.06188
1984     32     0.05409
1984     33     0.04486
1984     34     0.03682
1984     35     0.03138
1984     36     0.02107
1984     37     0.01958
1984     38     0.01336
1984     39     0.01065
1984     40     0.00819
1984     41     0.00505
1984     42     0.00347
1984     43     0.00203
1984     44     0.00125
1984     45     0.00056
1984     46     0.00024
1984     47     0.00013
1984     48     0.00003
1984     49     0.00002
1984     50     0.00000
1984     51     0.00000
1984     52     0.00000
1984     53     0.00000
1984     54     0.00000
1984     55+    0.00000
1985     12-    0.00000
1985     13     0.00001
1985     14     0.00014
1985     15     0.00154
1985     16     0.00877
1985     17     0.03067
1985     18     0.07937
1985     19     0.13797
1985     20     0.17362
1985     21     0.18873
1985     22     0.17915
1985     23     0.16382
1985     24     0.14754
1985     25     0.13392
1985     26     0.12043
1985     27     0.10699
1985     28     0.09336
1985     29     0.08121
1985     30     0.07116
1985     31     0.05945
1985     32     0.05000
1985     33     0.04315
1985     34     0.03564
1985     35     0.02847
1985     36     0.02517
1985     37     0.01599
1985     38     0.01461
1985     39     0.00949
1985     40     0.00791
1985     41     0.00527
1985     42     0.00350
1985     43     0.00192
1985     44     0.00102
1985     45     0.00057
1985     46     0.00027
1985     47     0.00009
1985     48     0.00003
1985     49     0.00002
1985     50     0.00001
1985     51     0.00000
1985     52     0.00000
1985     53     0.00000
1985     54     0.00000
1985     55+    0.00000
1986     12-    0.00000
1986     13     0.00001
1986     14     0.00012
1986     15     0.00144
1986     16     0.00901
1986     17     0.03274
1986     18     0.07959
1986     19     0.14449
1986     20     0.18848
1986     21     0.19288
1986     22     0.18633
1986     23     0.16542
1986     24     0.15309
1986     25     0.13946
1986     26     0.12570
1986     27     0.11217
1986     28     0.09927
1986     29     0.08603
1986     30     0.07615
1986     31     0.06515
1986     32     0.05593
1986     33     0.04653
1986     34     0.03938
1986     35     0.03275
1986     36     0.02607
1986     37     0.02157
1986     38     0.01399
1986     39     0.01251
1986     40     0.00771
1986     41     0.00599
1986     42     0.00403
1986     43     0.00222
1986     44     0.00113
1986     45     0.00054
1986     46     0.00025
1986     47     0.00013
1986     48     0.00003
1986     49     0.00001
1986     50     0.00001
1986     51     0.00001
1986     52     0.00000
1986     53     0.00000
1986     54     0.00000
1986     55+    0.00000
1987     12-    0.00000
1987     13     0.00001
1987     14     0.00013
1987     15     0.00153
1987     16     0.00968
1987     17     0.03229
1987     18     0.08399
1987     19     0.14176
1987     20     0.18624
1987     21     0.19348
1987     22     0.18062
1987     23     0.16384
1987     24     0.14922
1987     25     0.13515
1987     26     0.12096
1987     27     0.10856
1987     28     0.09559
1987     29     0.08349
1987     30     0.07151
1987     31     0.06108
1987     32     0.05240
1987     33     0.04304
1987     34     0.03617
1987     35     0.03084
1987     36     0.02500
1987     37     0.01950
1987     38     0.01577
1987     39     0.00990
1987     40     0.00837
1987     41     0.00501
1987     42     0.00387
1987     43     0.00266
1987     44     0.00116
1987     45     0.00057
1987     46     0.00025
1987     47     0.00010
1987     48     0.00008
1987     49     0.00002
1987     50     0.00000
1987     51     0.00000
1987     52     0.00000
1987     53     0.00000
1987     54     0.00000
1987     55+    0.00000
1988     12-    0.00000
1988     13     0.00001
1988     14     0.00012
1988     15     0.00138
1988     16     0.00907
1988     17     0.03359
1988     18     0.08688
1988     19     0.15346
1988     20     0.18528
1988     21     0.19764
1988     22     0.18364
1988     23     0.16063
1988     24     0.14652
1988     25     0.13175
1988     26     0.12000
1988     27     0.10379
1988     28     0.09202
1988     29     0.08196
1988     30     0.06878
1988     31     0.05917
1988     32     0.05002
1988     33     0.04189
1988     34     0.03564
1988     35     0.02809
1988     36     0.02339
1988     37     0.01868
1988     38     0.01365
1988     39     0.01127
1988     40     0.00658
1988     41     0.00561
1988     42     0.00340
1988     43     0.00208
1988     44     0.00132
1988     45     0.00053
1988     46     0.00023
1988     47     0.00010
1988     48     0.00004
1988     49     0.00003
1988     50     0.00001
1988     51     0.00001
1988     52     0.00001
1988     53     0.00002
1988     54     0.00001
1988     55+    0.00009
1989     12-    0.00000
1989     13     0.00001
1989     14     0.00015
1989     15     0.00177
1989     16     0.01019
1989     17     0.03555
1989     18     0.08872
1989     19     0.14948
1989     20     0.18420
1989     21     0.18380
1989     22     0.17417
1989     23     0.15460
1989     24     0.13441
1989     25     0.12184
1989     26     0.10706
1989     27     0.09654
1989     28     0.08371
1989     29     0.07257
1989     30     0.06202
1989     31     0.05427
1989     32     0.04411
1989     33     0.03739
1989     34     0.03154
1989     35     0.02601
1989     36     0.02071
1989     37     0.01670
1989     38     0.01296
1989     39     0.00928
1989     40     0.00711
1989     41     0.00440
1989     42     0.00338
1989     43     0.00202
1989     44     0.00100
1989     45     0.00063
1989     46     0.00020
1989     47     0.00010
1989     48     0.00004
1989     49     0.00003
1989     50     0.00001
1989     51     0.00000
1989     52     0.00000
1989     53     0.00000
1989     54     0.00000
1989     55+    0.00001
1990     12-    0.00000
1990     13     0.00001
1990     14     0.00020
1990     15     0.00226
1990     16     0.01228
1990     17     0.03970
1990     18     0.09307
1990     19     0.15183
1990     20     0.18318
1990     21     0.18545
1990     22     0.16234
1990     23     0.14608
1990     24     0.12905
1990     25     0.11236
1990     26     0.10061
1990     27     0.08816
1990     28     0.07663
1990     29     0.06557
1990     30     0.05730
1990     31     0.04821
1990     32     0.04025
1990     33     0.03332
1990     34     0.02770
1990     35     0.02284
1990     36     0.01859
1990     37     0.01426
1990     38     0.01143
1990     39     0.00837
1990     40     0.00599
1990     41     0.00446
1990     42     0.00244
1990     43     0.00184
1990     44     0.00091
1990     45     0.00044
1990     46     0.00023
1990     47     0.00010
1990     48     0.00002
1990     49     0.00002
1990     50     0.00001
1990     51     0.00000
1990     52     0.00001
1990     53     0.00000
1990     54     0.00000
1990     55+    0.00001
1991     12-    0.00000
1991     13     0.00001
1991     14     0.00023
1991     15     0.00261
1991     16     0.01381
1991     17     0.04341
1991     18     0.09284
1991     19     0.14860
1991     20     0.18009
1991     21     0.17938
1991     22     0.16121
1991     23     0.13786
1991     24     0.12275
1991     25     0.10861
1991     26     0.09331
1991     27     0.08241
1991     28     0.07148
1991     29     0.06149
1991     30     0.05165
1991     31     0.04411
1991     32     0.03678
1991     33     0.03108
1991     34     0.02531
1991     35     0.02053
1991     36     0.01679
1991     37     0.01377
1991     38     0.01029
1991     39     0.00784
1991     40     0.00569
1991     41     0.00388
1991     42     0.00278
1991     43     0.00153
1991     44     0.00087
1991     45     0.00044
1991     46     0.00018
1991     47     0.00007
1991     48     0.00002
1991     49     0.00002
1991     50     0.00000
1991     51     0.00000
1991     52     0.00000
1991     53     0.00000
1991     54     0.00000
1991     55+    0.00000
1992     12-    0.00000
1992     13     0.00001
1992     14     0.00029
1992     15     0.00309
1992     16     0.01456
1992     17     0.04523
1992     18     0.09526
1992     19     0.14381
1992     20     0.16926
1992     21     0.16856
1992     22     0.15118
1992     23     0.13209
1992     24     0.11311
1992     25     0.10126
1992     26     0.08822
1992     27     0.07546
1992     28     0.06609
1992     29     0.05583
1992     30     0.04812
1992     31     0.03902
1992     32     0.03405
1992     33     0.02840
1992     34     0.02351
1992     35     0.01880
1992     36     0.01538
1992     37     0.01175
1992     38     0.00916
1992     39     0.00698
1992     40     0.00525
1992     41     0.00373
1992     42     0.00228
1992     43     0.00149
1992     44     0.00074
1992     45     0.00041
1992     46     0.00025
1992     47     0.00008
1992     48     0.00005
1992     49     0.00001
1992     50     0.00001
1992     51     0.00001
1992     52     0.00000
1992     53     0.00000
1992     54     0.00000
1992     55+    0.00000
1993     12-    0.00000
1993     13     0.00002
1993     14     0.00034
1993     15     0.00353
1993     16     0.01519
1993     17     0.04525
1993     18     0.09233
1993     19     0.13501
1993     20     0.15432
1993     21     0.15202
1993     22     0.13818
1993     23     0.12229
1993     24     0.10748
1993     25     0.09302
1993     26     0.08357
1993     27     0.07245
1993     28     0.06163
1993     29     0.05161
1993     30     0.04484
1993     31     0.03774
1993     32     0.03100
1993     33     0.02600
1993     34     0.02161
1993     35     0.01752
1993     36     0.01424
1993     37     0.01122
1993     38     0.00869
1993     39     0.00661
1993     40     0.00473
1993     41     0.00339
1993     42     0.00217
1993     43     0.00120
1993     44     0.00079
1993     45     0.00037
1993     46     0.00021
1993     47     0.00009
1993     48     0.00003
1993     49     0.00000
1993     50     0.00001
1993     51     0.00000
1993     52     0.00000
1993     53     0.00000
1993     54     0.00000
1993     55+    0.00000
1994     12-    0.00000
1994     13     0.00002
1994     14     0.00036
1994     15     0.00381
1994     16     0.01624
1994     17     0.04560
1994     18     0.08892
1994     19     0.12815
1994     20     0.14827
1994     21     0.14043
1994     22     0.12684
1994     23     0.11253
1994     24     0.10078
1994     25     0.08830
1994     26     0.07601
1994     27     0.06790
1994     28     0.05830
1994     29     0.04863
1994     30     0.04158
1994     31     0.03487
1994     32     0.02933
1994     33     0.02408
1994     34     0.02007
1994     35     0.01658
1994     36     0.01323
1994     37     0.01021
1994     38     0.00786
1994     39     0.00608
1994     40     0.00464
1994     41     0.00314
1994     42     0.00218
1994     43     0.00122
1994     44     0.00071
1994     45     0.00037
1994     46     0.00016
1994     47     0.00007
1994     48     0.00003
1994     49     0.00000
1994     50     0.00000
1994     51     0.00001
1994     52     0.00000
1994     53     0.00000
1994     54     0.00000
1994     55+    0.00000
1995     12-    0.00000
1995     13     0.00002
1995     14     0.00044
1995     15     0.00447
1995     16     0.01695
1995     17     0.04513
1995     18     0.08597
1995     19     0.12153
1995     20     0.13885
1995     21     0.13385
1995     22     0.11997
1995     23     0.10769
1995     24     0.09530
1995     25     0.08569
1995     26     0.07456
1995     27     0.06349
1995     28     0.05662
1995     29     0.04762
1995     30     0.03941
1995     31     0.03258
1995     32     0.02720
1995     33     0.02251
1995     34     0.01815
1995     35     0.01496
1995     36     0.01235
1995     37     0.00954
1995     38     0.00686
1995     39     0.00530
1995     40     0.00386
1995     41     0.00281
1995     42     0.00183
1995     43     0.00112
1995     44     0.00069
1995     45     0.00028
1995     46     0.00015
1995     47     0.00006
1995     48     0.00001
1995     49     0.00000
1995     50     0.00001
1995     51     0.00000
1995     52     0.00000
1995     53     0.00000
1995     54     0.00000
1995     55+    0.00000
1996     12-    0.00000
1996     13     0.00002
1996     14     0.00041
1996     15     0.00418
1996     16     0.01574
1996     17     0.04165
1996     18     0.08235
1996     19     0.11515
1996     20     0.13170
1996     21     0.12823
1996     22     0.11693
1996     23     0.10288
1996     24     0.09119
1996     25     0.08058
1996     26     0.07097
1996     27     0.06252
1996     28     0.05261
1996     29     0.04589
1996     30     0.03905
1996     31     0.03135
1996     32     0.02612
1996     33     0.02140
1996     34     0.01741
1996     35     0.01390
1996     36     0.01150
1996     37     0.00905
1996     38     0.00696
1996     39     0.00492
1996     40     0.00381
1996     41     0.00248
1996     42     0.00169
1996     43     0.00102
1996     44     0.00055
1996     45     0.00027
1996     46     0.00009
1996     47     0.00003
1996     48     0.00000
1996     49     0.00000
1996     50     0.00001
1996     51     0.00000
1996     52     0.00000
1996     53     0.00000
1996     54     0.00000
1996     55+    0.00000
1997     12-    0.00000
1997     13     0.00001
1997     14     0.00034
1997     15     0.00358
1997     16     0.01435
1997     17     0.03753
1997     18     0.07320
1997     19     0.10536
1997     20     0.12086
1997     21     0.12006
1997     22     0.11202
1997     23     0.10108
1997     24     0.08844
1997     25     0.07774
1997     26     0.06924
1997     27     0.06060
1997     28     0.05274
1997     29     0.04447
1997     30     0.03836
1997     31     0.03182
1997     32     0.02565
1997     33     0.02101
1997     34     0.01707
1997     35     0.01485
1997     36     0.01112
1997     37     0.00899
1997     38     0.00683
1997     39     0.00542
1997     40     0.00358
1997     41     0.00240
1997     42     0.00166
1997     43     0.00094
1997     44     0.00059
1997     45     0.00019
1997     46     0.00009
1997     47     0.00006
1997     48     0.00002
1997     49     0.00000
1997     50     0.00000
1997     51     0.00000
1997     52     0.00000
1997     53     0.00000
1997     54     0.00000
1997     55+    0.00000
1998     12-    0.00000
1998     13     0.00001
1998     14     0.00030
1998     15     0.00314
1998     16     0.01294
1998     17     0.03374
1998     18     0.06484
1998     19     0.09676
1998     20     0.11449
1998     21     0.11290
1998     22     0.10587
1998     23     0.09816
1998     24     0.08558
1998     25     0.07513
1998     26     0.06637
1998     27     0.05781
1998     28     0.05066
1998     29     0.04454
1998     30     0.03668
1998     31     0.03131
1998     32     0.02546
1998     33     0.02157
1998     34     0.01677
1998     35     0.01398
1998     36     0.01106
1998     37     0.00847
1998     38     0.00674
1998     39     0.00551
1998     40     0.00378
1998     41     0.00257
1998     42     0.00172
1998     43     0.00100
1998     44     0.00056
1998     45     0.00028
1998     46     0.00011
1998     47     0.00005
1998     48     0.00001
1998     49     0.00001
1998     50     0.00001
1998     51     0.00000
1998     52     0.00000
1998     53     0.00000
1998     54     0.00000
1998     55+    0.00000
1999     12-    0.00000
1999     13     0.00001
1999     14     0.00026
1999     15     0.00257
1999     16     0.01021
1999     17     0.02748
1999     18     0.05547
1999     19     0.08418
1999     20     0.10141
1999     21     0.10575
1999     22     0.09848
1999     23     0.09010
1999     24     0.08396
1999     25     0.07349
1999     26     0.06330
1999     27     0.05563
1999     28     0.04936
1999     29     0.04187
1999     30     0.03687
1999     31     0.02994
1999     32     0.02569
1999     33     0.02004
1999     34     0.01720
1999     35     0.01349
1999     36     0.01087
1999     37     0.00847
1999     38     0.00635
1999     39     0.00499
1999     40     0.00370
1999     41     0.00269
1999     42     0.00158
1999     43     0.00108
1999     44     0.00054
1999     45     0.00020
1999     46     0.00011
1999     47     0.00002
1999     48     0.00002
1999     49     0.00001
1999     50     0.00001
1999     51     0.00000
1999     52     0.00000
1999     53     0.00000
1999     54     0.00000
1999     55+    0.00000
2000     12-    0.00000
2000     13     0.00001
2000     14     0.00022
2000     15     0.00221
2000     16     0.00932
2000     17     0.02497
2000     18     0.05127
2000     19     0.07724
2000     20     0.09845
2000     21     0.10233
2000     22     0.09975
2000     23     0.09185
2000     24     0.08263
2000     25     0.07465
2000     26     0.06507
2000     27     0.05667
2000     28     0.04969
2000     29     0.04296
2000     30     0.03727
2000     31     0.03129
2000     32     0.02572
2000     33     0.02124
2000     34     0.01678
2000     35     0.01352
2000     36     0.01107
2000     37     0.00841
2000     38     0.00660
2000     39     0.00483
2000     40     0.00352
2000     41     0.00249
2000     42     0.00168
2000     43     0.00101
2000     44     0.00054
2000     45     0.00026
2000     46     0.00011
2000     47     0.00002
2000     48     0.00001
2000     49     0.00001
2000     50     0.00000
2000     51     0.00000
2000     52     0.00001
2000     53     0.00001
2000     54     0.00000
2000     55+    0.00000
2001     12-    0.00000
2001     13     0.00001
2001     14     0.00025
2001     15     0.00230
2001     16     0.00843
2001     17     0.02244
2001     18     0.04556
2001     19     0.07046
2001     20     0.08810
2001     21     0.09612
2001     22     0.09497
2001     23     0.09348
2001     24     0.08105
2001     25     0.07407
2001     26     0.06781
2001     27     0.05722
2001     28     0.04965
2001     29     0.04422
2001     30     0.03699
2001     31     0.03271
2001     32     0.02715
2001     33     0.02265
2001     34     0.01771
2001     35     0.01419
2001     36     0.01154
2001     37     0.00877
2001     38     0.00653
2001     39     0.00489
2001     40     0.00346
2001     41     0.00258
2001     42     0.00167
2001     43     0.00096
2001     44     0.00050
2001     45     0.00023
2001     46     0.00013
2001     47     0.00005
2001     48     0.00003
2001     49     0.00001
2001     50     0.00000
2001     51     0.00001
2001     52     0.00000
2001     53     0.00000
2001     54     0.00000
2001     55+    0.00000
2002     12-    0.00000
2002     13     0.00001
2002     14     0.00026
2002     15     0.00231
2002     16     0.00842
2002     17     0.02234
2002     18     0.04443
2002     19     0.06798
2002     20     0.08745
2002     21     0.09434
2002     22     0.09507
2002     23     0.09241
2002     24     0.08763
2002     25     0.07856
2002     26     0.06958
2002     27     0.06330
2002     28     0.05431
2002     29     0.04725
2002     30     0.04164
2002     31     0.03516
2002     32     0.02915
2002     33     0.02415
2002     34     0.01951
2002     35     0.01574
2002     36     0.01213
2002     37     0.00947
2002     38     0.00712
2002     39     0.00537
2002     40     0.00382
2002     41     0.00244
2002     42     0.00163
2002     43     0.00096
2002     44     0.00051
2002     45     0.00019
2002     46     0.00012
2002     47     0.00004
2002     48     0.00001
2002     49     0.00001
2002     50     0.00001
2002     51     0.00000
2002     52     0.00000
2002     53     0.00000
2002     54     0.00000
2002     55+    0.00000
2003     12-    0.00000
2003     13     0.00001
2003     14     0.00026
2003     15     0.00235
2003     16     0.00873
2003     17     0.02132
2003     18     0.04248
2003     19     0.06667
2003     20     0.08655
2003     21     0.09598
2003     22     0.09494
2003     23     0.09453
2003     24     0.08964
2003     25     0.08474
2003     26     0.07482
2003     27     0.06558
2003     28     0.05870
2003     29     0.05195
2003     30     0.04572
2003     31     0.03851
2003     32     0.03161
2003     33     0.02681
2003     34     0.02179
2003     35     0.01741
2003     36     0.01375
2003     37     0.01055
2003     38     0.00776
2003     39     0.00570
2003     40     0.00413
2003     41     0.00271
2003     42     0.00178
2003     43     0.00099
2003     44     0.00055
2003     45     0.00025
2003     46     0.00011
2003     47     0.00003
2003     48     0.00001
2003     49     0.00001
2003     50     0.00000
2003     51     0.00000
2003     52     0.00001
2003     53     0.00000
2003     54     0.00000
2003     55+    0.00001
2004     12-    0.00000
2004     13     0.00001
2004     14     0.00029
2004     15     0.00251
2004     16     0.00896
2004     17     0.02270
2004     18     0.04301
2004     19     0.06571
2004     20     0.08505
2004     21     0.09607
2004     22     0.09899
2004     23     0.09548
2004     24     0.09205
2004     25     0.08737
2004     26     0.07993
2004     27     0.07063
2004     28     0.06154
2004     29     0.05419
2004     30     0.04848
2004     31     0.04136
2004     32     0.03478
2004     33     0.02844
2004     34     0.02421
2004     35     0.01976
2004     36     0.01516
2004     37     0.01189
2004     38     0.00857
2004     39     0.00626
2004     40     0.00466
2004     41     0.00293
2004     42     0.00188
2004     43     0.00111
2004     44     0.00057
2004     45     0.00027
2004     46     0.00013
2004     47     0.00006
2004     48     0.00003
2004     49     0.00001
2004     50     0.00001
2004     51     0.00000
2004     52     0.00000
2004     53     0.00000
2004     54     0.00000
2004     55+    0.00000
2005     12-    0.00000
2005     13     0.00001
2005     14     0.00026
2005     15     0.00229
2005     16     0.00855
2005     17     0.02151
2005     18     0.04185
2005     19     0.06177
2005     20     0.07958
2005     21     0.08796
2005     22     0.09279
2005     23     0.09286
2005     24     0.09057
2005     25     0.08569
2005     26     0.08006
2005     27     0.07230
2005     28     0.06448
2005     29     0.05621
2005     30     0.05024
2005     31     0.04457
2005     32     0.03718
2005     33     0.03114
2005     34     0.02574
2005     35     0.02065
2005     36     0.01688
2005     37     0.01240
2005     38     0.00981
2005     39     0.00682
2005     40     0.00491
2005     41     0.00327
2005     42     0.00198
2005     43     0.00127
2005     44     0.00063
2005     45     0.00025
2005     46     0.00015
2005     47     0.00006
2005     48     0.00002
2005     49     0.00002
2005     50     0.00000
2005     51     0.00000
2005     52     0.00000
2005     53     0.00000
2005     54     0.00000
2005     55+    0.00000
2006     12-    0.00000
2006     13     0.00001
2006     14     0.00029
2006     15     0.00247
2006     16     0.00850
2006     17     0.02088
2006     18     0.04222
2006     19     0.06444
2006     20     0.08070
2006     21     0.09050
2006     22     0.09527
2006     23     0.09746
2006     24     0.09715
2006     25     0.09271
2006     26     0.08650
2006     27     0.07946
2006     28     0.07359
2006     29     0.06425
2006     30     0.05643
2006     31     0.04937
2006     32     0.04224
2006     33     0.03574
2006     34     0.02959
2006     35     0.02408
2006     36     0.01976
2006     37     0.01465
2006     38     0.01052
2006     39     0.00802
2006     40     0.00524
2006     41     0.00349
2006     42     0.00236
2006     43     0.00127
2006     44     0.00073
2006     45     0.00029
2006     46     0.00014
2006     47     0.00006
2006     48     0.00002
2006     49     0.00002
2006     50     0.00000
2006     51     0.00000
2006     52     0.00001
2006     53     0.00001
2006     54     0.00000
2006     55+    0.00000
2007     12-    0.00000
2007     13     0.00001
2007     14     0.00029
2007     15     0.00256
2007     16     0.00933
2007     17     0.02207
2007     18     0.04270
2007     19     0.06525
2007     20     0.08254
2007     21     0.08890
2007     22     0.09481
2007     23     0.09656
2007     24     0.09734
2007     25     0.09577
2007     26     0.08709
2007     27     0.08141
2007     28     0.07401
2007     29     0.06820
2007     30     0.06037
2007     31     0.05203
2007     32     0.04415
2007     33     0.03882
2007     34     0.03133
2007     35     0.02609
2007     36     0.02049
2007     37     0.01624
2007     38     0.01185
2007     39     0.00872
2007     40     0.00606
2007     41     0.00410
2007     42     0.00236
2007     43     0.00157
2007     44     0.00079
2007     45     0.00031
2007     46     0.00013
2007     47     0.00005
2007     48     0.00005
2007     49     0.00002
2007     50     0.00003
2007     51     0.00001
2007     52     0.00000
2007     53     0.00000
2007     54     0.00000
2007     55+    0.00001
2008     12-    0.00000
2008     13     0.00002
2008     14     0.00040
2008     15     0.00325
2008     16     0.01011
2008     17     0.02409
2008     18     0.04534
2008     19     0.06694
2008     20     0.08615
2008     21     0.09582
2008     22     0.09898
2008     23     0.10210
2008     24     0.10335
2008     25     0.10146
2008     26     0.09436
2008     27     0.08682
2008     28     0.08095
2008     29     0.07399
2008     30     0.06767
2008     31     0.05820
2008     32     0.04994
2008     33     0.04353
2008     34     0.03669
2008     35     0.03000
2008     36     0.02488
2008     37     0.01854
2008     38     0.01423
2008     39     0.01028
2008     40     0.00691
2008     41     0.00480
2008     42     0.00265
2008     43     0.00160
2008     44     0.00087
2008     45     0.00039
2008     46     0.00019
2008     47     0.00008
2008     48     0.00006
2008     49     0.00002
2008     50     0.00001
2008     51     0.00000
2008     52     0.00000
2008     53     0.00001
2008     54     0.00000
2008     55+    0.00001
2009     12-    0.00000
2009     13     0.00002
2009     14     0.00038
2009     15     0.00315
2009     16     0.01015
2009     17     0.02360
2009     18     0.04409
2009     19     0.06434
2009     20     0.08053
2009     21     0.09124
2009     22     0.09846
2009     23     0.10072
2009     24     0.10121
2009     25     0.10032
2009     26     0.09574
2009     27     0.08917
2009     28     0.08221
2009     29     0.07561
2009     30     0.06972
2009     31     0.06299
2009     32     0.05423
2009     33     0.04531
2009     34     0.03919
2009     35     0.03293
2009     36     0.02688
2009     37     0.02076
2009     38     0.01526
2009     39     0.01147
2009     40     0.00814
2009     41     0.00529
2009     42     0.00333
2009     43     0.00183
2009     44     0.00088
2009     45     0.00050
2009     46     0.00022
2009     47     0.00006
2009     48     0.00002
2009     49     0.00003
2009     50     0.00002
2009     51     0.00000
2009     52     0.00001
2009     53     0.00001
2009     54     0.00000
2009     55+    0.00000
2010     12-    0.00002
2010     13     0.00007
2010     14     0.00055
2010     15     0.00272
2010     16     0.00929
2010     17     0.02191
2010     18     0.04021
2010     19     0.05953
2010     20     0.07396
2010     21     0.08472
2010     22     0.09233
2010     23     0.09749
2010     24     0.09875
2010     25     0.09781
2010     26     0.09315
2010     27     0.08812
2010     28     0.08340
2010     29     0.07535
2010     30     0.06962
2010     31     0.06312
2010     32     0.05574
2010     33     0.04734
2010     34     0.03967
2010     35     0.03407
2010     36     0.02825
2010     37     0.02129
2010     38     0.01639
2010     39     0.01182
2010     40     0.00866
2010     41     0.00577
2010     42     0.00347
2010     43     0.00199
2010     44     0.00108
2010     45     0.00049
2010     46     0.00021
2010     47     0.00014
2010     48     0.00006
2010     49     0.00004
2010     50     0.00002
2010     51     0.00003
2010     52     0.00000
2010     53     0.00001
2010     54     0.00001
2010     55+    0.00003
2011     12-    0.00003
2011     13     0.00013
2011     14     0.00050
2011     15     0.00267
2011     16     0.00924
2011     17     0.02111
2011     18     0.03982
2011     19     0.05864
2011     20     0.07339
2011     21     0.08477
2011     22     0.09034
2011     23     0.09734
2011     24     0.09982
2011     25     0.09891
2011     26     0.09518
2011     27     0.08876
2011     28     0.08364
2011     29     0.07856
2011     30     0.07090
2011     31     0.06546
2011     32     0.05878
2011     33     0.05131
2011     34     0.04279
2011     35     0.03628
2011     36     0.03069
2011     37     0.02396
2011     38     0.01833
2011     39     0.01338
2011     40     0.00930
2011     41     0.00619
2011     42     0.00408
2011     43     0.00214
2011     44     0.00113
2011     45     0.00058
2011     46     0.00023
2011     47     0.00015
2011     48     0.00005
2011     49     0.00006
2011     50     0.00003
2011     51     0.00001
2011     52     0.00002
2011     53     0.00001
2011     54     0.00001
2011     55+    0.00004
2012     12-    0.00001
2012     13     0.00011
2012     14     0.00069
2012     15     0.00285
2012     16     0.00964
2012     17     0.02163
2012     18     0.03991
2012     19     0.06063
2012     20     0.07604
2012     21     0.08727
2012     22     0.09388
2012     23     0.10083
2012     24     0.10566
2012     25     0.10549
2012     26     0.09941
2012     27     0.09235
2012     28     0.08759
2012     29     0.08300
2012     30     0.07687
2012     31     0.06833
2012     32     0.06032
2012     33     0.05381
2012     34     0.04728
2012     35     0.04007
2012     36     0.03236
2012     37     0.02545
2012     38     0.01954
2012     39     0.01424
2012     40     0.01011
2012     41     0.00668
2012     42     0.00427
2012     43     0.00234
2012     44     0.00127
2012     45     0.00069
2012     46     0.00028
2012     47     0.00012
2012     48     0.00010
2012     49     0.00005
2012     50     0.00004
2012     51     0.00003
2012     52     0.00001
2012     53     0.00003
2012     54     0.00000
2012     55+    0.00003
2013     12-    0.00001
2013     13     0.00013
2013     14     0.00062
2013     15     0.00303
2013     16     0.00957
2013     17     0.02038
2013     18     0.03835
2013     19     0.05709
2013     20     0.07466
2013     21     0.08364
2013     22     0.09297
2013     23     0.09810
2013     24     0.10133
2013     25     0.10377
2013     26     0.09760
2013     27     0.09226
2013     28     0.08617
2013     29     0.07898
2013     30     0.07540
2013     31     0.06886
2013     32     0.05953
2013     33     0.05321
2013     34     0.04732
2013     35     0.04134
2013     36     0.03335
2013     37     0.02630
2013     38     0.02022
2013     39     0.01492
2013     40     0.01035
2013     41     0.00717
2013     42     0.00424
2013     43     0.00254
2013     44     0.00126
2013     45     0.00068
2013     46     0.00032
2013     47     0.00013
2013     48     0.00007
2013     49     0.00005
2013     50     0.00005
2013     51     0.00003
2013     52     0.00001
2013     53     0.00001
2013     54     0.00001
2013     55+    0.00004
