Ukraine, Live births by calendar year, age reached during the year (ARDY) and birth cohort (vertical parallelograms)
Last modified: 13/11/2015
Year  ARDY   Cohort       Total
1959    12-   1947+        0.01
1959    13    1946         0.40
1959    14    1945         3.99
1959    15    1944        48.34
1959    16    1943       259.75
1959    17    1942      1580.27
1959    18    1941      8383.85
1959    19    1940     23799.03
1959    20    1939     41999.66
1959    21    1938     68130.00
1959    22    1937     77648.29
1959    23    1936     74634.59
1959    24    1935     62244.19
1959    25    1934     49793.60
1959    26    1933     41798.50
1959    27    1932     45334.63
1959    28    1931     40959.08
1959    29    1930     52210.01
1959    30    1929     44385.58
1959    31    1928     47409.56
1959    32    1927     34247.85
1959    33    1926     34191.32
1959    34    1925     28990.46
1959    35    1924     25928.87
1959    36    1923     20682.72
1959    37    1922     16076.91
1959    38    1921     10691.76
1959    39    1920      8457.92
1959    40    1919      5876.12
1959    41    1918      5502.83
1959    42    1917      2368.91
1959    43    1916      1975.00
1959    44    1915      1466.08
1959    45    1914      1228.35
1959    46    1913       746.27
1959    47    1912       546.44
1959    48    1911       292.75
1959    49    1910       245.64
1959    50    1909       117.70
1959    51    1908        89.38
1959    52    1907        52.25
1959    53    1906        42.58
1959    54    1905        32.32
1959    55+   1904-       78.24
1960    12-   1948+        0.02
1960    13    1947         0.33
1960    14    1946         5.90
1960    15    1945        37.85
1960    16    1944       245.70
1960    17    1943      1182.61
1960    18    1942      6744.93
1960    19    1941     23163.14
1960    20    1940     43812.70
1960    21    1939     60296.90
1960    22    1938     78579.81
1960    23    1937     79345.09
1960    24    1936     72122.07
1960    25    1935     59284.66
1960    26    1934     44525.56
1960    27    1933     35947.77
1960    28    1932     40568.15
1960    29    1931     38337.75
1960    30    1930     48119.19
1960    31    1929     38752.65
1960    32    1928     40507.97
1960    33    1927     30563.71
1960    34    1926     30850.77
1960    35    1925     25514.83
1960    36    1924     21762.28
1960    37    1923     16913.13
1960    38    1922     12899.09
1960    39    1921      8464.86
1960    40    1920      6688.22
1960    41    1919      4594.49
1960    42    1918      3787.77
1960    43    1917      1451.31
1960    44    1916      1065.10
1960    45    1915       753.27
1960    46    1914       658.93
1960    47    1913       403.66
1960    48    1912       293.65
1960    49    1911       158.55
1960    50    1910       128.21
1960    51    1909        61.00
1960    52    1908        49.02
1960    53    1907        32.30
1960    54    1906        27.60
1960    55+   1905-       65.51
1961    12-   1949+        0.02
1961    13    1948         0.40
1961    14    1947         5.15
1961    15    1946        59.86
1961    16    1945       221.23
1961    17    1944      1391.51
1961    18    1943      5956.49
1961    19    1942     19607.90
1961    20    1941     41230.65
1961    21    1940     58106.54
1961    22    1939     68014.23
1961    23    1938     79274.08
1961    24    1937     78840.91
1961    25    1936     69220.83
1961    26    1935     52010.38
1961    27    1934     37029.64
1961    28    1933     30437.40
1961    29    1932     35883.38
1961    30    1931     34031.53
1961    31    1930     40557.41
1961    32    1929     32312.08
1961    33    1928     33894.60
1961    34    1927     25957.73
1961    35    1926     24424.94
1961    36    1925     18801.94
1961    37    1924     15670.74
1961    38    1923     12089.53
1961    39    1922      9326.18
1961    40    1921      6280.82
1961    41    1920      4882.95
1961    42    1919      3091.19
1961    43    1918      2184.13
1961    44    1917       748.96
1961    45    1916       552.54
1961    46    1915       425.62
1961    47    1914       364.46
1961    48    1913       213.20
1961    49    1912       149.09
1961    50    1911        71.13
1961    51    1910        52.16
1961    52    1909        27.15
1961    53    1908        22.93
1961    54    1907        16.00
1961    55+   1906-       42.40
1962    12-   1950+        0.02
1962    13    1949         0.39
1962    14    1948         5.99
1962    15    1947        50.53
1962    16    1946       359.16
1962    17    1945      1270.32
1962    18    1944      6588.66
1962    19    1943     16199.33
1962    20    1942     30903.69
1962    21    1941     48766.58
1962    22    1940     61401.86
1962    23    1939     68184.06
1962    24    1938     79267.51
1962    25    1937     79059.91
1962    26    1936     63984.06
1962    27    1935     46734.50
1962    28    1934     34143.41
1962    29    1933     28675.78
1962    30    1932     34248.98
1962    31    1931     30560.67
1962    32    1930     34682.42
1962    33    1929     28256.06
1962    34    1928     29550.14
1962    35    1927     21913.34
1962    36    1926     19202.05
1962    37    1925     14927.33
1962    38    1924     12779.85
1962    39    1923     10003.93
1962    40    1922      7968.53
1962    41    1921      5377.05
1962    42    1920      3610.53
1962    43    1919      1893.15
1962    44    1918      1105.70
1962    45    1917       382.94
1962    46    1916       302.84
1962    47    1915       225.63
1962    48    1914       195.01
1962    49    1913       113.94
1962    50    1912        72.27
1962    51    1911        32.23
1962    52    1910        28.00
1962    53    1909        19.22
1962    54    1908        21.97
1962    55+   1907-       81.50
1963    12-   1951+        0.02
1963    13    1950         0.41
1963    14    1949         7.30
1963    15    1948        70.65
1963    16    1947       402.14
1963    17    1946      2341.83
1963    18    1945      6069.10
1963    19    1944     17903.90
1963    20    1943     24742.62
1963    21    1942     36968.71
1963    22    1941     57103.62
1963    23    1940     66260.33
1963    24    1939     72800.67
1963    25    1938     79206.73
1963    26    1937     71207.52
1963    27    1936     53675.93
1963    28    1935     39724.50
1963    29    1934     29932.35
1963    30    1933     25901.14
1963    31    1932     29729.33
1963    32    1931     25275.32
1963    33    1930     29360.32
1963    34    1929     24615.51
1963    35    1928     24381.60
1963    36    1927     17464.70
1963    37    1926     15438.06
1963    38    1925     12249.24
1963    39    1924     10360.13
1963    40    1923      7780.44
1963    41    1922      5742.06
1963    42    1921      3390.82
1963    43    1920      2039.48
1963    44    1919      1081.71
1963    45    1918       751.36
1963    46    1917       312.04
1963    47    1916       224.75
1963    48    1915       155.39
1963    49    1914       122.25
1963    50    1913        59.38
1963    51    1912        36.47
1963    52    1911        19.51
1963    53    1910        17.42
1963    54    1909        10.94
1963    55+   1908-       31.33
1964    12-   1952+        0.02
1964    13    1951         0.39
1964    14    1950         7.10
1964    15    1949        76.41
1964    16    1948       508.18
1964    17    1947      2240.10
1964    18    1946      8768.60
1964    19    1945     13973.87
1964    20    1944     23816.68
1964    21    1943     27078.93
1964    22    1942     41810.11
1964    23    1941     59516.19
1964    24    1940     66089.61
1964    25    1939     70227.40
1964    26    1938     69375.19
1964    27    1937     60186.49
1964    28    1936     46000.43
1964    29    1935     35674.15
1964    30    1934     27745.96
1964    31    1933     22418.54
1964    32    1932     24438.12
1964    33    1931     21164.05
1964    34    1930     24762.64
1964    35    1929     19957.74
1964    36    1928     18495.00
1964    37    1927     13597.15
1964    38    1926     12053.37
1964    39    1925      9591.36
1964    40    1924      7906.92
1964    41    1923      5687.20
1964    42    1922      3810.55
1964    43    1921      1963.29
1964    44    1920      1060.57
1964    45    1919       604.01
1964    46    1918       448.13
1964    47    1917       176.54
1964    48    1916       118.14
1964    49    1915        69.91
1964    50    1914        38.89
1964    51    1913        14.73
1964    52    1912        10.68
1964    53    1911         8.45
1964    54    1910        14.58
1964    55+   1909-      161.68
1965    12-   1953+        0.01
1965    13    1952         0.38
1965    14    1951         6.47
1965    15    1950        66.86
1965    16    1949       517.15
1965    17    1948      2511.82
1965    18    1947      8044.24
1965    19    1946     20375.42
1965    20    1945     19684.81
1965    21    1944     28324.73
1965    22    1943     32306.14
1965    23    1942     43871.51
1965    24    1941     58176.92
1965    25    1940     60496.27
1965    26    1939     59548.46
1965    27    1938     55377.80
1965    28    1937     50395.68
1965    29    1936     41036.13
1965    30    1935     33344.58
1965    31    1934     24513.31
1965    32    1933     18942.76
1965    33    1932     21278.45
1965    34    1931     18507.75
1965    35    1930     20726.77
1965    36    1929     16170.70
1965    37    1928     14937.66
1965    38    1927     11235.32
1965    39    1926      9772.83
1965    40    1925      7396.47
1965    41    1924      5682.64
1965    42    1923      3748.28
1965    43    1922      2350.47
1965    44    1921      1223.38
1965    45    1920       714.13
1965    46    1919       423.01
1965    47    1918       251.37
1965    48    1917        76.55
1965    49    1916        40.64
1965    50    1915        23.29
1965    51    1914        18.43
1965    52    1913        10.25
1965    53    1912         7.40
1965    54    1911         3.87
1965    55+   1910-       11.90
1966    12-   1954+        0.02
1966    13    1953         0.40
1966    14    1952         7.32
1966    15    1951        74.45
1966    16    1950       521.82
1966    17    1949      2915.77
1966    18    1948      9894.56
1966    19    1947     20747.76
1966    20    1946     31850.06
1966    21    1945     25989.92
1966    22    1944     37060.19
1966    23    1943     36947.27
1966    24    1942     46889.81
1966    25    1941     59274.38
1966    26    1940     56254.92
1966    27    1939     53927.80
1966    28    1938     52206.15
1966    29    1937     51873.72
1966    30    1936     42416.95
1966    31    1935     32135.60
1966    32    1934     22713.42
1966    33    1933     17453.16
1966    34    1932     19403.30
1966    35    1931     16377.74
1966    36    1930     17754.13
1966    37    1929     13842.24
1966    38    1928     12581.94
1966    39    1927      9412.15
1966    40    1926      7553.26
1966    41    1925      5374.30
1966    42    1924      3991.67
1966    43    1923      2536.69
1966    44    1922      1608.29
1966    45    1921       874.00
1966    46    1920       508.02
1966    47    1919       274.67
1966    48    1918       140.69
1966    49    1917        39.80
1966    50    1916        23.47
1966    51    1915        16.39
1966    52    1914        11.95
1966    53    1913         5.30
1966    54    1912         2.86
1966    55+   1911-        3.70
1967    12-   1955+        0.02
1967    13    1954         0.41
1967    14    1953         6.71
1967    15    1952        71.36
1967    16    1951       492.63
1967    17    1950      2637.66
1967    18    1949     11179.38
1967    19    1948     24622.92
1967    20    1947     33006.47
1967    21    1946     42343.49
1967    22    1945     32837.99
1967    23    1944     40989.65
1967    24    1943     37619.54
1967    25    1942     44568.99
1967    26    1941     51040.33
1967    27    1940     46060.56
1967    28    1939     47250.08
1967    29    1938     49348.66
1967    30    1937     49570.81
1967    31    1936     37485.63
1967    32    1935     27859.26
1967    33    1934     19477.01
1967    34    1933     14527.09
1967    35    1932     16205.08
1967    36    1931     13373.50
1967    37    1930     14017.47
1967    38    1929     11050.10
1967    39    1928      9807.53
1967    40    1927      7028.26
1967    41    1926      5325.46
1967    42    1925      3698.95
1967    43    1924      2548.97
1967    44    1923      1490.31
1967    45    1922       871.82
1967    46    1921       442.43
1967    47    1920       240.62
1967    48    1919       132.53
1967    49    1918        73.45
1967    50    1917        29.94
1967    51    1916        22.17
1967    52    1915        12.83
1967    53    1914         7.60
1967    54    1913         2.58
1967    55+   1912-        2.77
1968    12-   1956+        0.02
1968    13    1955         0.43
1968    14    1954         8.11
1968    15    1953        80.25
1968    16    1952       546.51
1968    17    1951      2856.30
1968    18    1950     11231.10
1968    19    1949     29625.39
1968    20    1948     40042.71
1968    21    1947     44085.15
1968    22    1946     50966.63
1968    23    1945     34162.75
1968    24    1944     39719.12
1968    25    1943     34525.93
1968    26    1942     37977.87
1968    27    1941     42568.98
1968    28    1940     40667.32
1968    29    1939     46099.96
1968    30    1938     46623.65
1968    31    1937     43664.55
1968    32    1936     31984.80
1968    33    1935     23322.18
1968    34    1934     15831.77
1968    35    1933     11872.64
1968    36    1932     12983.32
1968    37    1931     10210.20
1968    38    1930     10855.91
1968    39    1929      8698.72
1968    40    1928      7309.22
1968    41    1927      5101.62
1968    42    1926      3717.09
1968    43    1925      2419.78
1968    44    1924      1567.59
1968    45    1923       850.40
1968    46    1922       475.00
1968    47    1921       219.28
1968    48    1920        96.73
1968    49    1919        44.19
1968    50    1918        23.85
1968    51    1917         9.41
1968    52    1916         5.89
1968    53    1915         3.90
1968    54    1914         2.91
1968    55+   1913-        4.87
1969    12-   1957+        0.02
1969    13    1956         0.46
1969    14    1955         8.20
1969    15    1954        89.21
1969    16    1953       542.28
1969    17    1952      2781.92
1969    18    1951     10679.84
1969    19    1950     25790.52
1969    20    1949     44405.06
1969    21    1948     49942.31
1969    22    1947     51584.56
1969    23    1946     53410.86
1969    24    1945     33811.87
1969    25    1944     37629.22
1969    26    1943     29984.66
1969    27    1942     31967.74
1969    28    1941     38163.99
1969    29    1940     39089.35
1969    30    1939     43601.16
1969    31    1938     40244.63
1969    32    1937     37147.70
1969    33    1936     26469.40
1969    34    1935     19188.24
1969    35    1934     13470.42
1969    36    1933      9907.88
1969    37    1932     10449.99
1969    38    1931      8266.34
1969    39    1930      8579.62
1969    40    1929      6446.88
1969    41    1928      5046.60
1969    42    1927      3463.35
1969    43    1926      2354.34
1969    44    1925      1486.89
1969    45    1924       932.24
1969    46    1923       508.34
1969    47    1922       282.76
1969    48    1921       123.84
1969    49    1920        54.29
1969    50    1919        28.72
1969    51    1918        17.37
1969    52    1917         7.31
1969    53    1916         5.59
1969    54    1915         4.95
1969    55+   1914-       20.08
1970    12-   1958+        0.02
1970    13    1957         0.53
1970    14    1956         9.93
1970    15    1955       102.76
1970    16    1954       689.51
1970    17    1953      3267.55
1970    18    1952     12314.45
1970    19    1951     29274.88
1970    20    1950     45478.82
1970    21    1949     61637.99
1970    22    1948     61978.18
1970    23    1947     56887.95
1970    24    1946     53710.41
1970    25    1945     32352.89
1970    26    1944     33212.03
1970    27    1943     25605.24
1970    28    1942     28650.41
1970    29    1941     37115.79
1970    30    1940     37143.05
1970    31    1939     38241.75
1970    32    1938     34777.03
1970    33    1937     32062.54
1970    34    1936     23253.42
1970    35    1935     17071.54
1970    36    1934     11478.71
1970    37    1933      8229.58
1970    38    1932      8485.54
1970    39    1931      6539.81
1970    40    1930      6402.29
1970    41    1929      4670.58
1970    42    1928      3455.96
1970    43    1927      2147.25
1970    44    1926      1315.74
1970    45    1925       739.19
1970    46    1924       429.97
1970    47    1923       233.06
1970    48    1922       124.15
1970    49    1921        57.67
1970    50    1920        29.72
1970    51    1919        18.63
1970    52    1918        10.39
1970    53    1917         3.53
1970    54    1916         2.16
1970    55+   1915-        0.43
1971    12-   1959+        0.02
1971    13    1958         0.56
1971    14    1957        10.43
1971    15    1956       110.48
1971    16    1955       702.73
1971    17    1954      3588.63
1971    18    1953     12742.24
1971    19    1952     30440.35
1971    20    1951     46534.10
1971    21    1950     59554.93
1971    22    1949     72309.18
1971    23    1948     64691.34
1971    24    1947     56210.72
1971    25    1946     49364.32
1971    26    1945     27421.03
1971    27    1944     27278.03
1971    28    1943     22351.32
1971    29    1942     26777.26
1971    30    1941     35254.70
1971    31    1940     33172.58
1971    32    1939     33035.89
1971    33    1938     31085.31
1971    34    1937     28942.27
1971    35    1936     20833.57
1971    36    1935     14304.00
1971    37    1934      9200.87
1971    38    1933      6627.51
1971    39    1932      6391.12
1971    40    1931      4960.70
1971    41    1930      4835.82
1971    42    1929      3215.89
1971    43    1928      2108.65
1971    44    1927      1175.74
1971    45    1926       644.70
1971    46    1925       349.56
1971    47    1924       208.87
1971    48    1923       118.45
1971    49    1922        64.94
1971    50    1921        32.70
1971    51    1920        16.93
1971    52    1919         9.87
1971    53    1918         5.29
1971    54    1917         1.71
1971    55+   1916-        5.65
1972    12-   1960+        0.02
1972    13    1959         0.57
1972    14    1958        11.27
1972    15    1957       119.07
1972    16    1956       777.44
1972    17    1955      3747.20
1972    18    1954     14127.43
1972    19    1953     31683.28
1972    20    1952     48160.70
1972    21    1951     59654.40
1972    22    1950     69217.45
1972    23    1949     73913.07
1972    24    1948     61841.91
1972    25    1947     51559.05
1972    26    1946     41939.79
1972    27    1945     23042.41
1972    28    1944     24252.11
1972    29    1943     21071.29
1972    30    1942     25435.86
1972    31    1941     30905.31
1972    32    1940     27625.80
1972    33    1939     28127.24
1972    34    1938     27412.51
1972    35    1937     24500.16
1972    36    1936     16754.94
1972    37    1935     11455.51
1972    38    1934      7128.62
1972    39    1933      4881.58
1972    40    1932      4887.73
1972    41    1931      3797.83
1972    42    1930      3228.82
1972    43    1929      1940.92
1972    44    1928      1185.91
1972    45    1927       624.12
1972    46    1926       343.79
1972    47    1925       178.52
1972    48    1924        85.90
1972    49    1923        37.55
1972    50    1922        15.79
1972    51    1921         7.10
1972    52    1920         3.89
1972    53    1919         2.66
1972    54    1918         1.92
1972    55+   1917-        7.57
1973    12-   1961+        0.02
1973    13    1960         0.64
1973    14    1959        12.91
1973    15    1958       143.78
1973    16    1957       904.27
1973    17    1956      4220.26
1973    18    1955     14235.25
1973    19    1954     32767.26
1973    20    1953     46111.18
1973    21    1952     56847.46
1973    22    1951     64050.68
1973    23    1950     65756.55
1973    24    1949     66738.24
1973    25    1948     52827.31
1973    26    1947     41669.52
1973    27    1946     33751.92
1973    28    1945     19474.03
1973    29    1944     21737.71
1973    30    1943     19485.20
1973    31    1942     21950.58
1973    32    1941     25383.87
1973    33    1940     23585.81
1973    34    1939     24694.24
1973    35    1938     22703.93
1973    36    1937     19204.14
1973    37    1936     13207.80
1973    38    1935      8630.46
1973    39    1934      5110.52
1973    40    1933      3738.20
1973    41    1932      3710.05
1973    42    1931      2471.15
1973    43    1930      1951.22
1973    44    1929      1119.38
1973    45    1928       656.99
1973    46    1927       351.71
1973    47    1926       189.03
1973    48    1925        86.36
1973    49    1924        38.17
1973    50    1923        15.79
1973    51    1922         7.48
1973    52    1921         4.17
1973    53    1920         2.58
1973    54    1919         2.06
1973    55+   1918-       10.02
1974    12-   1962+        0.02
1974    13    1961         0.59
1974    14    1960        12.53
1974    15    1959       133.78
1974    16    1958       909.45
1974    17    1957      4361.92
1974    18    1956     15503.61
1974    19    1955     34327.96
1974    20    1954     51281.99
1974    21    1953     58443.75
1974    22    1952     65626.12
1974    23    1951     65825.56
1974    24    1950     64690.25
1974    25    1949     62564.07
1974    26    1948     46155.91
1974    27    1947     36463.25
1974    28    1946     30509.61
1974    29    1945     18340.72
1974    30    1944     20969.71
1974    31    1943     17368.09
1974    32    1942     18353.17
1974    33    1941     21923.08
1974    34    1940     20742.83
1974    35    1939     20224.32
1974    36    1938     17717.75
1974    37    1937     15027.64
1974    38    1936      9933.30
1974    39    1935      6271.42
1974    40    1934      4009.73
1974    41    1933      2866.14
1974    42    1932      2387.88
1974    43    1931      1446.33
1974    44    1930      1053.79
1974    45    1929       553.62
1974    46    1928       313.20
1974    47    1927       159.69
1974    48    1926        76.17
1974    49    1925        33.48
1974    50    1924        15.09
1974    51    1923         7.46
1974    52    1922         4.17
1974    53    1921         2.18
1974    54    1920         1.16
1974    55+   1919-        3.47
1975    12-   1963+        0.02
1975    13    1962         0.65
1975    14    1961        13.61
1975    15    1960       155.48
1975    16    1959       990.54
1975    17    1958      4831.10
1975    18    1957     16276.49
1975    19    1956     35832.39
1975    20    1955     50219.82
1975    21    1954     61383.03
1975    22    1953     64649.36
1975    23    1952     65519.82
1975    24    1951     63516.28
1975    25    1950     59494.64
1975    26    1949     53525.51
1975    27    1948     38860.45
1975    28    1947     31938.43
1975    29    1946     27843.26
1975    30    1945     17292.42
1975    31    1944     18443.93
1975    32    1943     14400.72
1975    33    1942     15731.89
1975    34    1941     18998.17
1975    35    1940     16877.96
1975    36    1939     15586.56
1975    37    1938     13765.65
1975    38    1937     11526.11
1975    39    1936      7620.71
1975    40    1935      5056.88
1975    41    1934      3078.47
1975    42    1933      1899.67
1975    43    1932      1461.97
1975    44    1931       831.57
1975    45    1930       585.09
1975    46    1929       316.86
1975    47    1928       176.56
1975    48    1927        82.59
1975    49    1926        38.59
1975    50    1925        17.09
1975    51    1924         8.44
1975    52    1923         4.27
1975    53    1922         1.96
1975    54    1921         0.79
1975    55+   1920-        1.22
1976    12-   1964+        0.02
1976    13    1963         0.64
1976    14    1962        14.41
1976    15    1961       159.45
1976    16    1960      1087.38
1976    17    1959      5034.25
1976    18    1958     17860.77
1976    19    1957     38261.21
1976    20    1956     54123.41
1976    21    1955     61679.17
1976    22    1954     69035.59
1976    23    1953     65058.54
1976    24    1952     63544.18
1976    25    1951     59144.76
1976    26    1950     51609.86
1976    27    1949     45461.53
1976    28    1948     33835.21
1976    29    1947     28988.38
1976    30    1946     25296.94
1976    31    1945     14354.76
1976    32    1944     14442.88
1976    33    1943     11573.13
1976    34    1942     12797.14
1976    35    1941     14991.87
1976    36    1940     12828.90
1976    37    1939     11877.27
1976    38    1938     10665.96
1976    39    1937      9042.29
1976    40    1936      5899.36
1976    41    1935      3636.09
1976    42    1934      1965.26
1976    43    1933      1070.01
1976    44    1932       733.70
1976    45    1931       414.21
1976    46    1930       305.48
1976    47    1929       149.55
1976    48    1928        70.96
1976    49    1927        29.42
1976    50    1926        12.56
1976    51    1925         5.76
1976    52    1924         3.12
1976    53    1923         1.60
1976    54    1922         0.77
1976    55+   1921-        1.23
1977    12-   1965+        0.02
1977    13    1964         0.62
1977    14    1963        14.46
1977    15    1962       168.49
1977    16    1961      1098.72
1977    17    1960      5289.97
1977    18    1959     17220.55
1977    19    1958     38297.82
1977    20    1957     52559.82
1977    21    1956     60953.27
1977    22    1955     63958.29
1977    23    1954     65084.23
1977    24    1953     59812.81
1977    25    1952     56804.36
1977    26    1951     49237.44
1977    27    1950     41883.81
1977    28    1949     38430.10
1977    29    1948     30279.88
1977    30    1947     26284.30
1977    31    1946     21409.97
1977    32    1945     11823.13
1977    33    1944     12100.44
1977    34    1943      9578.48
1977    35    1942     10306.57
1977    36    1941     11460.65
1977    37    1940      9544.13
1977    38    1939      9021.48
1977    39    1938      8286.41
1977    40    1937      6528.55
1977    41    1936      3909.34
1977    42    1935      2268.38
1977    43    1934      1111.50
1977    44    1933       563.30
1977    45    1932       444.02
1977    46    1931       271.13
1977    47    1930       141.96
1977    48    1929        45.36
1977    49    1928        14.39
1977    50    1927         4.13
1977    51    1926         1.63
1977    52    1925         0.93
1977    53    1924         0.60
1977    54    1923         0.41
1977    55+   1922-        1.17
1978    12-   1966+        0.02
1978    13    1965         0.57
1978    14    1964        12.16
1978    15    1963       159.24
1978    16    1962      1165.01
1978    17    1961      5253.50
1978    18    1960     18063.16
1978    19    1959     38865.74
1978    20    1958     61523.54
1978    21    1957     70290.36
1978    22    1956     68817.05
1978    23    1955     61465.93
1978    24    1954     57165.25
1978    25    1953     48720.06
1978    26    1952     46032.29
1978    27    1951     42283.36
1978    28    1950     37941.03
1978    29    1949     36823.08
1978    30    1948     26521.21
1978    31    1947     20648.60
1978    32    1946     18094.86
1978    33    1945      9256.71
1978    34    1944      9862.08
1978    35    1943      7646.01
1978    36    1942      7733.07
1978    37    1941      8853.42
1978    38    1940      7522.75
1978    39    1939      6650.80
1978    40    1938      5360.47
1978    41    1937      4043.39
1978    42    1936      2436.11
1978    43    1935      1385.27
1978    44    1934       724.07
1978    45    1933       390.97
1978    46    1932       248.69
1978    47    1931       107.21
1978    48    1930        67.04
1978    49    1929        28.38
1978    50    1928        13.87
1978    51    1927         7.23
1978    52    1926         1.40
1978    53    1925         0.42
1978    54    1924         1.30
1978    55+   1923-        0.28
1979    12-   1967+        0.02
1979    13    1966         0.59
1979    14    1965        11.91
1979    15    1964       162.43
1979    16    1963      1301.32
1979    17    1962      5592.26
1979    18    1961     17270.64
1979    19    1960     40525.58
1979    20    1959     61972.61
1979    21    1958     74979.55
1979    22    1957     70127.14
1979    23    1956     63687.02
1979    24    1955     55076.20
1979    25    1954     51430.38
1979    26    1953     43911.95
1979    27    1952     41036.86
1979    28    1951     37200.75
1979    29    1950     32605.84
1979    30    1949     30991.83
1979    31    1948     22711.32
1979    32    1947     17041.08
1979    33    1946     14254.87
1979    34    1945      7431.39
1979    35    1944      8047.42
1979    36    1943      6139.33
1979    37    1942      6019.02
1979    38    1941      6557.71
1979    39    1940      5263.73
1979    40    1939      4597.89
1979    41    1938      3642.40
1979    42    1937      2537.03
1979    43    1936      1435.11
1979    44    1935       753.88
1979    45    1934       391.63
1979    46    1933       184.53
1979    47    1932       103.76
1979    48    1931        43.36
1979    49    1930        23.44
1979    50    1929        24.11
1979    51    1928        11.67
1979    52    1927         1.35
1979    53    1926         2.62
1979    54    1925         2.37
1979    55+   1924-       82.10
1980    12-   1968+        0.02
1980    13    1967         0.66
1980    14    1966        13.85
1980    15    1965       173.84
1980    16    1964      1279.56
1980    17    1963      5681.07
1980    18    1962     17966.87
1980    19    1961     40346.01
1980    20    1960     65239.53
1980    21    1959     74440.06
1980    22    1958     74366.50
1980    23    1957     64701.25
1980    24    1956     57473.58
1980    25    1955     50576.11
1980    26    1954     46303.79
1980    27    1953     39227.59
1980    28    1952     35759.08
1980    29    1951     32258.94
1980    30    1950     28229.01
1980    31    1949     26073.07
1980    32    1948     17846.78
1980    33    1947     14107.38
1980    34    1946     11638.54
1980    35    1945      6126.31
1980    36    1944      6359.90
1980    37    1943      4710.23
1980    38    1942      4514.24
1980    39    1941      4717.54
1980    40    1940      3838.28
1980    41    1939      3112.98
1980    42    1938      2256.74
1980    43    1937      1551.99
1980    44    1936       831.02
1980    45    1935       405.35
1980    46    1934       179.47
1980    47    1933        79.02
1980    48    1932        44.46
1980    49    1931        23.36
1980    50    1930        18.95
1980    51    1929        10.50
1980    52    1928         3.71
1980    53    1927         1.58
1980    54    1926         0.27
1980    55+   1925-        0.00
1981    12-   1969+        0.02
1981    13    1968         0.73
1981    14    1967        14.78
1981    15    1966       185.86
1981    16    1965      1224.47
1981    17    1964      5319.25
1981    18    1963     16982.50
1981    19    1962     37730.14
1981    20    1961     58922.45
1981    21    1960     72255.96
1981    22    1959     70511.71
1981    23    1958     65596.02
1981    24    1957     56938.37
1981    25    1956     50890.86
1981    26    1955     45410.51
1981    27    1954     42048.82
1981    28    1953     35233.06
1981    29    1952     32323.06
1981    30    1951     28667.47
1981    31    1950     24170.05
1981    32    1949     22467.12
1981    33    1948     15547.85
1981    34    1947     12034.44
1981    35    1946      9640.73
1981    36    1945      5026.37
1981    37    1944      5244.17
1981    38    1943      3662.45
1981    39    1942      3389.32
1981    40    1941      3539.95
1981    41    1940      2748.29
1981    42    1939      2183.30
1981    43    1938      1521.87
1981    44    1937       942.51
1981    45    1936       448.95
1981    46    1935       202.19
1981    47    1934        81.67
1981    48    1933        38.56
1981    49    1932        29.55
1981    50    1931         5.64
1981    51    1930         1.34
1981    52    1929         0.66
1981    53    1928         0.00
1981    54    1927         0.00
1981    55+   1926-        0.00
1982    12-   1970+        0.02
1982    13    1969         0.76
1982    14    1968        16.27
1982    15    1967       199.47
1982    16    1966      1335.98
1982    17    1965      5356.39
1982    18    1964     16648.62
1982    19    1963     37692.10
1982    20    1962     59902.97
1982    21    1961     71416.19
1982    22    1960     74238.39
1982    23    1959     67605.51
1982    24    1958     60642.83
1982    25    1957     52121.99
1982    26    1956     46458.67
1982    27    1955     40826.01
1982    28    1954     37421.65
1982    29    1953     30705.53
1982    30    1952     28248.44
1982    31    1951     24405.38
1982    32    1950     20418.23
1982    33    1949     18931.93
1982    34    1948     12747.80
1982    35    1947      9777.02
1982    36    1946      7818.28
1982    37    1945      3981.91
1982    38    1944      4036.59
1982    39    1943      2787.47
1982    40    1942      2541.62
1982    41    1941      2528.05
1982    42    1940      1806.20
1982    43    1939      1324.33
1982    44    1938       825.13
1982    45    1937       477.63
1982    46    1936       218.23
1982    47    1935        84.59
1982    48    1934        23.14
1982    49    1933         9.13
1982    50    1932         7.17
1982    51    1931         1.38
1982    52    1930         0.54
1982    53    1929         0.46
1982    54    1928         0.00
1982    55+   1927-        1.00
1983    12-   1971+        0.02
1983    13    1970         0.66
1983    14    1969        12.84
1983    15    1968       171.37
1983    16    1967      1291.75
1983    17    1966      5794.47
1983    18    1965     16752.36
1983    19    1964     36966.04
1983    20    1963     59719.95
1983    21    1962     73358.17
1983    22    1961     74707.87
1983    23    1960     72769.05
1983    24    1959     65251.38
1983    25    1958     60001.50
1983    26    1957     52978.21
1983    27    1956     47165.13
1983    28    1955     41027.96
1983    29    1954     37915.18
1983    30    1953     30741.70
1983    31    1952     27738.97
1983    32    1951     23626.75
1983    33    1950     19294.09
1983    34    1949     17556.41
1983    35    1948     11781.86
1983    36    1947      8807.80
1983    37    1946      6764.99
1983    38    1945      3262.40
1983    39    1944      3163.37
1983    40    1943      2119.51
1983    41    1942      1840.37
1983    42    1941      1761.56
1983    43    1940      1193.82
1983    44    1939       755.61
1983    45    1938       433.05
1983    46    1937       235.13
1983    47    1936        96.73
1983    48    1935        37.25
1983    49    1934        10.95
1983    50    1933         2.24
1983    51    1932         1.94
1983    52    1931         0.60
1983    53    1930         0.00
1983    54    1929         0.00
1983    55+   1928-        0.00
1984    12-   1972+        0.02
1984    13    1971         0.72
1984    14    1970        14.84
1984    15    1969       187.03
1984    16    1968      1406.13
1984    17    1967      6197.38
1984    18    1966     18254.64
1984    19    1965     36381.86
1984    20    1964     57569.89
1984    21    1963     72029.42
1984    22    1962     75134.54
1984    23    1961     69560.49
1984    24    1960     65260.11
1984    25    1959     58345.06
1984    26    1958     52859.41
1984    27    1957     46292.10
1984    28    1956     40737.76
1984    29    1955     34599.40
1984    30    1954     31334.57
1984    31    1953     24956.54
1984    32    1952     22340.03
1984    33    1951     18843.70
1984    34    1950     15573.97
1984    35    1949     13911.79
1984    36    1948      8901.49
1984    37    1947      6539.67
1984    38    1946      5015.35
1984    39    1945      2407.19
1984    40    1944      2307.22
1984    41    1943      1457.58
1984    42    1942      1227.30
1984    43    1941      1033.98
1984    44    1940       648.78
1984    45    1939       394.70
1984    46    1938       180.76
1984    47    1937        89.25
1984    48    1936        29.27
1984    49    1935         8.76
1984    50    1934         1.31
1984    51    1933         0.00
1984    52    1932         0.00
1984    53    1931         0.00
1984    54    1930         0.00
1984    55+   1929-        1.00
1985    12-   1973+        0.02
1985    13    1972         0.81
1985    14    1971        16.72
1985    15    1970       218.53
1985    16    1969      1478.07
1985    17    1968      6192.51
1985    18    1967     17858.62
1985    19    1966     36866.35
1985    20    1965     52780.30
1985    21    1964     64895.57
1985    22    1963     69881.03
1985    23    1962     67413.89
1985    24    1961     61608.68
1985    25    1960     58000.07
1985    26    1959     51822.63
1985    27    1958     46416.40
1985    28    1957     40087.08
1985    29    1956     34490.60
1985    30    1955     28950.44
1985    31    1954     25751.01
1985    32    1953     20166.44
1985    33    1952     17954.78
1985    34    1951     14994.34
1985    35    1950     12189.76
1985    36    1949     10972.90
1985    37    1948      6979.80
1985    38    1947      4884.18
1985    39    1946      3639.21
1985    40    1945      1755.88
1985    41    1944      1600.54
1985    42    1943       971.42
1985    43    1942       775.70
1985    44    1941       544.93
1985    45    1940       309.43
1985    46    1939       183.60
1985    47    1938        81.48
1985    48    1937        27.81
1985    49    1936         9.10
1985    50    1935         3.91
1985    51    1934         0.44
1985    52    1933         0.00
1985    53    1932         0.00
1985    54    1931         0.00
1985    55+   1930-        0.00
1986    12-   1974+        0.02
1986    13    1973         0.71
1986    14    1972        15.57
1986    15    1971       203.85
1986    16    1970      1551.10
1986    17    1969      6438.84
1986    18    1968     18268.15
1986    19    1967     37056.40
1986    20    1966     56774.21
1986    21    1965     64235.40
1986    22    1964     67374.61
1986    23    1963     66373.53
1986    24    1962     62233.79
1986    25    1961     58120.58
1986    26    1960     54767.23
1986    27    1959     48643.09
1986    28    1958     43093.31
1986    29    1957     37055.53
1986    30    1956     32053.21
1986    31    1955     26802.93
1986    32    1954     23834.98
1986    33    1953     18872.41
1986    34    1952     16549.59
1986    35    1951     13707.18
1986    36    1950     11219.60
1986    37    1949      9716.95
1986    38    1948      6019.46
1986    39    1947      4209.12
1986    40    1946      3035.07
1986    41    1945      1371.21
1986    42    1944      1221.58
1986    43    1943       683.76
1986    44    1942       477.31
1986    45    1941       308.33
1986    46    1940       150.24
1986    47    1939        83.87
1986    48    1938        35.50
1986    49    1937         9.17
1986    50    1936         3.28
1986    51    1935         2.89
1986    52    1934         0.46
1986    53    1933         0.00
1986    54    1932         0.00
1986    55+   1931-        0.00
1987    12-   1975+        0.02
1987    13    1974         0.75
1987    14    1973        15.77
1987    15    1972       225.43
1987    16    1971      1698.46
1987    17    1970      6918.58
1987    18    1969     18434.61
1987    19    1968     37688.52
1987    20    1967     54503.58
1987    21    1966     64376.98
1987    22    1965     62316.68
1987    23    1964     60681.40
1987    24    1963     58900.27
1987    25    1962     55597.76
1987    26    1961     50866.91
1987    27    1960     47445.32
1987    28    1959     41826.75
1987    29    1958     36395.72
1987    30    1957     30993.80
1987    31    1956     26129.66
1987    32    1955     21504.66
1987    33    1954     18741.46
1987    34    1953     14537.05
1987    35    1952     12934.99
1987    36    1951     10606.21
1987    37    1950      8477.90
1987    38    1949      7196.50
1987    39    1948      4339.74
1987    40    1947      2876.49
1987    41    1946      1991.30
1987    42    1945       885.00
1987    43    1944       804.35
1987    44    1943       407.89
1987    45    1942       243.67
1987    46    1941       149.37
1987    47    1940        63.10
1987    48    1939        42.25
1987    49    1938        23.20
1987    50    1937         5.16
1987    51    1936         1.31
1987    52    1935         0.99
1987    53    1934         1.19
1987    54    1933         0.27
1987    55+   1932-        0.00
1988    12-   1976+        0.02
1988    13    1975         0.68
1988    14    1974        14.32
1988    15    1973       192.94
1988    16    1972      1616.81
1988    17    1971      7038.81
1988    18    1970     20352.32
1988    19    1969     39186.72
1988    20    1968     56727.74
1988    21    1967     63064.89
1988    22    1966     64336.09
1988    23    1965     56825.28
1988    24    1964     53747.25
1988    25    1963     52252.05
1988    26    1962     49223.26
1988    27    1961     44472.67
1988    28    1960     40607.72
1988    29    1959     35617.19
1988    30    1958     30715.30
1988    31    1957     25487.09
1988    32    1956     21517.28
1988    33    1955     17347.10
1988    34    1954     15253.87
1988    35    1953     11697.26
1988    36    1952      9878.98
1988    37    1951      7986.21
1988    38    1950      6126.94
1988    39    1949      5078.79
1988    40    1948      3033.11
1988    41    1947      1891.19
1988    42    1946      1360.32
1988    43    1945       537.95
1988    44    1944       409.53
1988    45    1943       196.58
1988    46    1942       105.29
1988    47    1941        60.77
1988    48    1940        26.90
1988    49    1939        16.38
1988    50    1938         8.43
1988    51    1937         5.24
1988    52    1936         4.29
1988    53    1935         4.25
1988    54    1934         3.21
1988    55+   1933-       26.95
1989    12-   1977+        0.02
1989    13    1976         0.86
1989    14    1975        19.02
1989    15    1974       257.73
1989    16    1973      1830.29
1989    17    1972      7918.65
1989    18    1971     21509.64
1989    19    1970     41636.63
1989    20    1969     54486.87
1989    21    1968     61048.67
1989    22    1967     58617.67
1989    23    1966     55295.91
1989    24    1965     47649.05
1989    25    1964     44850.69
1989    26    1963     43023.09
1989    27    1962     39776.55
1989    28    1961     35909.79
1989    29    1960     32526.58
1989    30    1959     27474.82
1989    31    1958     23726.88
1989    32    1957     19583.37
1989    33    1956     16007.69
1989    34    1955     13014.98
1989    35    1954     11289.43
1989    36    1953      8558.32
1989    37    1952      7176.29
1989    38    1951      5615.22
1989    39    1950      4215.52
1989    40    1949      3317.57
1989    41    1948      1970.59
1989    42    1947      1197.69
1989    43    1946       817.08
1989    44    1945       289.01
1989    45    1944       195.70
1989    46    1943        84.15
1989    47    1942        40.11
1989    48    1941        23.30
1989    49    1940        13.24
1989    50    1939         6.98
1989    51    1938         2.57
1989    52    1937         0.78
1989    53    1936         0.00
1989    54    1935         0.00
1989    55+   1934-        2.00
1990    12-   1978+        0.02
1990    13    1977         0.99
1990    14    1976        24.64
1990    15    1975       331.42
1990    16    1974      2287.75
1990    17    1973      8773.18
1990    18    1972     24201.51
1990    19    1971     43958.13
1990    20    1970     58757.75
1990    21    1969     59845.67
1990    22    1968     57328.97
1990    23    1967     50356.54
1990    24    1966     46259.39
1990    25    1965     39970.30
1990    26    1964     37402.20
1990    27    1963     35649.73
1990    28    1962     32253.87
1990    29    1961     28365.49
1990    30    1960     25545.16
1990    31    1959     21694.16
1990    32    1958     17892.99
1990    33    1957     14651.33
1990    34    1956     11994.48
1990    35    1955      9525.82
1990    36    1954      8111.82
1990    37    1953      5985.16
1990    38    1952      4947.78
1990    39    1951      3740.75
1990    40    1950      2717.83
1990    41    1949      2128.24
1990    42    1948      1148.72
1990    43    1947       663.72
1990    44    1946       404.11
1990    45    1945       128.96
1990    46    1944        77.77
1990    47    1943        35.36
1990    48    1942        16.13
1990    49    1941         8.95
1990    50    1940         6.47
1990    51    1939         2.23
1990    52    1938         2.18
1990    53    1937         1.33
1990    54    1936         0.00
1990    55+   1935-        3.00
1991    12-   1979+        0.02
1991    13    1978         1.11
1991    14    1977        27.03
1991    15    1976       386.54
1991    16    1975      2592.48
1991    17    1974      9781.62
1991    18    1973     24144.29
1991    19    1972     45228.61
1991    20    1971     59259.77
1991    21    1970     62697.49
1991    22    1969     54917.15
1991    23    1968     49135.30
1991    24    1967     42599.87
1991    25    1966     39026.19
1991    26    1965     33587.32
1991    27    1964     30948.07
1991    28    1963     29133.36
1991    29    1962     26083.19
1991    30    1961     22643.39
1991    31    1960     19962.01
1991    32    1959     16630.73
1991    33    1958     13768.35
1991    34    1957     11247.20
1991    35    1956      9018.14
1991    36    1955      7029.43
1991    37    1954      5993.74
1991    38    1953      4386.24
1991    39    1952      3479.76
1991    40    1951      2556.98
1991    41    1950      1810.76
1991    42    1949      1350.37
1991    43    1948       722.38
1991    44    1947       362.80
1991    45    1946       190.25
1991    46    1945        57.81
1991    47    1944        27.97
1991    48    1943         9.16
1991    49    1942         6.30
1991    50    1941         3.35
1991    51    1940         1.45
1991    52    1939         1.63
1991    53    1938         0.40
1991    54    1937         1.09
1991    55+   1936-        1.91
1992    12-   1980+        0.03
1992    13    1979         1.31
1992    14    1978        34.15
1992    15    1977       448.02
1992    16    1976      2883.76
1992    17    1975     10310.00
1992    18    1974     25262.79
1992    19    1973     43350.61
1992    20    1972     58871.87
1992    21    1971     60494.76
1992    22    1970     55232.93
1992    23    1969     45521.99
1992    24    1968     40377.09
1992    25    1967     35232.26
1992    26    1966     32138.11
1992    27    1965     27393.94
1992    28    1964     25103.42
1992    29    1963     23191.57
1992    30    1962     20526.76
1992    31    1961     17527.16
1992    32    1960     15321.03
1992    33    1959     12920.07
1992    34    1958     10588.31
1992    35    1957      8457.69
1992    36    1956      6774.49
1992    37    1955      5125.84
1992    38    1954      4092.85
1992    39    1953      2949.09
1992    40    1952      2356.96
1992    41    1951      1708.66
1992    42    1950      1133.30
1992    43    1949       759.36
1992    44    1948       367.99
1992    45    1947       170.37
1992    46    1946        99.50
1992    47    1945        29.75
1992    48    1944        15.16
1992    49    1943         5.10
1992    50    1942         1.90
1992    51    1941         2.16
1992    52    1940         1.44
1992    53    1939         1.20
1992    54    1938         0.30
1992    55+   1937-        0.00
1993    12-   1981+        0.03
1993    13    1980         1.54
1993    14    1979        39.76
1993    15    1978       527.55
1993    16    1977      2978.49
1993    17    1976     10473.08
1993    18    1975     25007.32
1993    19    1974     41727.79
1993    20    1973     52288.61
1993    21    1972     56897.15
1993    22    1971     51425.27
1993    23    1970     44716.26
1993    24    1969     36919.15
1993    25    1968     33089.54
1993    26    1967     29132.72
1993    27    1966     26577.90
1993    28    1965     22591.25
1993    29    1964     20135.42
1993    30    1963     18434.99
1993    31    1962     16398.01
1993    32    1961     13921.29
1993    33    1960     12017.24
1993    34    1959      9878.77
1993    35    1958      8006.81
1993    36    1957      6376.73
1993    37    1956      5059.44
1993    38    1955      3773.12
1993    39    1954      3010.43
1993    40    1953      2070.31
1993    41    1952      1566.43
1993    42    1951      1056.28
1993    43    1950       628.89
1993    44    1949       399.89
1993    45    1948       190.87
1993    46    1947        87.23
1993    47    1946        43.09
1993    48    1945        10.82
1993    49    1944         3.07
1993    50    1943         1.52
1993    51    1942         0.93
1993    52    1941         0.42
1993    53    1940         1.27
1993    54    1939         0.31
1993    55+   1938-        0.00
1994    12-   1982+        0.03
1994    13    1981         1.53
1994    14    1980        43.81
1994    15    1979       565.01
1994    16    1978      3239.97
1994    17    1977     10316.09
1994    18    1976     24414.92
1994    19    1975     39947.37
1994    20    1974     50345.40
1994    21    1973     51357.51
1994    22    1972     48692.99
1994    23    1971     41886.42
1994    24    1970     36446.48
1994    25    1969     30292.61
1994    26    1968     27001.95
1994    27    1967     23654.33
1994    28    1966     21448.69
1994    29    1965     17955.05
1994    30    1964     16030.99
1994    31    1963     14589.01
1994    32    1962     12710.45
1994    33    1961     10816.52
1994    34    1960      9307.24
1994    35    1959      7588.68
1994    36    1958      6102.21
1994    37    1957      4687.45
1994    38    1956      3577.99
1994    39    1955      2632.91
1994    40    1954      2107.60
1994    41    1953      1411.73
1994    42    1952      1023.41
1994    43    1951       635.50
1994    44    1950       361.51
1994    45    1949       212.26
1994    46    1948        84.49
1994    47    1947        32.98
1994    48    1946        14.01
1994    49    1945         1.88
1994    50    1944         0.00
1994    51    1943         0.81
1994    52    1942         1.66
1994    53    1941         1.02
1994    54    1940         1.03
1994    55+   1939-        1.48
1995    12-   1983+        0.03
1995    13    1982         1.87
1995    14    1981        52.11
1995    15    1980       697.90
1995    16    1979      3509.78
1995    17    1978     10499.44
1995    18    1977     22660.81
1995    19    1976     38128.05
1995    20    1975     47658.10
1995    21    1974     48852.47
1995    22    1973     44223.40
1995    23    1972     40895.77
1995    24    1971     35220.34
1995    25    1970     30777.36
1995    26    1969     25537.61
1995    27    1968     22524.22
1995    28    1967     19626.72
1995    29    1966     17613.70
1995    30    1965     14550.05
1995    31    1964     12717.84
1995    32    1963     11345.80
1995    33    1962      9797.88
1995    34    1961      8202.29
1995    35    1960      6950.59
1995    36    1959      5633.59
1995    37    1958      4472.75
1995    38    1957      3247.20
1995    39    1956      2397.02
1995    40    1955      1721.33
1995    41    1954      1303.15
1995    42    1953       839.13
1995    43    1952       556.40
1995    44    1951       342.99
1995    45    1950       174.56
1995    46    1949        82.98
1995    47    1948        34.02
1995    48    1947         8.74
1995    49    1946         1.01
1995    50    1945         1.26
1995    51    1944         0.74
1995    52    1943         0.00
1995    53    1942         0.00
1995    54    1941         0.00
1995    55+   1940-        0.00
1996    12-   1984+        0.03
1996    13    1983         1.95
1996    14    1982        49.83
1996    15    1981       632.45
1996    16    1980      3372.33
1996    17    1979      9641.28
1996    18    1978     21610.61
1996    19    1977     34542.72
1996    20    1976     45098.26
1996    21    1975     46936.96
1996    22    1974     43152.90
1996    23    1973     37773.35
1996    24    1972     34488.39
1996    25    1971     29629.97
1996    26    1970     25637.71
1996    27    1969     21167.55
1996    28    1968     18689.84
1996    29    1967     15973.89
1996    30    1966     14283.78
1996    31    1965     11713.73
1996    32    1964     10102.19
1996    33    1963      8981.68
1996    34    1962      7601.40
1996    35    1961      6288.14
1996    36    1960      5322.87
1996    37    1959      4211.06
1996    38    1958      3253.37
1996    39    1957      2336.26
1996    40    1956      1719.60
1996    41    1955      1170.31
1996    42    1954       804.80
1996    43    1953       484.65
1996    44    1952       292.15
1996    45    1951       149.90
1996    46    1950        64.25
1996    47    1949        24.08
1996    48    1948         4.51
1996    49    1947         0.32
1996    50    1946         1.51
1996    51    1945         0.49
1996    52    1944         0.00
1996    53    1943         0.00
1996    54    1942         0.00
1996    55+   1941-        0.00
1997    12-   1985+        0.03
1997    13    1984         1.57
1997    14    1983        45.25
1997    15    1982       545.03
1997    16    1981      2926.27
1997    17    1980      9060.18
1997    18    1979     19195.84
1997    19    1978     31585.70
1997    20    1977     39216.70
1997    21    1976     43508.74
1997    22    1975     41304.55
1997    23    1974     37075.11
1997    24    1973     32243.56
1997    25    1972     29244.72
1997    26    1971     25219.97
1997    27    1970     21906.49
1997    28    1969     17875.55
1997    29    1968     15692.09
1997    30    1967     13366.45
1997    31    1966     11725.82
1997    32    1965      9518.99
1997    33    1964      8160.96
1997    34    1963      7136.92
1997    35    1962      6245.74
1997    36    1961      5206.15
1997    37    1960      4192.58
1997    38    1959      3211.51
1997    39    1958      2484.19
1997    40    1957      1765.62
1997    41    1956      1158.64
1997    42    1955       756.31
1997    43    1954       494.49
1997    44    1953       278.61
1997    45    1952       135.79
1997    46    1951        48.19
1997    47    1950        28.37
1997    48    1949        15.42
1997    49    1948         1.91
1997    50    1947         0.68
1997    51    1946         0.32
1997    52    1945         0.00
1997    53    1944         0.00
1997    54    1943         0.00
1997    55+   1942-        0.00
1998    12-   1986+        0.02
1998    13    1985         1.39
1998    14    1984        39.02
1998    15    1983       528.13
1998    16    1982      2668.86
1998    17    1981      7951.75
1998    18    1980     17710.43
1998    19    1979     28323.80
1998    20    1978     37244.81
1998    21    1977     38943.62
1998    22    1976     38975.36
1998    23    1975     35989.80
1998    24    1974     31685.26
1998    25    1973     27063.60
1998    26    1972     24732.72
1998    27    1971     21194.39
1998    28    1970     18230.31
1998    29    1969     14980.39
1998    30    1968     13048.32
1998    31    1967     10912.86
1998    32    1966      9415.68
1998    33    1965      7783.46
1998    34    1964      6671.55
1998    35    1963      5756.38
1998    36    1962      4862.23
1998    37    1961      3893.81
1998    38    1960      3150.13
1998    39    1959      2496.53
1998    40    1958      1868.37
1998    41    1957      1232.64
1998    42    1956       832.96
1998    43    1955       495.31
1998    44    1954       293.62
1998    45    1953       146.88
1998    46    1952        68.25
1998    47    1951        28.62
1998    48    1950        10.57
1998    49    1949         3.27
1998    50    1948         2.34
1998    51    1947         0.54
1998    52    1946         0.00
1998    53    1945         0.00
1998    54    1944         0.00
1998    55+   1943-        0.00
1999    12-   1987+        0.02
1999    13    1986         1.28
1999    14    1985        33.25
1999    15    1984       424.84
1999    16    1983      2327.59
1999    17    1982      6503.72
1999    18    1981     14460.06
1999    19    1980     25484.68
1999    20    1979     32488.80
1999    21    1978     36144.37
1999    22    1977     34575.64
1999    23    1976     33288.32
1999    24    1975     30478.16
1999    25    1974     26992.42
1999    26    1973     22851.88
1999    27    1972     20598.07
1999    28    1971     17870.44
1999    29    1970     15286.04
1999    30    1969     12342.11
1999    31    1968     10683.25
1999    32    1967      8901.03
1999    33    1966      7542.33
1999    34    1965      6133.81
1999    35    1964      5330.71
1999    36    1963      4541.91
1999    37    1962      3735.53
1999    38    1961      2943.75
1999    39    1960      2350.14
1999    40    1959      1751.22
1999    41    1958      1287.46
1999    42    1957       818.37
1999    43    1956       516.60
1999    44    1955       294.54
1999    45    1954       131.29
1999    46    1953        54.82
1999    47    1952        20.90
1999    48    1951         8.81
1999    49    1950         4.94
1999    50    1949         2.08
1999    51    1948         1.52
1999    52    1947         0.36
1999    53    1946         0.75
1999    54    1945         0.25
1999    55+   1944-        0.00
2000    12-   1988+        0.02
2000    13    1987         1.02
2000    14    1986        28.94
2000    15    1985       355.74
2000    16    1984      2031.41
2000    17    1983      6499.41
2000    18    1982     13537.44
2000    19    1981     22831.79
2000    20    1980     32060.69
2000    21    1979     34901.54
2000    22    1978     34891.26
2000    23    1977     32178.57
2000    24    1976     30692.22
2000    25    1975     27369.21
2000    26    1974     23762.03
2000    27    1973     20193.55
2000    28    1972     18318.71
2000    29    1971     15685.92
2000    30    1970     13451.94
2000    31    1969     10702.53
2000    32    1968      9087.11
2000    33    1967      7478.28
2000    34    1966      6259.53
2000    35    1965      4962.09
2000    36    1964      4263.82
2000    37    1963      3619.48
2000    38    1962      2882.45
2000    39    1961      2270.63
2000    40    1960      1721.46
2000    41    1959      1201.33
2000    42    1958       830.35
2000    43    1957       515.87
2000    44    1956       294.18
2000    45    1955       142.02
2000    46    1954        68.87
2000    47    1953        20.94
2000    48    1952         4.68
2000    49    1951         2.69
2000    50    1950         1.26
2000    51    1949         0.43
2000    52    1948         1.56
2000    53    1947         2.47
2000    54    1946         0.57
2000    55+   1945-        0.00
2001    12-   1989+        0.02
2001    13    1988         1.13
2001    14    1987        30.81
2001    15    1986       393.40
2001    16    1985      1890.84
2001    17    1984      5696.94
2001    18    1983     13234.55
2001    19    1982     20982.48
2001    20    1981     28209.42
2001    21    1980     33479.76
2001    22    1979     32819.50
2001    23    1978     32409.75
2001    24    1977     29106.39
2001    25    1976     27097.60
2001    26    1975     24622.66
2001    27    1974     21127.20
2001    28    1973     17561.11
2001    29    1972     16082.90
2001    30    1971     13680.48
2001    31    1970     11671.30
2001    32    1969      9320.31
2001    33    1968      7928.22
2001    34    1967      6388.30
2001    35    1966      5222.46
2001    36    1965      4221.92
2001    37    1964      3504.42
2001    38    1963      2827.97
2001    39    1962      2181.19
2001    40    1961      1644.78
2001    41    1960      1245.64
2001    42    1959       846.73
2001    43    1958       515.78
2001    44    1957       276.27
2001    45    1956       133.71
2001    46    1955        64.96
2001    47    1954        32.50
2001    48    1953        13.41
2001    49    1952         5.47
2001    50    1951         0.71
2001    51    1950         1.59
2001    52    1949         1.41
2001    53    1948         0.00
2001    54    1947         0.46
2001    55+   1946-        1.54
2002    12-   1990+        0.02
2002    13    1989         1.09
2002    14    1988        30.87
2002    15    1987       370.20
2002    16    1986      1938.74
2002    17    1985      5563.48
2002    18    1984     12764.08
2002    19    1983     22261.66
2002    20    1982     28143.95
2002    21    1981     32238.44
2002    22    1980     34174.96
2002    23    1979     32023.44
2002    24    1978     30783.44
2002    25    1977     27612.19
2002    26    1976     25820.91
2002    27    1975     22921.54
2002    28    1974     19789.46
2002    29    1973     16627.78
2002    30    1972     15150.51
2002    31    1971     12932.33
2002    32    1970     10720.37
2002    33    1969      8268.25
2002    34    1968      6907.48
2002    35    1967      5568.83
2002    36    1966      4556.06
2002    37    1965      3524.84
2002    38    1964      2845.64
2002    39    1963      2306.23
2002    40    1962      1753.76
2002    41    1961      1227.44
2002    42    1960       833.52
2002    43    1959       509.71
2002    44    1958       288.91
2002    45    1957       125.54
2002    46    1956        60.21
2002    47    1955        28.36
2002    48    1954         6.90
2002    49    1953         1.82
2002    50    1952         2.10
2002    51    1951         1.55
2002    52    1950         0.38
2002    53    1949         0.00
2002    54    1948         0.00
2002    55+   1947-        1.00
2003    12-   1991+        0.02
2003    13    1990         1.06
2003    14    1989        29.05
2003    15    1988       362.84
2003    16    1987      1870.29
2003    17    1986      5630.08
2003    18    1985     11865.97
2003    19    1984     21160.86
2003    20    1983     30424.38
2003    21    1982     33005.37
2003    22    1981     33597.84
2003    23    1980     34026.45
2003    24    1979     31368.13
2003    25    1978     29733.99
2003    26    1977     26445.76
2003    27    1976     24407.69
2003    28    1975     21341.99
2003    29    1974     18571.59
2003    30    1973     16014.77
2003    31    1972     14323.86
2003    32    1971     11733.97
2003    33    1970      9722.63
2003    34    1969      7522.68
2003    35    1968      6182.77
2003    36    1967      4903.57
2003    37    1966      3966.14
2003    38    1965      2973.05
2003    39    1964      2298.19
2003    40    1963      1810.80
2003    41    1962      1289.18
2003    42    1961       881.37
2003    43    1960       557.56
2003    44    1959       300.43
2003    45    1958       153.90
2003    46    1957        68.57
2003    47    1956        25.39
2003    48    1955         6.90
2003    49    1954         3.73
2003    50    1953         1.13
2003    51    1952         0.00
2003    52    1951         1.63
2003    53    1950         1.38
2003    54    1949         0.00
2003    55+   1948-        2.00
2004    12-   1992+        0.02
2004    13    1991         1.10
2004    14    1990        30.63
2004    15    1989       366.81
2004    16    1988      1879.22
2004    17    1987      5528.57
2004    18    1986     12619.67
2004    19    1985     20596.61
2004    20    1984     29332.19
2004    21    1983     35858.45
2004    22    1982     35057.27
2004    23    1981     34098.05
2004    24    1980     33577.70
2004    25    1979     30497.50
2004    26    1978     28451.44
2004    27    1977     24874.29
2004    28    1976     22943.38
2004    29    1975     19810.53
2004    30    1974     17208.36
2004    31    1973     14692.08
2004    32    1972     12902.52
2004    33    1971     10553.10
2004    34    1970      8744.03
2004    35    1969      6806.11
2004    36    1968      5485.51
2004    37    1967      4248.58
2004    38    1966      3321.53
2004    39    1965      2394.24
2004    40    1964      1872.46
2004    41    1963      1386.07
2004    42    1962       903.31
2004    43    1961       583.45
2004    44    1960       336.80
2004    45    1959       159.26
2004    46    1958        76.76
2004    47    1957        34.73
2004    48    1956        15.49
2004    49    1955         6.38
2004    50    1954         2.95
2004    51    1953         1.58
2004    52    1952         0.28
2004    53    1951         0.00
2004    54    1950         0.00
2004    55+   1949-        0.00
2005    12-   1993+        0.02
2005    13    1992         0.92
2005    14    1991        26.13
2005    15    1990       318.59
2005    16    1989      1657.26
2005    17    1988      5084.83
2005    18    1987     11389.78
2005    19    1986     20193.26
2005    20    1985     26863.81
2005    21    1984     32558.05
2005    22    1983     35561.61
2005    23    1982     33203.53
2005    24    1981     32109.57
2005    25    1980     31547.13
2005    26    1979     28109.06
2005    27    1978     25830.45
2005    28    1977     22549.20
2005    29    1976     20908.50
2005    30    1975     18201.22
2005    31    1974     15880.46
2005    32    1973     13332.96
2005    33    1972     11536.14
2005    34    1971      9502.88
2005    35    1970      7665.84
2005    36    1969      5793.04
2005    37    1968      4575.69
2005    38    1967      3480.21
2005    39    1966      2689.03
2005    40    1965      1892.54
2005    41    1964      1390.02
2005    42    1963       947.04
2005    43    1962       610.35
2005    44    1961       365.32
2005    45    1960       168.80
2005    46    1959        76.91
2005    47    1958        37.62
2005    48    1957        14.13
2005    49    1956         7.78
2005    50    1955         2.89
2005    51    1954         1.08
2005    52    1953         0.39
2005    53    1952         0.42
2005    54    1951         1.30
2005    55+   1950-        0.29
2006    12-   1994+        0.02
2006    13    1993         1.00
2006    14    1992        27.72
2006    15    1991       333.27
2006    16    1990      1622.14
2006    17    1989      4650.65
2006    18    1988     10901.86
2006    19    1987     19534.00
2006    20    1986     28350.47
2006    21    1985     32459.67
2006    22    1984     35918.19
2006    23    1983     37818.57
2006    24    1982     34756.26
2006    25    1981     33206.84
2006    26    1980     32020.39
2006    27    1979     28050.57
2006    28    1978     25926.64
2006    29    1977     22692.79
2006    30    1976     20876.38
2006    31    1975     18079.48
2006    32    1974     15273.66
2006    33    1973     12688.58
2006    34    1972     11016.83
2006    35    1971      8928.94
2006    36    1970      7262.36
2006    37    1969      5280.53
2006    38    1968      3906.28
2006    39    1967      2896.85
2006    40    1966      2134.67
2006    41    1965      1393.43
2006    42    1964       994.02
2006    43    1963       650.84
2006    44    1962       372.62
2006    45    1961       188.46
2006    46    1960        84.85
2006    47    1959        36.87
2006    48    1958        13.64
2006    49    1957         7.73
2006    50    1956         3.58
2006    51    1955         0.34
2006    52    1954         1.95
2006    53    1953         3.49
2006    54    1952         0.56
2006    55+   1951-        0.00
2007    12-   1995+        0.02
2007    13    1994         0.94
2007    14    1993        25.83
2007    15    1992       314.85
2007    16    1991      1659.88
2007    17    1990      4791.21
2007    18    1989     10522.18
2007    19    1988     19060.99
2007    20    1987     27159.54
2007    21    1986     33375.99
2007    22    1985     34648.60
2007    23    1984     36925.06
2007    24    1983     37981.51
2007    25    1982     34500.87
2007    26    1981     31904.13
2007    27    1980     30022.54
2007    28    1979     26239.23
2007    29    1978     24025.92
2007    30    1977     21155.41
2007    31    1976     19434.90
2007    32    1975     16356.47
2007    33    1974     13835.23
2007    34    1973     11381.36
2007    35    1972      9662.69
2007    36    1971      7735.31
2007    37    1970      6055.39
2007    38    1969      4283.88
2007    39    1968      3199.60
2007    40    1967      2290.69
2007    41    1966      1638.24
2007    42    1965      1019.64
2007    43    1964       663.91
2007    44    1963       426.08
2007    45    1962       194.76
2007    46    1961        79.17
2007    47    1960        32.74
2007    48    1959        18.92
2007    49    1958        12.41
2007    50    1957         9.99
2007    51    1956         6.90
2007    52    1955         1.03
2007    53    1954         0.00
2007    54    1953         0.00
2007    55+   1952-        3.00
2008    12-   1996+        0.02
2008    13    1995         1.18
2008    14    1994        34.12
2008    15    1993       388.46
2008    16    1992      1768.77
2008    17    1991      4925.24
2008    18    1990     10818.33
2008    19    1989     18600.33
2008    20    1988     27091.70
2008    21    1987     33352.76
2008    22    1986     37750.72
2008    23    1985     37848.50
2008    24    1984     39600.86
2008    25    1983     40153.79
2008    26    1982     34866.15
2008    27    1981     31507.84
2008    28    1980     29860.52
2008    29    1979     26127.62
2008    30    1978     23922.52
2008    31    1977     20651.91
2008    32    1976     18617.13
2008    33    1975     15900.09
2008    34    1974     13334.22
2008    35    1973     10784.51
2008    36    1972      9237.90
2008    37    1971      7180.42
2008    38    1970      5368.53
2008    39    1969      3733.00
2008    40    1968      2646.50
2008    41    1967      1818.99
2008    42    1966      1177.35
2008    43    1965       670.56
2008    44    1964       412.41
2008    45    1963       220.99
2008    46    1962       105.45
2008    47    1961        49.99
2008    48    1960        30.09
2008    49    1959        14.59
2008    50    1958         4.70
2008    51    1957         1.88
2008    52    1956         0.38
2008    53    1955         1.41
2008    54    1954         2.15
2008    55+   1953-        4.45
2009    12-   1997+        0.02
2009    13    1996         1.07
2009    14    1995        30.08
2009    15    1994       353.52
2009    16    1993      1640.59
2009    17    1992      4539.14
2009    18    1991     10013.57
2009    19    1990     17152.93
2009    20    1989     24040.44
2009    21    1988     30317.53
2009    22    1987     34588.53
2009    23    1986     38574.58
2009    24    1985     37999.24
2009    25    1984     38813.16
2009    26    1983     38352.68
2009    27    1982     32847.38
2009    28    1981     29789.36
2009    29    1980     28037.95
2009    30    1979     24473.82
2009    31    1978     22374.57
2009    32    1977     19211.48
2009    33    1976     17096.18
2009    34    1975     14327.37
2009    35    1974     11960.97
2009    36    1973      9678.17
2009    37    1972      7977.48
2009    38    1971      5926.14
2009    39    1970      4364.57
2009    40    1969      2978.11
2009    41    1968      2063.70
2009    42    1967      1322.97
2009    43    1966       815.40
2009    44    1965       415.61
2009    45    1964       227.68
2009    46    1963       125.79
2009    47    1962        47.15
2009    48    1961        14.12
2009    49    1960        10.00
2009    50    1959        11.36
2009    51    1958         4.15
2009    52    1957         1.40
2009    53    1956         2.15
2009    54    1955         1.46
2009    55+   1954-        1.45
2010    12-   1998+        0.76
2010    13    1997        10.42
2010    14    1996        51.28
2010    15    1995       329.76
2010    16    1994      1363.24
2010    17    1993      3929.15
2010    18    1992      8567.24
2010    19    1991     14965.08
2010    20    1990     21120.57
2010    21    1989     26245.12
2010    22    1988     31170.37
2010    23    1987     34566.10
2010    24    1986     37979.23
2010    25    1985     37013.36
2010    26    1984     36734.73
2010    27    1983     35348.65
2010    28    1982     30465.74
2010    29    1981     27567.88
2010    30    1980     25720.72
2010    31    1979     22337.67
2010    32    1978     19993.89
2010    33    1977     16837.24
2010    34    1976     14917.61
2010    35    1975     12488.44
2010    36    1974     10341.14
2010    37    1973      7963.55
2010    38    1972      6281.14
2010    39    1971      4629.37
2010    40    1970      3337.38
2010    41    1969      2179.76
2010    42    1968      1408.06
2010    43    1967       826.70
2010    44    1966       482.06
2010    45    1965       241.17
2010    46    1964       109.15
2010    47    1963        62.95
2010    48    1962        37.10
2010    49    1961        20.38
2010    50    1960        11.35
2010    51    1959        10.81
2010    52    1958         6.16
2010    53    1957         2.40
2010    54    1956         3.12
2010    55+   1955-       10.97
2011    12-   1999+        0.84
2011    13    1998        16.08
2011    14    1997        55.11
2011    15    1996       293.29
2011    16    1995      1285.20
2011    17    1994      3621.97
2011    18    1993      7801.53
2011    19    1992     13778.51
2011    20    1991     19822.11
2011    21    1990     24956.70
2011    22    1989     28912.80
2011    23    1988     32982.11
2011    24    1987     35919.53
2011    25    1986     38447.98
2011    26    1985     36524.05
2011    27    1984     35319.85
2011    28    1983     33577.93
2011    29    1982     28781.63
2011    30    1981     25922.50
2011    31    1980     24176.45
2011    32    1979     20884.78
2011    33    1978     18493.13
2011    34    1977     15321.53
2011    35    1976     13539.87
2011    36    1975     11353.90
2011    37    1974      9013.96
2011    38    1973      6788.70
2011    39    1972      5269.81
2011    40    1971      3710.33
2011    41    1970      2495.33
2011    42    1969      1548.87
2011    43    1968       935.83
2011    44    1967       489.80
2011    45    1966       268.47
2011    46    1965       120.20
2011    47    1964        62.22
2011    48    1963        31.83
2011    49    1962        19.63
2011    50    1961        16.26
2011    51    1960         5.85
2011    52    1959         5.66
2011    53    1958         4.87
2011    54    1957         2.83
2011    55+   1956-       15.15
2012    12-   2000+        0.29
2012    13    1999         9.02
2012    14    1998        64.37
2012    15    1997       323.11
2012    16    1996      1281.65
2012    17    1995      3563.77
2012    18    1994      7452.09
2012    19    1993     13092.68
2012    20    1992     19207.59
2012    21    1991     24522.28
2012    22    1990     28544.81
2012    23    1989     32135.77
2012    24    1988     36390.49
2012    25    1987     38527.13
2012    26    1986     39642.91
2012    27    1985     35962.34
2012    28    1984     34490.67
2012    29    1983     33259.33
2012    30    1982     28374.08
2012    31    1981     25187.88
2012    32    1980     22754.30
2012    33    1979     19116.46
2012    34    1978     16948.09
2012    35    1977     14245.50
2012    36    1976     12405.25
2012    37    1975      9739.40
2012    38    1974      7394.03
2012    39    1973      5399.28
2012    40    1972      4031.88
2012    41    1971      2732.08
2012    42    1970      1763.95
2012    43    1969       973.48
2012    44    1968       537.98
2012    45    1967       295.01
2012    46    1966       147.12
2012    47    1965        59.73
2012    48    1964        37.99
2012    49    1963        26.10
2012    50    1962        15.61
2012    51    1961        14.46
2012    52    1960         8.53
2012    53    1959         9.26
2012    54    1958         5.79
2012    55+   1957-       11.48
2013    12-   2001+        0.14
2013    13    2000         8.47
2013    14    1999        60.94
2013    15    1998       309.31
2013    16    1997      1222.97
2013    17    1996      3276.90
2013    18    1995      6774.14
2013    19    1994     11757.92
2013    20    1993     17252.21
2013    21    1992     22254.85
2013    22    1991     26480.67
2013    23    1990     30172.45
2013    24    1989     32970.36
2013    25    1988     36216.06
2013    26    1987     36703.57
2013    27    1986     36645.71
2013    28    1985     33521.96
2013    29    1984     31628.20
2013    30    1983     30061.21
2013    31    1982     25619.50
2013    32    1981     22212.16
2013    33    1980     19908.86
2013    34    1979     16831.09
2013    35    1978     14873.14
2013    36    1977     12147.13
2013    37    1976     10178.91
2013    38    1975      7818.24
2013    39    1974      5755.23
2013    40    1973      4014.09
2013    41    1972      2897.43
2013    42    1971      1837.87
2013    43    1970      1080.92
2013    44    1969       550.62
2013    45    1968       289.23
2013    46    1967       148.26
2013    47    1966        67.69
2013    48    1965        30.69
2013    49    1964        18.74
2013    50    1963        17.47
2013    51    1962        14.34
2013    52    1961         5.95
2013    53    1960         2.89
2013    54    1959         3.46
2013    55+   1958-       15.08
