Ukraine, Live births by calendar year and age (Lexis squares, age in completed years (ACY))
Last modified: 13/11/2015
Year    Age        Total
1959     12-        0.05
1959     13         0.96
1959     14        12.09
1959     15       110.15
1959     16       582.42
1959     17      3682.32
1959     18     15169.82
1959     19     32348.83
1959     20     55539.94
1959     21     74042.13
1959     22     77328.55
1959     23     68577.37
1959     24     56579.56
1959     25     46474.55
1959     26     43464.24
1959     27     42752.40
1959     28     46243.37
1959     29     48820.75
1959     30     46563.65
1959     31     40049.56
1959     32     34204.28
1959     33     31350.38
1959     34     27759.88
1959     35     23228.82
1959     36     18348.81
1959     37     13238.70
1959     38      9591.92
1959     39      6922.78
1959     40      5830.18
1959     41      3771.04
1959     42      2184.66
1959     43      1688.02
1959     44      1333.38
1959     45       934.74
1959     46       635.50
1959     47       400.06
1959     48       268.41
1959     49       172.05
1959     50       102.11
1959     51        66.65
1959     52        46.59
1959     53        36.88
1959     54        29.33
1959     55+       64.12
1960     12-        0.06
1960     13         1.05
1960     14        12.60
1960     15        96.49
1960     16       459.86
1960     17      2834.91
1960     18     13733.38
1960     19     33304.15
1960     20     52903.64
1960     21     70568.58
1960     22     79525.20
1960     23     75664.88
1960     24     66241.11
1960     25     52750.84
1960     26     39935.66
1960     27     38091.10
1960     28     39049.93
1960     29     43921.65
1960     30     43554.28
1960     31     39602.20
1960     32     35022.48
1960     33     30705.23
1960     34     28430.25
1960     35     23576.03
1960     36     19277.84
1960     37     14833.06
1960     38     10551.52
1960     39      7514.90
1960     40      5570.90
1960     41      4285.19
1960     42      2435.75
1960     43      1251.07
1960     44       862.51
1960     45       699.82
1960     46       510.11
1960     47       341.19
1960     48       215.01
1960     49       145.10
1960     50        87.26
1960     51        53.88
1960     52        39.10
1960     53        29.78
1960     54        24.37
1960     55+       54.09
1961     12-        0.06
1961     13         1.10
1961     14        14.58
1961     15       111.49
1961     16       471.50
1961     17      2819.18
1961     18     11833.47
1961     19     30397.88
1961     20     50258.81
1961     21     63986.94
1961     22     74378.33
1961     23     78430.57
1961     24     75102.92
1961     25     61355.90
1961     26     44008.90
1961     27     33464.92
1961     28     32915.22
1961     29     35084.70
1961     30     38135.81
1961     31     35900.22
1961     32     33203.01
1961     33     29547.50
1961     34     25652.07
1961     35     21387.83
1961     36     17103.53
1961     37     13788.45
1961     38     10655.34
1961     39      7695.02
1961     40      5605.24
1961     41      3970.90
1961     42      2637.23
1961     43      1323.66
1961     44       615.85
1961     45       485.62
1961     46       391.28
1961     47       275.78
1961     48       176.23
1961     49       105.63
1961     50        58.70
1961     51        37.03
1961     52        24.72
1961     53        18.97
1961     54        14.86
1961     55+       35.06
1962     12-        0.06
1962     13         1.16
1962     14        14.73
1962     15       122.31
1962     16       595.51
1962     17      2822.70
1962     18     11056.33
1962     19     24379.74
1962     20     39057.61
1962     21     56202.46
1962     22     65042.63
1962     23     73439.15
1962     24     80049.78
1962     25     72693.92
1962     26     54814.96
1962     27     40057.57
1962     28     31197.78
1962     29     31434.19
1962     30     33020.34
1962     31     32628.13
1962     32     31102.78
1962     33     28953.25
1962     34     25873.70
1962     35     20533.32
1962     36     16785.02
1962     37     13769.10
1962     38     11358.79
1962     39      8900.84
1962     40      6689.50
1962     41      4582.99
1962     42      2628.78
1962     43      1456.48
1962     44       623.16
1962     45       345.26
1962     46       257.39
1962     47       208.63
1962     48       147.14
1962     49        93.49
1962     50        45.81
1962     51        29.04
1962     52        22.36
1962     53        20.38
1962     54        21.65
1962     55+       71.12
1963     12-        0.06
1963     13         1.33
1963     14        19.39
1963     15       150.54
1963     16       868.48
1963     17      3684.16
1963     18     11018.01
1963     19     23072.50
1963     20     29676.85
1963     21     47668.68
1963     22     62451.25
1963     23     69271.17
1963     24     77242.73
1963     25     76054.64
1963     26     61945.82
1963     27     46104.90
1963     28     34451.24
1963     29     27802.59
1963     30     28589.95
1963     31     27187.10
1963     32     27392.68
1963     33     26698.90
1963     34     25056.29
1963     35     20541.50
1963     36     16381.63
1963     37     13711.57
1963     38     11277.25
1963     39      9046.84
1963     40      6727.27
1963     41      4550.03
1963     42      2663.40
1963     43      1484.56
1963     44       856.30
1963     45       509.51
1963     46       265.20
1963     47       184.02
1963     48       136.41
1963     49        86.02
1963     50        43.62
1963     51        26.27
1963     52        18.19
1963     53        13.70
1963     54        10.44
1963     55+       26.04
1964     12-        0.06
1964     13         1.29
1964     14        20.32
1964     15       171.63
1964     16       996.50
1964     17      4292.63
1964     18     11648.73
1964     19     19948.94
1964     20     24559.70
1964     21     34896.45
1964     22     51128.30
1964     23     63227.06
1964     24     68622.79
1964     25     71209.44
1964     26     64166.44
1964     27     52547.98
1964     28     40312.38
1964     29     31604.86
1964     30     25611.77
1964     31     23365.51
1964     32     22644.74
1964     33     23018.92
1964     34     22535.49
1964     35     19233.19
1964     36     15734.34
1964     37     12810.11
1964     38     10745.50
1964     39      8768.49
1964     40      6733.93
1964     41      4792.63
1964     42      2778.36
1964     43      1454.81
1964     44       756.70
1964     45       524.11
1964     46       293.10
1964     47       145.07
1964     48        91.27
1964     49        52.17
1964     50        20.96
1964     51        11.87
1964     52         8.63
1964     53        10.85
1964     54        16.80
1964     55+      153.23
1965     12-        0.05
1965     13         1.20
1965     14        18.31
1965     15       162.77
1965     16      1064.56
1965     17      4361.99
1965     18     13334.71
1965     19     22134.36
1965     20     22878.74
1965     21     31140.91
1965     22     38508.96
1965     23     51310.39
1965     24     59933.82
1965     25     60932.46
1965     26     57171.28
1965     27     52159.28
1965     28     45181.43
1965     29     37347.21
1965     30     29304.23
1965     31     21555.62
1965     32     20160.95
1965     33     19791.12
1965     34     19963.05
1965     35     18259.43
1965     36     15518.72
1965     37     12893.79
1965     38     10504.30
1965     39      8611.98
1965     40      6456.18
1965     41      4694.44
1965     42      2992.36
1965     43      1712.16
1965     44       923.23
1965     45       548.65
1965     46       333.56
1965     47       141.82
1965     48        55.22
1965     49        28.68
1965     50        20.07
1965     51        13.51
1965     52         8.58
1965     53         5.37
1965     54         3.55
1965     55+       10.01
1966     12-        0.06
1966     13         1.32
1966     14        20.38
1966     15       177.45
1966     16      1148.98
1966     17      5241.03
1966     18     14933.53
1966     19     27572.48
1966     20     28796.83
1966     21     31933.71
1966     22     37621.50
1966     23     42135.43
1966     24     53682.19
1966     25     58792.96
1966     26     54465.30
1966     27     52600.76
1966     28     51196.07
1966     29     47871.97
1966     30     37435.88
1966     31     27224.73
1966     32     20003.83
1966     33     18520.06
1966     34     17801.29
1966     35     17339.63
1966     36     15534.26
1966     37     13224.00
1966     38     10839.00
1966     39      8583.14
1966     40      6320.36
1966     41      4652.11
1966     42      3202.26
1966     43      2028.92
1966     44      1189.15
1966     45       671.69
1966     46       378.71
1966     47       196.70
1966     48        76.06
1966     49        28.23
1966     50        19.75
1966     51        13.89
1966     52         7.81
1966     53         3.86
1966     54         1.74
1966     55+        3.00
1967     12-        0.06
1967     13         1.27
1967     14        19.06
1967     15       168.76
1967     16      1055.97
1967     17      5305.07
1967     18     17458.28
1967     19     30289.78
1967     20     37010.55
1967     21     39025.20
1967     22     37332.63
1967     23     39540.20
1967     24     41671.76
1967     25     48700.16
1967     26     48016.91
1967     27     45914.83
1967     28     47644.55
1967     29     50401.78
1967     30     43586.81
1967     31     32538.81
1967     32     23540.27
1967     33     16945.23
1967     34     15285.46
1967     35     14953.16
1967     36     13705.61
1967     37     12370.21
1967     38     10436.67
1967     39      8390.92
1967     40      6094.55
1967     41      4467.06
1967     42      3080.40
1967     43      1956.58
1967     44      1144.45
1967     45       617.23
1967     46       329.43
1967     47       176.87
1967     48        98.82
1967     49        43.62
1967     50        27.68
1967     51        16.74
1967     52         9.65
1967     53         4.33
1967     54         1.64
1967     55+        2.00
1968     12-        0.06
1968     13         1.43
1968     14        22.01
1968     15       192.67
1968     16      1139.47
1968     17      5576.38
1968     18     19320.48
1968     19     36540.15
1968     20     42002.37
1968     21     48599.53
1968     22     43250.18
1968     23     37077.26
1968     24     37393.08
1968     25     37020.93
1968     26     40015.16
1968     27     41056.49
1968     28     42531.93
1968     29     47622.85
1968     30     45036.05
1968     31     37800.89
1968     32     27517.54
1968     33     19451.82
1968     34     13584.80
1968     35     12753.04
1968     36     11395.90
1968     37     10574.07
1968     38      9664.09
1968     39      8120.57
1968     40      6046.81
1968     41      4404.53
1968     42      3006.08
1968     43      1948.32
1968     44      1161.10
1968     45       628.56
1968     46       330.40
1968     47       145.81
1968     48        64.25
1968     49        29.91
1968     50        15.62
1968     51         7.39
1968     52         4.69
1968     53         3.36
1968     54         1.97
1968     55+        4.00
1969     12-        0.06
1969     13         1.49
1969     14        23.42
1969     15       203.27
1969     16      1125.82
1969     17      5356.89
1969     18     17547.81
1969     19     35495.43
1969     20     47617.08
1969     21     51928.66
1969     22     53377.55
1969     23     43743.33
1969     24     36091.62
1969     25     34174.88
1969     26     30780.62
1969     27     34711.75
1969     28     38044.38
1969     29     42184.60
1969     30     42089.82
1969     31     38626.59
1969     32     31661.27
1969     33     22694.89
1969     34     16013.67
1969     35     11843.62
1969     36     10190.98
1969     37      9265.25
1969     38      8473.53
1969     39      7501.82
1969     40      5669.29
1969     41      4195.95
1969     42      2869.74
1969     43      1866.02
1969     44      1181.40
1969     45       677.61
1969     46       386.52
1969     47       187.99
1969     48        81.97
1969     49        37.34
1969     50        21.98
1969     51        11.29
1969     52         6.31
1969     53         5.21
1969     54         5.27
1969     55+       17.01
1970     12-        0.07
1970     13         1.74
1970     14        27.69
1970     15       245.67
1970     16      1371.15
1970     17      6247.71
1970     18     20067.67
1970     19     38331.93
1970     20     53579.71
1970     21     63148.19
1970     22     60079.14
1970     23     55967.44
1970     24     42899.12
1970     25     33520.52
1970     26     28834.38
1970     27     26992.07
1970     28     32310.47
1970     29     37804.45
1970     30     38244.01
1970     31     36079.14
1970     32     33487.08
1970     33     27320.49
1970     34     20162.77
1970     35     14329.62
1970     36      9614.97
1970     37      8507.33
1970     38      7409.78
1970     39      6532.34
1970     40      5461.29
1970     41      4039.89
1970     42      2725.52
1970     43      1672.39
1970     44       990.59
1970     45       548.85
1970     46       312.40
1970     47       171.64
1970     48        85.26
1970     49        40.52
1970     50        23.92
1970     51        13.98
1970     52         6.16
1970     53         2.56
1970     54         1.41
1970     55+        0.00
1971     12-        0.07
1971     13         1.83
1971     14        29.38
1971     15       256.85
1971     16      1463.19
1971     17      6653.36
1971     18     20754.77
1971     19     39791.12
1971     20     52626.92
1971     21     67388.04
1971     22     69756.81
1971     23     60595.56
1971     24     53395.15
1971     25     38169.70
1971     26     27179.44
1971     27     24372.70
1971     28     24228.00
1971     29     31377.81
1971     30     34739.87
1971     31     32967.27
1971     32     31911.29
1971     33     29967.66
1971     34     25046.97
1971     35     17338.98
1971     36     11632.33
1971     37      7850.05
1971     38      6573.69
1971     39      5511.04
1971     40      5021.31
1971     41      3979.46
1971     42      2609.04
1971     43      1564.72
1971     44       869.09
1971     45       457.60
1971     46       268.19
1971     47       155.71
1971     48        87.12
1971     49        45.84
1971     50        23.40
1971     51        13.04
1971     52         7.20
1971     53         3.11
1971     54         1.28
1971     55+        5.00
1972     12-        0.07
1972     13         1.92
1972     14        31.77
1972     15       279.35
1972     16      1579.42
1972     17      7177.62
1972     18     22306.14
1972     19     41346.35
1972     20     53524.48
1972     21     65924.67
1972     22     72597.41
1972     23     68147.57
1972     24     57308.67
1972     25     46998.96
1972     26     31621.15
1972     27     23486.69
1972     28     22332.47
1972     29     23312.68
1972     30     28986.14
1972     31     28894.06
1972     32     27781.29
1972     33     27600.42
1972     34     26579.61
1972     35     20153.88
1972     36     14055.42
1972     37      9172.09
1972     38      5958.07
1972     39      4751.35
1972     40      4449.97
1972     41      3543.22
1972     42      2498.67
1972     43      1508.55
1972     44       854.60
1972     45       449.80
1972     46       250.44
1972     47       122.45
1972     48        55.89
1972     49        23.69
1972     50         9.97
1972     51         5.21
1972     52         3.17
1972     53         2.25
1972     54         1.41
1972     55+        7.00
1973     12-        0.07
1973     13         2.17
1973     14        37.68
1973     15       335.13
1973     16      1826.93
1973     17      7700.90
1973     18     22786.65
1973     19     41057.64
1973     20     51159.55
1973     21     61782.42
1973     22     65748.70
1973     23     66416.08
1973     24     60658.80
1973     25     47194.56
1973     26     37363.22
1973     27     26013.06
1973     28     20446.05
1973     29     20524.18
1973     30     21342.80
1973     31     23545.72
1973     32     24300.14
1973     33     24046.33
1973     34     24323.44
1973     35     20580.60
1973     36     16149.11
1973     37     10816.50
1973     38      6765.77
1973     39      4208.67
1973     40      3902.16
1973     41      3036.00
1973     42      2204.50
1973     43      1464.39
1973     44       853.84
1973     45       465.74
1973     46       261.58
1973     47       126.46
1973     48        56.55
1973     49        23.80
1973     50        10.01
1973     51         5.52
1973     52         3.22
1973     53         2.29
1973     54         1.97
1973     55+        9.00
1974     12-        0.07
1974     13         2.06
1974     14        35.68
1974     15       321.25
1974     16      1856.43
1974     17      8138.02
1974     18     24413.41
1974     19     44535.43
1974     20     54685.92
1974     21     63381.02
1974     22     66449.99
1974     23     65225.33
1974     24     64803.64
1974     25     54351.73
1974     26     40788.77
1974     27     33160.81
1974     28     24003.13
1974     29     19589.03
1974     30     19637.13
1974     31     17716.47
1974     32     20116.44
1974     33     21186.60
1974     34     21024.93
1974     35     18689.39
1974     36     16405.17
1974     37     12339.33
1974     38      8013.62
1974     39      4888.94
1974     40      3534.29
1974     41      2649.80
1974     42      1852.52
1974     43      1229.62
1974     44       758.84
1974     45       401.67
1974     46       225.19
1974     47       108.88
1974     48        49.52
1974     49        21.90
1974     50         9.90
1974     51         5.54
1974     52         3.00
1974     53         1.60
1974     54         0.95
1974     55+        3.00
1975     12-        0.07
1975     13         2.24
1975     14        40.27
1975     15       363.52
1975     16      2053.46
1975     17      8816.49
1975     18     25513.29
1975     19     44932.47
1975     20     55478.19
1975     21     64485.50
1975     22     65757.93
1975     23     64452.41
1975     24     62483.91
1975     25     56954.05
1975     26     45542.16
1975     27     34949.38
1975     28     29619.96
1975     29     22345.03
1975     30     18404.58
1975     31     16139.61
1975     32     15042.54
1975     33     17369.27
1975     34     18214.59
1975     35     16158.92
1975     36     14605.81
1975     37     12612.22
1975     38      9467.52
1975     39      6184.10
1975     40      4069.31
1975     41      2458.71
1975     42      1677.93
1975     43      1092.72
1975     44       688.64
1975     45       421.04
1975     46       236.64
1975     47       119.08
1975     48        55.30
1975     49        25.13
1975     50        11.42
1975     51         5.99
1975     52         2.86
1975     53         1.25
1975     54         0.51
1975     55+        1.00
1976     12-        0.07
1976     13         2.28
1976     14        42.00
1976     15       385.72
1976     16      2206.97
1976     17      9443.67
1976     18     27691.97
1976     19     48159.90
1976     20     57852.53
1976     21     66720.09
1976     22     67721.67
1976     23     64183.32
1976     24     62118.79
1976     25     55909.37
1976     26     48173.61
1976     27     39093.12
1976     28     31042.64
1976     29     27218.86
1976     30     19864.36
1976     31     14337.28
1976     32     12862.51
1976     33     12175.36
1976     34     14099.01
1976     35     13928.64
1976     36     12270.91
1976     37     11222.12
1976     38      9837.61
1976     39      7444.29
1976     40      4663.96
1976     41      2766.29
1976     42      1463.56
1976     43       887.42
1976     44       522.94
1976     45       361.88
1976     46       212.93
1976     47       101.21
1976     48        44.47
1976     49        18.66
1976     50         7.95
1976     51         4.21
1976     52         2.20
1976     53         1.11
1976     54         0.52
1976     55+        1.00
1977     12-        0.07
1977     13         2.25
1977     14        43.50
1977     15       399.25
1977     16      2285.90
1977     17      9531.06
1977     18     27203.02
1977     19     47435.17
1977     20     56730.17
1977     21     63805.26
1977     22     65111.67
1977     23     62276.57
1977     24     59006.45
1977     25     53633.04
1977     26     45089.07
1977     27     39793.14
1977     28     33894.25
1977     29     28543.72
1977     30     23971.58
1977     31     16249.05
1977     32     11991.85
1977     33     10753.07
1977     34      9940.70
1977     35     11132.64
1977     36     10309.55
1977     37      9242.68
1977     38      8614.73
1977     39      7608.97
1977     40      4978.59
1977     41      3070.82
1977     42      1621.52
1977     43       800.40
1977     44       463.22
1977     45       371.07
1977     46       198.67
1977     47        76.93
1977     48        24.18
1977     49         7.25
1977     50         2.21
1977     51         1.21
1977     52         0.73
1977     53         0.49
1977     54         0.35
1977     55+        1.00
1978     12-        0.07
1978     13         2.01
1978     14        37.03
1978     15       405.92
1978     16      2384.13
1978     17      9566.54
1978     18     28100.57
1978     19     50451.82
1978     20     68905.86
1978     21     70560.95
1978     22     65542.67
1978     23     59192.31
1978     24     53018.97
1978     25     46599.61
1978     26     44684.50
1978     27     40201.25
1978     28     36612.05
1978     29     33017.85
1978     30     22023.23
1978     31     20537.15
1978     32     12865.72
1978     33      9451.53
1978     34      8996.50
1978     35      7495.42
1978     36      8412.47
1978     37      8145.46
1978     38      7157.40
1978     39      5959.34
1978     40      4615.25
1978     41      3220.18
1978     42      1817.10
1978     43      1038.05
1978     44       530.03
1978     45       322.01
1978     46       157.01
1978     47        79.00
1978     48        47.00
1978     49        16.00
1978     50        11.00
1978     51         4.00
1978     52         0.00
1978     53         1.00
1978     54         1.00
1978     55+        0.00
1979     12-        0.07
1979     13         1.99
1979     14        36.54
1979     15       427.40
1979     16      2738.00
1979     17      9466.00
1979     18     27938.00
1979     19     51935.00
1979     20     71495.00
1979     21     73502.00
1979     22     67309.00
1979     23     59252.00
1979     24     52939.00
1979     25     47784.00
1979     26     42177.00
1979     27     39418.00
1979     28     35045.00
1979     29     31069.00
1979     30     28368.00
1979     31     17927.00
1979     32     16741.00
1979     33     10182.00
1979     34      7693.00
1979     35      7327.00
1979     36      5919.00
1979     37      6405.00
1979     38      5852.00
1979     39      4894.00
1979     40      4199.00
1979     41      2952.00
1979     42      1969.00
1979     43      1035.00
1979     44       542.00
1979     45       292.00
1979     46       125.00
1979     47        73.00
1979     48        25.00
1979     49        21.00
1979     50        25.00
1979     51         1.00
1979     52         2.00
1979     53         3.00
1979     54         2.00
1979     55+       81.00
1980     12-        0.07
1980     13         2.27
1980     14        40.57
1980     15       450.15
1980     16      2676.29
1980     17      9938.08
1980     18     27998.05
1980     19     53838.87
1980     20     72398.90
1980     21     75758.27
1980     22     70106.65
1980     23     60503.60
1980     24     54041.90
1980     25     48634.30
1980     26     42464.63
1980     27     37398.08
1980     28     33910.70
1980     29     30669.35
1980     30     26470.89
1980     31     22939.50
1980     32     14658.60
1980     33     13611.48
1980     34      8377.91
1980     35      6285.69
1980     36      5599.61
1980     37      4579.49
1980     38      4614.50
1980     39      4236.46
1980     40      3542.39
1980     41      2611.29
1980     42      1868.20
1980     43      1145.13
1980     44       595.06
1980     45       266.03
1980     46       126.01
1980     47        54.00
1980     48        32.01
1980     49        19.00
1980     50        16.00
1980     51         6.01
1980     52         2.00
1980     53         1.00
1980     54         0.00
1980     55+        0.00
1981     12-        0.08
1981     13         2.45
1981     14        43.48
1981     15       459.01
1981     16      2492.10
1981     17      9573.35
1981     18     26225.97
1981     19     49153.81
1981     20     67957.51
1981     21     72659.68
1981     22     68428.52
1981     23     61154.25
1981     24     53694.98
1981     25     47839.76
1981     26     44237.63
1981     27     38433.41
1981     28     33459.23
1981     29     30807.13
1981     30     26602.98
1981     31     22487.83
1981     32     20005.74
1981     33     12745.47
1981     34     11398.42
1981     35      6871.25
1981     36      5158.19
1981     37      4589.17
1981     38      3375.13
1981     39      3533.13
1981     40      3094.11
1981     41      2488.09
1981     42      1818.06
1981     43      1203.05
1981     44       647.02
1981     45       308.01
1981     46       127.01
1981     47        56.01
1981     48        31.00
1981     49        19.00
1981     50         0.00
1981     51         2.00
1981     52         0.00
1981     53         0.00
1981     54         0.00
1981     55+        0.00
1982     12-        0.08
1982     13         2.53
1982     14        47.37
1982     15       495.03
1982     16      2619.09
1982     17      9451.34
1982     18     26246.95
1982     19     49421.79
1982     20     67914.46
1982     21     74221.69
1982     22     71583.60
1982     23     64233.33
1982     24     55907.03
1982     25     49043.78
1982     26     43541.58
1982     27     39311.43
1982     28     33979.23
1982     29     28979.05
1982     30     26825.97
1982     31     22246.81
1982     32     19257.69
1982     33     16513.60
1982     34     10365.37
1982     35      9285.33
1982     36      5540.20
1982     37      4010.14
1982     38      3503.12
1982     39      2567.09
1982     40      2582.10
1982     41      2141.08
1982     42      1542.06
1982     43      1067.04
1982     44       598.02
1982     45       336.02
1982     46       136.00
1982     47        48.00
1982     48        11.00
1982     49         9.00
1982     50         4.00
1982     51         0.00
1982     52         1.00
1982     53         0.00
1982     54         0.00
1982     55+        1.00
1983     12-        0.07
1983     13         2.09
1983     14        36.81
1983     15       435.05
1983     16      2718.13
1983     17     10000.46
1983     18     25598.18
1983     19     49313.26
1983     20     68330.13
1983     21     75655.47
1983     22     74143.40
1983     23     69051.16
1983     24     62402.86
1983     25     56701.60
1983     26     49737.28
1983     27     44110.02
1983     28     39519.81
1983     29     34382.57
1983     30     28866.32
1983     31     25914.19
1983     32     21475.99
1983     33     17837.82
1983     34     15342.70
1983     35      9483.44
1983     36      8232.38
1983     37      4647.21
1983     38      3208.15
1983     39      2687.12
1983     40      1934.09
1983     41      1784.08
1983     42      1502.06
1983     43       935.04
1983     44       570.03
1983     45       308.02
1983     46       156.01
1983     47        58.01
1983     48        22.00
1983     49         5.00
1983     50         1.00
1983     51         2.00
1983     52         0.00
1983     53         0.00
1983     54         0.00
1983     55+        0.00
1984     12-        0.08
1984     13         2.31
1984     14        41.17
1984     15       466.44
1984     16      2887.04
1984     17     10874.14
1984     18     26863.34
1984     19     47425.60
1984     20     66837.85
1984     21     74741.95
1984     22     73078.92
1984     23     67183.85
1984     24     61674.78
1984     25     55703.70
1984     26     49398.63
1984     27     43513.55
1984     28     37534.48
1984     29     33092.41
1984     30     28048.36
1984     31     23381.30
1984     32     20737.26
1984     33     17134.21
1984     34     14520.18
1984     35     11785.14
1984     36      7041.09
1984     37      6151.08
1984     38      3408.05
1984     39      2377.03
1984     40      1910.02
1984     41      1288.01
1984     42      1162.02
1984     43       788.01
1984     44       529.00
1984     45       261.01
1984     46       116.00
1984     47        58.00
1984     48        13.00
1984     49         5.00
1984     50         0.00
1984     51         0.00
1984     52         0.00
1984     53         0.00
1984     54         0.00
1984     55+        1.00
1985     12-        0.08
1985     13         2.63
1985     14        46.93
1985     15       521.38
1985     16      2942.14
1985     17     10599.53
1985     18     26848.34
1985     19     46233.31
1985     20     59751.98
1985     21     68996.44
1985     22     69016.44
1985     23     64440.21
1985     24     59675.97
1985     25     54868.73
1985     26     49216.45
1985     27     43239.16
1985     28     37193.85
1985     29     31503.57
1985     30     27582.37
1985     31     22728.13
1985     32     18879.94
1985     33     16543.83
1985     34     13595.68
1985     35     11228.56
1985     36      9460.47
1985     37      5325.26
1985     38      4564.23
1985     39      2414.12
1985     40      1765.08
1985     41      1228.06
1985     42       891.05
1985     43       643.03
1985     44       395.02
1985     45       241.01
1985     46       124.00
1985     47        46.00
1985     48        14.00
1985     49         6.00
1985     50         2.00
1985     51         0.00
1985     52         0.00
1985     53         0.00
1985     54         0.00
1985     55+        0.00
1986     12-        0.08
1986     13         2.39
1986     14        43.86
1986     15       498.69
1986     16      3063.09
1986     17     10914.30
1986     18     26999.75
1986     19     47990.33
1986     20     62883.75
1986     21     66169.84
1986     22     68024.89
1986     23     63567.77
1986     24     60329.68
1986     25     56496.57
1986     26     51659.43
1986     27     45843.27
1986     28     40111.11
1986     29     34262.95
1986     30     29520.82
1986     31     25196.70
1986     32     21351.59
1986     33     17564.49
1986     34     15091.42
1986     35     12493.35
1986     36     10283.29
1986     37      8107.22
1986     38      4640.13
1986     39      3887.11
1986     40      1957.06
1986     41      1335.04
1986     42       937.02
1986     43       567.01
1986     44       379.01
1986     45       210.01
1986     46       106.00
1986     47        59.00
1986     48        17.00
1986     49         4.00
1986     50         3.00
1986     51         2.00
1986     52         0.00
1986     53         0.00
1986     54         0.00
1986     55+        0.00
1987     12-        0.08
1987     13         2.46
1987     14        46.81
1987     15       553.74
1987     16      3377.54
1987     17     10986.76
1987     18     27491.41
1987     19     47336.59
1987     20     61562.87
1987     21     64492.35
1987     22     61730.90
1987     23     59640.57
1987     24     57241.18
1987     25     53256.54
1987     26     49032.86
1987     27     44698.17
1987     28     39085.27
1987     29     33671.40
1987     30     28444.56
1987     31     23643.79
1987     32     20249.25
1987     33     16405.63
1987     34     13644.19
1987     35     11817.90
1987     36      9531.53
1987     37      7690.23
1987     38      5931.95
1987     39      3273.52
1987     40      2587.41
1987     41      1267.20
1987     42       862.14
1987     43       617.10
1987     44       296.05
1987     45       189.04
1987     46        97.01
1987     47        41.01
1987     48        39.00
1987     49        10.01
1987     50         2.00
1987     51         1.00
1987     52         1.00
1987     53         1.00
1987     54         0.00
1987     55+        0.00
1988     12-        0.08
1988     13         2.23
1988     14        40.92
1988     15       498.00
1988     16      3289.33
1988     17     11737.75
1988     18     29130.78
1988     19     49605.06
1988     20     61654.94
1988     21     65210.38
1988     22     61150.74
1988     23     54721.14
1988     24     53174.51
1988     25     50473.41
1988     26     47279.13
1988     27     42106.03
1988     28     38094.41
1988     29     33335.49
1988     30     27874.27
1988     31     23469.49
1988     32     19345.82
1988     33     16164.54
1988     34     13574.49
1988     35     10604.29
1988     36      8924.61
1988     37      7109.88
1988     38      5383.18
1988     39      4221.71
1988     40      2197.88
1988     41      1715.70
1988     42       870.35
1988     43       462.18
1988     44       302.12
1988     45       137.05
1988     46        76.03
1988     47        40.02
1988     48        18.01
1988     49        14.01
1988     50         4.00
1988     51         6.00
1988     52         3.00
1988     53         5.00
1988     54         2.00
1988     55+       26.01
1989     12-        0.08
1989     13         2.91
1989     14        55.27
1989     15       631.98
1989     16      3699.27
1989     17     12947.44
1989     18     30734.54
1989     19     49623.02
1989     20     59574.44
1989     21     61136.97
1989     22     57677.79
1989     23     51467.65
1989     24     45754.69
1989     25     44249.18
1989     26     41078.09
1989     27     38072.06
1989     28     34194.73
1989     29     29868.24
1989     30     25480.74
1989     31     21807.48
1989     32     17521.01
1989     33     14442.95
1989     34     12163.17
1989     35      9892.40
1989     36      7764.66
1989     37      6384.19
1989     38      4931.70
1989     39      3648.25
1989     40      2704.92
1989     41      1435.50
1989     42      1048.36
1989     43       508.17
1989     44       219.08
1989     45       146.05
1989     46        49.01
1989     47        32.01
1989     48        14.00
1989     49        12.00
1989     50         3.00
1989     51         2.00
1989     52         0.00
1989     53         0.00
1989     54         0.00
1989     55+        2.00
1990     12-        0.09
1990     13         3.53
1990     14        72.34
1990     15       813.37
1990     16      4399.63
1990     17     14525.39
1990     18     33740.53
1990     19     52486.49
1990     20     61047.66
1990     21     60202.35
1990     22     54180.12
1990     23     48449.99
1990     24     43096.00
1990     25     38404.26
1990     26     36678.62
1990     27     33914.59
1990     28     30315.25
1990     29     26741.92
1990     30     23720.81
1990     31     19692.31
1990     32     16209.02
1990     33     13219.91
1990     34     10697.97
1990     35      8789.26
1990     36      7049.61
1990     37      5364.00
1990     38      4369.62
1990     39      3186.18
1990     40      2360.88
1990     41      1674.62
1990     42       798.30
1990     43       564.21
1990     44       230.08
1990     45        97.04
1990     46        52.02
1990     47        26.01
1990     48         8.01
1990     49         9.01
1990     50         4.00
1990     51         1.00
1990     52         3.00
1990     53         0.00
1990     54         0.00
1990     55+        3.00
1991     12-        0.09
1991     13         3.86
1991     14        82.67
1991     15       948.71
1991     16      4965.63
1991     17     15598.12
1991     18     33819.10
1991     19     53791.65
1991     20     62447.49
1991     21     59969.68
1991     22     52471.22
1991     23     46105.13
1991     24     40821.40
1991     25     36404.94
1991     26     32005.50
1991     27     30135.89
1991     28     27560.05
1991     29     24385.00
1991     30     21143.94
1991     31     18315.01
1991     32     15053.94
1991     33     12534.11
1991     34     10056.30
1991     35      7943.61
1991     36      6468.12
1991     37      5222.71
1991     38      3868.26
1991     39      2997.99
1991     40      2168.71
1991     41      1531.51
1991     42      1042.35
1991     43       500.17
1991     44       266.09
1991     45       110.04
1991     46        39.01
1991     47        16.01
1991     48         6.00
1991     49         6.00
1991     50         1.00
1991     51         2.00
1991     52         1.00
1991     53         0.00
1991     54         2.00
1991     55+        1.00
1992     12-        0.11
1992     13         4.72
1992     14       100.01
1992     15      1108.60
1992     16      5304.92
1992     17     16374.93
1992     18     34248.39
1992     19     52276.92
1992     20     61271.17
1992     21     58611.22
1992     22     50584.31
1992     23     43081.59
1992     24     37969.74
1992     25     33839.25
1992     26     29751.77
1992     27     26046.43
1992     28     24310.80
1992     29     21651.83
1992     30     19221.96
1992     31     16082.83
1992     32     14220.15
1992     33     11683.23
1992     34      9527.45
1992     35      7507.72
1992     36      5977.17
1992     37      4541.64
1992     38      3487.26
1992     39      2632.96
1992     40      2014.73
1992     41      1426.52
1992     42       899.33
1992     43       559.20
1992     44       241.09
1992     45       125.05
1992     46        64.03
1992     47        17.01
1992     48        11.01
1992     49         2.00
1992     50         2.00
1992     51         2.00
1992     52         1.00
1992     53         1.00
1992     54         0.00
1992     55+        0.00
1993     12-        0.12
1993     13         5.50
1993     14       119.41
1993     15      1241.57
1993     16      5471.42
1993     17     16561.31
1993     18     33447.76
1993     19     48325.32
1993     20     55863.65
1993     21     54898.22
1993     22     47877.12
1993     23     40901.05
1993     24     35120.50
1993     25     31298.81
1993     26     28022.37
1993     27     24538.82
1993     28     21376.43
1993     29     19078.42
1993     30     17482.72
1993     31     15152.69
1993     32     12847.67
1993     33     10908.81
1993     34      8923.94
1993     35      7126.14
1993     36      5704.52
1993     37      4372.93
1993     38      3369.48
1993     39      2521.12
1993     40      1785.79
1993     41      1303.58
1993     42       831.36
1993     43       474.21
1993     44       295.13
1993     45       122.05
1993     46        63.03
1993     47        23.01
1993     48         6.01
1993     49         1.00
1993     50         2.00
1993     51         0.00
1993     52         1.00
1993     53         1.00
1993     54         0.00
1993     55+        0.00
1994     12-        0.12
1994     13         5.76
1994     14       129.93
1994     15      1354.31
1994     16      5694.30
1994     17     16311.32
1994     18     32376.46
1994     19     46067.80
1994     20     52638.76
1994     21     50368.05
1994     22     45347.26
1994     23     38748.27
1994     24     33575.36
1994     25     28732.71
1994     26     25472.24
1994     27     22690.14
1994     28     19700.89
1994     29     16836.72
1994     30     15338.58
1994     31     13571.25
1994     32     11759.89
1994     33      9978.54
1994     34      8406.35
1994     35      6833.17
1994     36      5371.06
1994     37      4082.08
1994     38      3060.31
1994     39      2349.78
1994     40      1762.33
1994     41      1179.89
1994     42       834.63
1994     43       466.35
1994     44       278.21
1994     45       137.10
1994     46        51.04
1994     47        21.02
1994     48         7.00
1994     49         0.00
1994     50         0.00
1994     51         2.00
1994     52         1.00
1994     53         1.00
1994     54         1.00
1994     55+        1.00
1995     12-        0.14
1995     13         6.87
1995     14       160.58
1995     15      1603.65
1995     16      5992.78
1995     17     15683.03
1995     18     30566.97
1995     19     43939.70
1995     20     49528.44
1995     21     47061.11
1995     22     42470.52
1995     23     38123.95
1995     24     32605.24
1995     25     28403.69
1995     26     24120.13
1995     27     21138.74
1995     28     18812.44
1995     29     16008.08
1995     30     13580.76
1995     31     11963.56
1995     32     10537.37
1995     33      8992.17
1995     34      7495.97
1995     35      6243.81
1995     36      5068.66
1995     37      3857.50
1995     38      2729.35
1995     39      2054.26
1995     40      1486.20
1995     41      1064.14
1995     42       684.09
1995     43       427.06
1995     44       262.03
1995     45       109.01
1995     46        55.00
1995     47        19.00
1995     48         3.00
1995     49         0.00
1995     50         2.00
1995     51         0.00
1995     52         0.00
1995     53         0.00
1995     54         0.00
1995     55+        0.00
1996     12-        0.14
1996     13         6.86
1996     14       148.29
1996     15      1506.72
1996     16      5630.03
1996     17     14607.07
1996     18     28464.12
1996     19     40668.17
1996     20     47309.20
1996     21     45372.19
1996     22     40618.18
1996     23     36049.16
1996     24     32020.14
1996     25     27433.11
1996     26     23421.10
1996     27     20111.09
1996     28     17415.07
1996     29     15157.07
1996     30     13064.06
1996     31     10755.05
1996     32      9545.04
1996     33      8251.03
1996     34      6922.03
1996     35      5723.02
1996     36      4777.02
1996     37      3698.02
1996     38      2800.02
1996     39      1948.01
1996     40      1467.01
1996     41       950.01
1996     42       634.01
1996     43       379.01
1996     44       207.01
1996     45       101.01
1996     46        37.00
1996     47        12.00
1996     48         1.00
1996     49         0.00
1996     50         2.00
1996     51         0.00
1996     52         0.00
1996     53         0.00
1996     54         0.00
1996     55+        0.00
1997     12-        0.12
1997     13         5.88
1997     14       129.76
1997     15      1276.26
1997     16      5162.05
1997     17     13351.12
1997     18     25553.23
1997     19     36178.33
1997     20     42409.39
1997     21     42853.38
1997     22     39235.35
1997     23     34790.31
1997     24     30698.28
1997     25     27104.24
1997     26     23467.21
1997     27     19924.18
1997     28     16882.15
1997     29     14632.13
1997     30     12603.11
1997     31     10598.10
1997     32      8760.08
1997     33      7640.07
1997     34      6548.05
1997     35      5879.05
1997     36      4564.05
1997     37      3719.04
1997     38      2776.03
1997     39      2168.02
1997     40      1412.02
1997     41       921.01
1997     42       633.01
1997     43       353.00
1997     44       218.00
1997     45        70.00
1997     46        34.00
1997     47        23.00
1997     48         7.00
1997     49         0.00
1997     50         1.00
1997     51         0.00
1997     52         0.00
1997     53         0.00
1997     54         0.00
1997     55+        0.00
1998     12-        0.10
1998     13         5.19
1998     14       119.14
1998     15      1193.58
1998     16      4605.08
1998     17     12090.20
1998     18     22986.38
1998     19     33575.56
1998     20     39083.65
1998     21     39386.66
1998     22     37470.62
1998     23     34126.57
1998     24     29216.49
1998     25     25864.43
1998     26     22990.38
1998     27     19523.32
1998     28     16601.28
1998     29     14194.24
1998     30     12015.20
1998     31     10237.17
1998     32      8447.14
1998     33      7334.12
1998     34      6075.10
1998     35      5338.09
1998     36      4363.07
1998     37      3464.06
1998     38      2775.05
1998     39      2232.04
1998     40      1506.03
1998     41      1007.02
1998     42       655.01
1998     43       377.00
1998     44       208.01
1998     45       103.00
1998     46        40.00
1998     47        19.00
1998     48         5.00
1998     49         2.00
1998     50         2.00
1998     51         0.00
1998     52         0.00
1998     53         0.00
1998     54         0.00
1998     55+        0.00
1999     12-        0.09
1999     13         4.58
1999     14       100.22
1999     15      1004.11
1999     16      3869.96
1999     17      9749.54
1999     18     19838.68
1999     19     29716.45
1999     20     35015.98
1999     21     35905.57
1999     22     34114.36
1999     23     31710.03
1999     24     29000.16
1999     25     24905.80
1999     26     21627.90
1999     27     19154.45
1999     28     16609.87
1999     29     13684.61
1999     30     11712.07
1999     31      9764.56
1999     32      8367.05
1999     33      6622.92
1999     34      5830.49
1999     35      4865.75
1999     36      4134.44
1999     37      3330.99
1999     38      2589.66
1999     39      2049.68
1999     40      1493.69
1999     41      1066.92
1999     42       618.11
1999     43       409.74
1999     44       202.37
1999     45        74.13
1999     46        40.07
1999     47         8.02
1999     48         9.02
1999     49         2.00
1999     50         2.01
1999     51         1.01
1999     52         0.00
1999     53         1.00
1999     54         0.00
1999     55+        0.00
2000     12-        0.08
2000     13         3.87
2000     14        84.22
2000     15       847.86
2000     16      3643.95
2000     17      9446.60
2000     18     18152.59
2000     19     27579.15
2000     20     34650.57
2000     21     35184.74
2000     22     33703.51
2000     23     31666.07
2000     24     28947.14
2000     25     25643.93
2000     26     21907.79
2000     27     19221.92
2000     28     17017.12
2000     29     14423.46
2000     30     12159.52
2000     31      9910.62
2000     32      8360.23
2000     33      6894.04
2000     34      5531.06
2000     35      4568.97
2000     36      3982.68
2000     37      3186.95
2000     38      2584.63
2000     39      1967.29
2000     40      1438.14
2000     41      1001.18
2000     42       662.44
2000     43       391.86
2000     44       204.45
2000     45        97.22
2000     46        41.09
2000     47         9.02
2000     48         2.01
2000     49         3.01
2000     50         0.00
2000     51         1.01
2000     52         2.01
2000     53         2.01
2000     54         0.00
2000     55+        0.00
2001     12-        0.08
2001     13         4.26
2001     14        94.65
2001     15       878.00
2001     16      3230.00
2001     17      8765.00
2001     18     17201.00
2001     19     24897.00
2001     20     31408.00
2001     21     33733.00
2001     22     32512.00
2001     23     31426.00
2001     24     27807.00
2001     25     25828.00
2001     26     23166.00
2001     27     19134.00
2001     28     16723.00
2001     29     15062.00
2001     30     12388.00
2001     31     10653.00
2001     32      8575.00
2001     33      7333.00
2001     34      5725.00
2001     35      4665.00
2001     36      3889.00
2001     37      3144.00
2001     38      2466.00
2001     39      1908.00
2001     40      1403.00
2001     41      1051.00
2001     42       667.00
2001     43       377.00
2001     44       195.00
2001     45        85.00
2001     46        50.00
2001     47        18.00
2001     48        10.00
2001     49         2.00
2001     50         0.00
2001     51         3.00
2001     52         0.00
2001     53         0.00
2001     54         1.00
2001     55+        1.00
2002     12-        0.08
2002     13         4.18
2002     14        92.94
2002     15       868.79
2002     16      3215.00
2002     17      8554.00
2002     18     17341.00
2002     19     25624.00
2002     20     30862.00
2002     21     33580.00
2002     22     33261.00
2002     23     31527.00
2002     24     29342.00
2002     25     26864.00
2002     26     24173.00
2002     27     21530.00
2002     28     18078.00
2002     29     15840.00
2002     30     14144.00
2002     31     11752.00
2002     32      9472.00
2002     33      7605.00
2002     34      6294.00
2002     35      5075.00
2002     36      3976.00
2002     37      3182.00
2002     38      2544.00
2002     39      2021.00
2002     40      1488.00
2002     41       989.00
2002     42       663.00
2002     43       382.00
2002     44       201.00
2002     45        74.00
2002     46        46.00
2002     47        15.00
2002     48         2.00
2002     49         2.00
2002     50         2.00
2002     51         1.00
2002     52         0.00
2002     53         0.00
2002     54         0.00
2002     55+        1.00
2003     12-        0.08
2003     13         3.98
2003     14        88.88
2003     15       841.65
2003     16      3274.10
2003     17      8132.61
2003     18     16250.18
2003     19     25988.26
2003     20     32583.59
2003     21     33822.03
2003     22     33731.78
2003     23     33001.76
2003     24     30512.83
2003     25     28307.70
2003     26     25524.96
2003     27     22729.20
2003     28     19921.39
2003     29     17249.96
2003     30     15294.52
2003     31     13050.28
2003     32     10542.31
2003     33      8690.16
2003     34      6843.02
2003     35      5602.58
2003     36      4419.29
2003     37      3448.59
2003     38      2598.23
2003     39      2032.65
2003     40      1547.30
2003     41      1050.92
2003     42       716.99
2003     43       400.11
2003     44       219.61
2003     45        99.28
2003     46        44.12
2003     47        12.03
2003     48         4.01
2003     49         3.01
2003     50         0.00
2003     51         0.00
2003     52         3.01
2003     53         0.00
2003     54         0.00
2003     55+        2.00
2004     12-        0.08
2004     13         4.14
2004     14        91.97
2004     15       854.74
2004     16      3206.88
2004     17      8506.20
2004     18     16400.51
2004     19     25112.35
2004     20     33124.03
2004     21     36128.28
2004     22     34833.29
2004     23     33864.31
2004     24     32078.81
2004     25     29679.42
2004     26     26648.08
2004     27     24046.07
2004     28     21285.56
2004     29     18351.52
2004     30     16062.48
2004     31     13806.53
2004     32     11760.22
2004     33      9466.16
2004     34      7832.12
2004     35      6192.08
2004     36      4866.99
2004     37      3810.74
2004     38      2795.61
2004     39      2091.44
2004     40      1657.10
2004     41      1097.38
2004     42       728.24
2004     43       447.37
2004     44       230.71
2004     45       106.33
2004     46        52.16
2004     47        22.06
2004     48        10.03
2004     49         4.01
2004     50         2.01
2004     51         1.00
2004     52         0.00
2004     53         0.00
2004     54         0.00
2004     55+        0.00
2005     12-        0.07
2005     13         3.52
2005     14        78.31
2005     15       738.11
2005     16      2913.09
2005     17      7698.72
2005     18     15676.12
2005     19     23538.23
2005     20     30395.91
2005     21     34229.22
2005     22     34851.74
2005     23     32630.34
2005     24     32084.01
2005     25     29814.49
2005     26     27147.01
2005     27     24059.50
2005     28     21915.29
2005     29     19406.18
2005     30     16979.28
2005     31     14741.85
2005     32     12389.12
2005     33     10508.56
2005     34      8549.79
2005     35      6664.20
2005     36      5277.84
2005     37      3971.66
2005     38      3135.62
2005     39      2217.40
2005     40      1634.98
2005     41      1157.81
2005     42       737.79
2005     43       488.19
2005     44       251.61
2005     45       102.25
2005     46        57.13
2005     47        22.05
2005     48         9.02
2005     49         6.02
2005     50         1.00
2005     51         1.01
2005     52         0.00
2005     53         1.00
2005     54         1.01
2005     55+        0.00
2006     12-        0.08
2006     13         3.82
2006     14        83.84
2006     15       755.20
2006     16      2735.24
2006     17      7112.24
2006     18     15110.49
2006     19     24134.10
2006     20     30742.18
2006     21     34550.88
2006     22     37045.58
2006     23     36571.49
2006     24     34106.87
2006     25     32801.89
2006     26     30056.62
2006     27     26909.43
2006     28     24451.82
2006     29     21801.77
2006     30     19449.41
2006     31     16655.02
2006     32     13946.84
2006     33     11885.13
2006     34      9966.75
2006     35      7980.22
2006     36      6364.53
2006     37      4570.44
2006     38      3358.67
2006     39      2556.84
2006     40      1699.88
2006     41      1158.64
2006     42       832.90
2006     43       473.08
2006     44       278.63
2006     45       116.26
2006     46        57.13
2006     47        22.05
2006     48         8.02
2006     49         7.01
2006     50         1.00
2006     51         0.00
2006     52         4.00
2006     53         2.00
2006     54         0.00
2006     55+        0.00
2007     12-        0.07
2007     13         3.51
2007     14        78.64
2007     15       733.52
2007     16      2852.09
2007     17      7104.16
2007     18     14551.06
2007     19     23348.84
2007     20     30901.97
2007     21     33855.28
2007     22     36179.24
2007     23     37519.09
2007     24     36494.91
2007     25     33586.70
2007     26     30781.71
2007     27     28253.31
2007     28     25027.42
2007     29     22626.30
2007     30     20451.66
2007     31     17900.21
2007     32     14867.74
2007     33     12796.32
2007     34     10399.20
2007     35      8770.73
2007     36      6778.47
2007     37      5219.14
2007     38      3686.87
2007     39      2776.92
2007     40      1927.11
2007     41      1325.84
2007     42       781.67
2007     43       553.18
2007     44       293.63
2007     45       117.25
2007     46        50.11
2007     47        20.04
2007     48        18.04
2007     49         8.02
2007     50        11.03
2007     51         3.01
2007     52         0.00
2007     53         0.00
2007     54         0.00
2007     55+        3.00
2008     12-        0.08
2008     13         4.49
2008     14       101.23
2008     15       876.02
2008     16      2896.39
2008     17      7363.70
2008     18     14602.17
2008     19     22810.44
2008     20     30820.34
2008     21     35859.72
2008     22     37672.09
2008     23     38934.44
2008     24     40123.65
2008     25     38002.71
2008     26     33058.51
2008     27     30649.03
2008     28     28054.20
2008     29     24980.48
2008     30     22411.70
2008     31     19679.62
2008     32     17147.91
2008     33     14626.22
2008     34     12068.46
2008     35      9935.48
2008     36      8343.53
2008     37      6118.38
2008     38      4560.48
2008     39      3187.93
2008     40      2193.08
2008     41      1522.84
2008     42       853.59
2008     43       527.99
2008     44       306.57
2008     45       145.27
2008     46        73.14
2008     47        33.06
2008     48        25.05
2008     49         7.02
2008     50         3.00
2008     51         1.01
2008     52         0.00
2008     53         3.01
2008     54         1.00
2008     55+        4.00
2009     12-        0.08
2009     13         4.15
2009     14        89.27
2009     15       791.00
2009     16      2734.62
2009     17      6763.43
2009     18     13476.77
2009     19     20720.01
2009     20     27437.36
2009     21     32629.13
2009     22     36827.22
2009     23     38314.74
2009     24     38566.16
2009     25     38911.75
2009     26     35827.54
2009     27     31207.73
2009     28     28984.97
2009     29     26169.22
2009     30     23500.71
2009     31     20826.19
2009     32     18304.93
2009     33     15526.24
2009     34     13145.21
2009     35     10809.26
2009     36      8882.01
2009     37      6947.74
2009     38      5025.49
2009     39      3668.19
2009     40      2519.26
2009     41      1673.83
2009     42      1051.78
2009     43       587.00
2009     44       288.49
2009     45       174.30
2009     46        79.14
2009     47        24.04
2009     48         8.02
2009     49        12.02
2009     50         9.02
2009     51         1.00
2009     52         2.00
2009     53         2.00
2009     54         1.00
2009     55+        1.00
2010     12-        5.01
2010     13        15.02
2010     14       126.20
2010     15       638.03
2010     16      2329.75
2010     17      5906.51
2010     18     11525.55
2010     19     18196.28
2010     20     23814.33
2010     21     28856.44
2010     22     33011.13
2010     23     36452.67
2010     24     37547.43
2010     25     37251.95
2010     26     36114.12
2010     27     32952.03
2010     28     29161.94
2010     29     26535.71
2010     30     24061.72
2010     31     21245.19
2010     32     18400.62
2010     33     15950.67
2010     34     13573.85
2010     35     11407.36
2010     36      9253.89
2010     37      7022.31
2010     38      5474.81
2010     39      3883.25
2010     40      2764.45
2010     41      1779.86
2010     42      1095.76
2010     43       626.01
2010     44       345.55
2010     45       160.26
2010     46        72.12
2010     47        53.08
2010     48        24.04
2010     49        17.02
2010     50         7.01
2010     51        13.02
2010     52         1.00
2010     53         4.00
2010     54         2.00
2010     55+       10.02
2011     12-        6.01
2011     13        26.04
2011     14       109.17
2011     15       609.96
2011     16      2167.41
2011     17      5296.35
2011     18     10733.92
2011     19     16807.48
2011     20     22428.34
2011     21     27296.01
2011     22     30769.49
2011     23     34794.83
2011     24     37320.81
2011     25     37600.25
2011     26     36241.11
2011     27     34393.19
2011     28     31255.25
2011     29     27448.25
2011     30     24944.31
2011     31     22598.61
2011     32     19757.14
2011     33     16913.65
2011     34     14398.69
2011     35     12394.53
2011     36     10260.17
2011     37      7834.34
2011     38      6033.51
2011     39      4460.03
2011     40      3047.80
2011     41      1970.10
2011     42      1255.98
2011     43       675.07
2011     44       356.56
2011     45       186.30
2011     46        74.12
2011     47        51.08
2011     48        17.02
2011     49        22.03
2011     50        10.02
2011     51         3.01
2011     52         8.01
2011     53         2.00
2011     54         4.01
2011     55+       13.02
2012     12-        2.01
2012     13        21.03
2012     14       140.21
2012     15       620.91
2012     16      2203.25
2012     17      5074.47
2012     18     10030.77
2012     19     16380.13
2012     20     21840.17
2012     21     26723.36
2012     22     30279.61
2012     23     34388.65
2012     24     37813.70
2012     25     39461.13
2012     26     37804.69
2012     27     35162.79
2012     28     33928.97
2012     29     31004.67
2012     30     26842.54
2012     31     24020.38
2012     32     20801.64
2012     33     18065.61
2012     34     15565.93
2012     35     13461.83
2012     36     11037.26
2012     37      8494.52
2012     38      6379.40
2012     39      4677.89
2012     40      3363.96
2012     41      2184.22
2012     42      1357.00
2012     43       718.06
2012     44       398.58
2012     45       215.32
2012     46        90.14
2012     47        40.05
2012     48        36.05
2012     49        17.02
2012     50        15.02
2012     51        13.02
2012     52         5.01
2012     53        12.02
2012     54         1.01
2012     55+       11.02
2013     12-        1.00
2013     13        24.03
2013     14       120.17
2013     15       618.85
2013     16      2081.84
2013     17      4666.37
2013     18      9028.33
2013     19     14402.68
2013     20     20240.65
2013     21     24083.90
2013     22     28528.97
2013     23     31691.29
2013     24     34601.27
2013     25     37155.75
2013     26     36522.89
2013     27     35090.94
2013     28     32802.81
2013     29     30585.78
2013     30     28147.45
2013     31     24028.83
2013     32     20909.56
2013     33     18333.05
2013     34     15867.67
2013     35     13591.57
2013     36     11189.29
2013     37      8955.23
2013     38      6734.20
2013     39      4860.64
2013     40      3392.63
2013     41      2380.25
2013     42      1382.89
2013     43       804.10
2013     44       386.53
2013     45       213.29
2013     46       100.14
2013     47        42.06
2013     48        23.03
2013     49        16.02
2013     50        18.03
2013     51        10.02
2013     52         3.00
2013     53         3.01
2013     54         4.00
2013     55+       13.02
