Ukraine, Cumulative period fertility rates (vertical parallelograms)
Last modified: 13/11/2015
Year  ARDY  Cohort     CPFR
1959   12    1947     0.000
1959   13    1946     0.000
1959   14    1945     0.000
1959   15    1944     0.000
1959   16    1943     0.000
1959   17    1942     0.001
1959   18    1941     0.007
1959   19    1940     0.029
1959   20    1939     0.084
1959   21    1938     0.179
1959   22    1937     0.313
1959   23    1936     0.471
1959   24    1935     0.642
1959   25    1934     0.816
1959   26    1933     0.989
1959   27    1932     1.147
1959   28    1931     1.286
1959   29    1930     1.411
1959   30    1929     1.531
1959   31    1928     1.643
1959   32    1927     1.742
1959   33    1926     1.828
1959   34    1925     1.905
1959   35    1924     1.976
1959   36    1923     2.039
1959   37    1922     2.093
1959   38    1921     2.138
1959   39    1920     2.174
1959   40    1919     2.203
1959   41    1918     2.226
1959   42    1917     2.244
1959   43    1916     2.257
1959   44    1915     2.265
1959   45    1914     2.271
1959   46    1913     2.274
1959   47    1912     2.276
1959   48    1911     2.278
1959   49    1910     2.279
1959   50    1909     2.279
1959   51    1908     2.280
1959   52    1907     2.280
1959   53    1906     2.280
1959   54    1905     2.280
1959   55    1904     2.280
1960   12    1948     0.000
1960   13    1947     0.000
1960   14    1946     0.000
1960   15    1945     0.000
1960   16    1944     0.000
1960   17    1943     0.001
1960   18    1942     0.006
1960   19    1941     0.029
1960   20    1940     0.090
1960   21    1939     0.192
1960   22    1938     0.329
1960   23    1937     0.483
1960   24    1936     0.644
1960   25    1935     0.810
1960   26    1934     0.976
1960   27    1933     1.131
1960   28    1932     1.267
1960   29    1931     1.391
1960   30    1930     1.509
1960   31    1929     1.620
1960   32    1928     1.718
1960   33    1927     1.802
1960   34    1926     1.878
1960   35    1925     1.948
1960   36    1924     2.010
1960   37    1923     2.063
1960   38    1922     2.107
1960   39    1921     2.144
1960   40    1920     2.172
1960   41    1919     2.195
1960   42    1918     2.213
1960   43    1917     2.225
1960   44    1916     2.233
1960   45    1915     2.238
1960   46    1914     2.241
1960   47    1913     2.243
1960   48    1912     2.244
1960   49    1911     2.244
1960   50    1910     2.245
1960   51    1909     2.245
1960   52    1908     2.246
1960   53    1907     2.246
1960   54    1906     2.246
1960   55    1905     2.246
1961   12    1949     0.000
1961   13    1948     0.000
1961   14    1947     0.000
1961   15    1946     0.000
1961   16    1945     0.000
1961   17    1944     0.001
1961   18    1943     0.007
1961   19    1942     0.033
1961   20    1941     0.100
1961   21    1940     0.208
1961   22    1939     0.344
1961   23    1938     0.497
1961   24    1937     0.654
1961   25    1936     0.813
1961   26    1935     0.973
1961   27    1934     1.119
1961   28    1933     1.247
1961   29    1932     1.364
1961   30    1931     1.473
1961   31    1930     1.578
1961   32    1929     1.672
1961   33    1928     1.753
1961   34    1927     1.824
1961   35    1926     1.888
1961   36    1925     1.944
1961   37    1924     1.989
1961   38    1923     2.027
1961   39    1922     2.059
1961   40    1921     2.085
1961   41    1920     2.106
1961   42    1919     2.123
1961   43    1918     2.135
1961   44    1917     2.142
1961   45    1916     2.146
1961   46    1915     2.149
1961   47    1914     2.150
1961   48    1913     2.151
1961   49    1912     2.152
1961   50    1911     2.152
1961   51    1910     2.153
1961   52    1909     2.153
1961   53    1908     2.153
1961   54    1907     2.153
1961   55    1906     2.153
1962   12    1950     0.000
1962   13    1949     0.000
1962   14    1948     0.000
1962   15    1947     0.000
1962   16    1946     0.000
1962   17    1945     0.001
1962   18    1944     0.007
1962   19    1943     0.034
1962   20    1942     0.104
1962   21    1941     0.210
1962   22    1940     0.338
1962   23    1939     0.483
1962   24    1938     0.635
1962   25    1937     0.793
1962   26    1936     0.952
1962   27    1935     1.100
1962   28    1934     1.231
1962   29    1933     1.350
1962   30    1932     1.460
1962   31    1931     1.565
1962   32    1930     1.659
1962   33    1929     1.740
1962   34    1928     1.810
1962   35    1927     1.873
1962   36    1926     1.926
1962   37    1925     1.970
1962   38    1924     2.006
1962   39    1923     2.037
1962   40    1922     2.063
1962   41    1921     2.086
1962   42    1920     2.104
1962   43    1919     2.117
1962   44    1918     2.124
1962   45    1917     2.127
1962   46    1916     2.130
1962   47    1915     2.131
1962   48    1914     2.132
1962   49    1913     2.132
1962   50    1912     2.133
1962   51    1911     2.133
1962   52    1910     2.133
1962   53    1909     2.133
1962   54    1908     2.133
1962   55    1907     2.133
1963   12    1951     0.000
1963   13    1950     0.000
1963   14    1949     0.000
1963   15    1948     0.000
1963   16    1947     0.000
1963   17    1946     0.002
1963   18    1945     0.009
1963   19    1944     0.038
1963   20    1943     0.111
1963   21    1942     0.219
1963   22    1941     0.346
1963   23    1940     0.495
1963   24    1939     0.653
1963   25    1938     0.814
1963   26    1937     0.973
1963   27    1936     1.116
1963   28    1935     1.240
1963   29    1934     1.352
1963   30    1933     1.456
1963   31    1932     1.556
1963   32    1931     1.647
1963   33    1930     1.725
1963   34    1929     1.793
1963   35    1928     1.854
1963   36    1927     1.906
1963   37    1926     1.949
1963   38    1925     1.984
1963   39    1924     2.014
1963   40    1923     2.039
1963   41    1922     2.059
1963   42    1921     2.075
1963   43    1920     2.087
1963   44    1919     2.094
1963   45    1918     2.098
1963   46    1917     2.100
1963   47    1916     2.102
1963   48    1915     2.103
1963   49    1914     2.104
1963   50    1913     2.104
1963   51    1912     2.104
1963   52    1911     2.104
1963   53    1910     2.104
1963   54    1909     2.104
1963   55    1908     2.104
1964   12    1952     0.000
1964   13    1951     0.000
1964   14    1950     0.000
1964   15    1949     0.000
1964   16    1948     0.000
1964   17    1947     0.002
1964   18    1946     0.009
1964   19    1945     0.037
1964   20    1944     0.104
1964   21    1943     0.201
1964   22    1942     0.319
1964   23    1941     0.463
1964   24    1940     0.619
1964   25    1939     0.778
1964   26    1938     0.932
1964   27    1937     1.072
1964   28    1936     1.192
1964   29    1935     1.299
1964   30    1934     1.399
1964   31    1933     1.496
1964   32    1932     1.583
1964   33    1931     1.658
1964   34    1930     1.723
1964   35    1929     1.781
1964   36    1928     1.830
1964   37    1927     1.870
1964   38    1926     1.903
1964   39    1925     1.930
1964   40    1924     1.954
1964   41    1923     1.973
1964   42    1922     1.988
1964   43    1921     1.998
1964   44    1920     2.005
1964   45    1919     2.009
1964   46    1918     2.011
1964   47    1917     2.012
1964   48    1916     2.013
1964   49    1915     2.014
1964   50    1914     2.014
1964   51    1913     2.014
1964   52    1912     2.014
1964   53    1911     2.014
1964   54    1910     2.014
1964   55    1909     2.014
1965   12    1953     0.000
1965   13    1952     0.000
1965   14    1951     0.000
1965   15    1950     0.000
1965   16    1949     0.000
1965   17    1948     0.001
1965   18    1947     0.008
1965   19    1946     0.034
1965   20    1945     0.099
1965   21    1944     0.194
1965   22    1943     0.310
1965   23    1942     0.451
1965   24    1941     0.603
1965   25    1940     0.755
1965   26    1939     0.901
1965   27    1938     1.032
1965   28    1937     1.143
1965   29    1936     1.244
1965   30    1935     1.340
1965   31    1934     1.433
1965   32    1933     1.518
1965   33    1932     1.593
1965   34    1931     1.658
1965   35    1930     1.715
1965   36    1929     1.764
1965   37    1928     1.803
1965   38    1927     1.835
1965   39    1926     1.862
1965   40    1925     1.885
1965   41    1924     1.903
1965   42    1923     1.916
1965   43    1922     1.926
1965   44    1921     1.933
1965   45    1920     1.937
1965   46    1919     1.940
1965   47    1918     1.941
1965   48    1917     1.942
1965   49    1916     1.942
1965   50    1915     1.943
1965   51    1914     1.943
1965   52    1913     1.943
1965   53    1912     1.943
1965   54    1911     1.943
1965   55    1910     1.943
1966   12    1954     0.000
1966   13    1953     0.000
1966   14    1952     0.000
1966   15    1951     0.000
1966   16    1950     0.000
1966   17    1949     0.002
1966   18    1948     0.009
1966   19    1947     0.036
1966   20    1946     0.103
1966   21    1945     0.205
1966   22    1944     0.331
1966   23    1943     0.483
1966   24    1942     0.645
1966   25    1941     0.807
1966   26    1940     0.962
1966   27    1939     1.099
1966   28    1938     1.216
1966   29    1937     1.322
1966   30    1936     1.425
1966   31    1935     1.524
1966   32    1934     1.615
1966   33    1933     1.694
1966   34    1932     1.762
1966   35    1931     1.822
1966   36    1930     1.872
1966   37    1929     1.914
1966   38    1928     1.948
1966   39    1927     1.975
1966   40    1926     1.998
1966   41    1925     2.015
1966   42    1924     2.028
1966   43    1923     2.038
1966   44    1922     2.044
1966   45    1921     2.049
1966   46    1920     2.052
1966   47    1919     2.054
1966   48    1918     2.055
1966   49    1917     2.055
1966   50    1916     2.055
1966   51    1915     2.056
1966   52    1914     2.056
1966   53    1913     2.056
1966   54    1912     2.056
1966   55    1911     2.056
1967   12    1955     0.000
1967   13    1954     0.000
1967   14    1953     0.000
1967   15    1952     0.000
1967   16    1951     0.000
1967   17    1950     0.002
1967   18    1949     0.008
1967   19    1948     0.036
1967   20    1947     0.105
1967   21    1946     0.211
1967   22    1945     0.346
1967   23    1944     0.507
1967   24    1943     0.674
1967   25    1942     0.840
1967   26    1941     0.995
1967   27    1940     1.128
1967   28    1939     1.241
1967   29    1938     1.343
1967   30    1937     1.444
1967   31    1936     1.541
1967   32    1935     1.630
1967   33    1934     1.708
1967   34    1933     1.776
1967   35    1932     1.834
1967   36    1931     1.883
1967   37    1930     1.925
1967   38    1929     1.958
1967   39    1928     1.984
1967   40    1927     2.006
1967   41    1926     2.023
1967   42    1925     2.035
1967   43    1924     2.044
1967   44    1923     2.050
1967   45    1922     2.054
1967   46    1921     2.056
1967   47    1920     2.058
1967   48    1919     2.059
1967   49    1918     2.059
1967   50    1917     2.059
1967   51    1916     2.060
1967   52    1915     2.060
1967   53    1914     2.060
1967   54    1913     2.060
1967   55    1912     2.060
1968   12    1956     0.000
1968   13    1955     0.000
1968   14    1954     0.000
1968   15    1953     0.000
1968   16    1952     0.000
1968   17    1951     0.002
1968   18    1950     0.009
1968   19    1949     0.039
1968   20    1948     0.112
1968   21    1947     0.225
1968   22    1946     0.366
1968   23    1945     0.529
1968   24    1944     0.697
1968   25    1943     0.860
1968   26    1942     1.012
1968   27    1941     1.144
1968   28    1940     1.255
1968   29    1939     1.356
1968   30    1938     1.455
1968   31    1937     1.550
1968   32    1936     1.636
1968   33    1935     1.712
1968   34    1934     1.777
1968   35    1933     1.832
1968   36    1932     1.880
1968   37    1931     1.920
1968   38    1930     1.951
1968   39    1929     1.977
1968   40    1928     1.998
1968   41    1927     2.014
1968   42    1926     2.026
1968   43    1925     2.035
1968   44    1924     2.041
1968   45    1923     2.044
1968   46    1922     2.047
1968   47    1921     2.048
1968   48    1920     2.049
1968   49    1919     2.049
1968   50    1918     2.049
1968   51    1917     2.049
1968   52    1916     2.049
1968   53    1915     2.049
1968   54    1914     2.049
1968   55    1913     2.049
1969   12    1957     0.000
1969   13    1956     0.000
1969   14    1955     0.000
1969   15    1954     0.000
1969   16    1953     0.000
1969   17    1952     0.002
1969   18    1951     0.009
1969   19    1950     0.037
1969   20    1949     0.106
1969   21    1948     0.214
1969   22    1947     0.356
1969   23    1946     0.522
1969   24    1945     0.693
1969   25    1944     0.859
1969   26    1943     1.014
1969   27    1942     1.146
1969   28    1941     1.258
1969   29    1940     1.358
1969   30    1939     1.455
1969   31    1938     1.548
1969   32    1937     1.631
1969   33    1936     1.703
1969   34    1935     1.766
1969   35    1934     1.820
1969   36    1933     1.867
1969   37    1932     1.907
1969   38    1931     1.939
1969   39    1930     1.965
1969   40    1929     1.985
1969   41    1928     2.001
1969   42    1927     2.012
1969   43    1926     2.020
1969   44    1925     2.025
1969   45    1924     2.029
1969   46    1923     2.031
1969   47    1922     2.033
1969   48    1921     2.033
1969   49    1920     2.034
1969   50    1919     2.034
1969   51    1918     2.034
1969   52    1917     2.034
1969   53    1916     2.034
1969   54    1915     2.034
1969   55    1914     2.034
1970   12    1958     0.000
1970   13    1957     0.000
1970   14    1956     0.000
1970   15    1955     0.000
1970   16    1954     0.000
1970   17    1953     0.002
1970   18    1952     0.011
1970   19    1951     0.043
1970   20    1950     0.121
1970   21    1949     0.241
1970   22    1948     0.393
1970   23    1947     0.569
1970   24    1946     0.750
1970   25    1945     0.922
1970   26    1944     1.081
1970   27    1943     1.217
1970   28    1942     1.330
1970   29    1941     1.431
1970   30    1940     1.528
1970   31    1939     1.620
1970   32    1938     1.702
1970   33    1937     1.774
1970   34    1936     1.836
1970   35    1935     1.892
1970   36    1934     1.940
1970   37    1933     1.980
1970   38    1932     2.013
1970   39    1931     2.039
1970   40    1930     2.060
1970   41    1929     2.075
1970   42    1928     2.086
1970   43    1927     2.094
1970   44    1926     2.099
1970   45    1925     2.102
1970   46    1924     2.104
1970   47    1923     2.105
1970   48    1922     2.105
1970   49    1921     2.106
1970   50    1920     2.106
1970   51    1919     2.106
1970   52    1918     2.106
1970   53    1917     2.106
1970   54    1916     2.106
1970   55    1915     2.106
1971   12    1959     0.000
1971   13    1958     0.000
1971   14    1957     0.000
1971   15    1956     0.000
1971   16    1955     0.000
1971   17    1954     0.002
1971   18    1953     0.011
1971   19    1952     0.045
1971   20    1951     0.125
1971   21    1950     0.249
1971   22    1949     0.405
1971   23    1948     0.585
1971   24    1947     0.770
1971   25    1946     0.946
1971   26    1945     1.104
1971   27    1944     1.238
1971   28    1943     1.349
1971   29    1942     1.448
1971   30    1941     1.542
1971   31    1940     1.634
1971   32    1939     1.716
1971   33    1938     1.788
1971   34    1937     1.851
1971   35    1936     1.908
1971   36    1935     1.957
1971   37    1934     1.998
1971   38    1933     2.031
1971   39    1932     2.057
1971   40    1931     2.077
1971   41    1930     2.092
1971   42    1929     2.104
1971   43    1928     2.112
1971   44    1927     2.116
1971   45    1926     2.119
1971   46    1925     2.121
1971   47    1924     2.121
1971   48    1923     2.122
1971   49    1922     2.122
1971   50    1921     2.122
1971   51    1920     2.123
1971   52    1919     2.123
1971   53    1918     2.123
1971   54    1917     2.123
1971   55    1916     2.123
1972   12    1960     0.000
1972   13    1959     0.000
1972   14    1958     0.000
1972   15    1957     0.000
1972   16    1956     0.000
1972   17    1955     0.002
1972   18    1954     0.012
1972   19    1953     0.048
1972   20    1952     0.132
1972   21    1951     0.259
1972   22    1950     0.417
1972   23    1949     0.599
1972   24    1948     0.783
1972   25    1947     0.960
1972   26    1946     1.120
1972   27    1945     1.255
1972   28    1944     1.367
1972   29    1943     1.466
1972   30    1942     1.559
1972   31    1941     1.648
1972   32    1940     1.728
1972   33    1939     1.797
1972   34    1938     1.858
1972   35    1937     1.914
1972   36    1936     1.962
1972   37    1935     2.002
1972   38    1934     2.034
1972   39    1933     2.060
1972   40    1932     2.079
1972   41    1931     2.094
1972   42    1930     2.106
1972   43    1929     2.114
1972   44    1928     2.118
1972   45    1927     2.121
1972   46    1926     2.122
1972   47    1925     2.123
1972   48    1924     2.124
1972   49    1923     2.124
1972   50    1922     2.124
1972   51    1921     2.124
1972   52    1920     2.124
1972   53    1919     2.124
1972   54    1918     2.124
1972   55    1917     2.124
1973   12    1961     0.000
1973   13    1960     0.000
1973   14    1959     0.000
1973   15    1958     0.000
1973   16    1957     0.000
1973   17    1956     0.003
1973   18    1955     0.013
1973   19    1954     0.050
1973   20    1953     0.133
1973   21    1952     0.256
1973   22    1951     0.406
1973   23    1950     0.576
1973   24    1949     0.748
1973   25    1948     0.915
1973   26    1947     1.066
1973   27    1946     1.195
1973   28    1945     1.303
1973   29    1944     1.398
1973   30    1943     1.487
1973   31    1942     1.573
1973   32    1941     1.650
1973   33    1940     1.715
1973   34    1939     1.774
1973   35    1938     1.828
1973   36    1937     1.874
1973   37    1936     1.912
1973   38    1935     1.943
1973   39    1934     1.967
1973   40    1933     1.986
1973   41    1932     2.000
1973   42    1931     2.012
1973   43    1930     2.019
1973   44    1929     2.024
1973   45    1928     2.027
1973   46    1927     2.028
1973   47    1926     2.029
1973   48    1925     2.030
1973   49    1924     2.030
1973   50    1923     2.030
1973   51    1922     2.030
1973   52    1921     2.030
1973   53    1920     2.030
1973   54    1919     2.030
1973   55    1918     2.030
1974   12    1962     0.000
1974   13    1961     0.000
1974   14    1960     0.000
1974   15    1959     0.000
1974   16    1958     0.000
1974   17    1957     0.003
1974   18    1956     0.013
1974   19    1955     0.052
1974   20    1954     0.141
1974   21    1953     0.272
1974   22    1952     0.428
1974   23    1951     0.601
1974   24    1950     0.776
1974   25    1949     0.946
1974   26    1948     1.102
1974   27    1947     1.235
1974   28    1946     1.347
1974   29    1945     1.444
1974   30    1944     1.534
1974   31    1943     1.619
1974   32    1942     1.696
1974   33    1941     1.760
1974   34    1940     1.817
1974   35    1939     1.869
1974   36    1938     1.913
1974   37    1937     1.949
1974   38    1936     1.978
1974   39    1935     2.002
1974   40    1934     2.019
1974   41    1933     2.034
1974   42    1932     2.045
1974   43    1931     2.052
1974   44    1930     2.057
1974   45    1929     2.059
1974   46    1928     2.061
1974   47    1927     2.061
1974   48    1926     2.062
1974   49    1925     2.062
1974   50    1924     2.062
1974   51    1923     2.062
1974   52    1922     2.062
1974   53    1921     2.062
1974   54    1920     2.062
1974   55    1919     2.062
1975   12    1963     0.000
1975   13    1962     0.000
1975   14    1961     0.000
1975   15    1960     0.000
1975   16    1959     0.000
1975   17    1958     0.003
1975   18    1957     0.015
1975   19    1956     0.055
1975   20    1955     0.145
1975   21    1954     0.276
1975   22    1953     0.433
1975   23    1952     0.606
1975   24    1951     0.779
1975   25    1950     0.948
1975   26    1949     1.104
1975   27    1948     1.237
1975   28    1947     1.349
1975   29    1946     1.447
1975   30    1945     1.536
1975   31    1944     1.621
1975   32    1943     1.696
1975   33    1942     1.759
1975   34    1941     1.815
1975   35    1940     1.864
1975   36    1939     1.906
1975   37    1938     1.940
1975   38    1937     1.968
1975   39    1936     1.991
1975   40    1935     2.008
1975   41    1934     2.023
1975   42    1933     2.034
1975   43    1932     2.041
1975   44    1931     2.046
1975   45    1930     2.048
1975   46    1929     2.050
1975   47    1928     2.051
1975   48    1927     2.051
1975   49    1926     2.051
1975   50    1925     2.051
1975   51    1924     2.051
1975   52    1923     2.051
1975   53    1922     2.051
1975   54    1921     2.051
1975   55    1920     2.051
1976   12    1964     0.000
1976   13    1963     0.000
1976   14    1962     0.000
1976   15    1961     0.000
1976   16    1960     0.000
1976   17    1959     0.003
1976   18    1958     0.016
1976   19    1957     0.059
1976   20    1956     0.154
1976   21    1955     0.292
1976   22    1954     0.453
1976   23    1953     0.629
1976   24    1952     0.804
1976   25    1951     0.973
1976   26    1950     1.129
1976   27    1949     1.265
1976   28    1948     1.378
1976   29    1947     1.476
1976   30    1946     1.564
1976   31    1945     1.645
1976   32    1944     1.716
1976   33    1943     1.775
1976   34    1942     1.825
1976   35    1941     1.870
1976   36    1940     1.909
1976   37    1939     1.941
1976   38    1938     1.967
1976   39    1937     1.989
1976   40    1936     2.007
1976   41    1935     2.020
1976   42    1934     2.031
1976   43    1933     2.038
1976   44    1932     2.042
1976   45    1931     2.044
1976   46    1930     2.046
1976   47    1929     2.046
1976   48    1928     2.047
1976   49    1927     2.047
1976   50    1926     2.047
1976   51    1925     2.047
1976   52    1924     2.047
1976   53    1923     2.047
1976   54    1922     2.047
1976   55    1921     2.047
1977   12    1965     0.000
1977   13    1964     0.000
1977   14    1963     0.000
1977   15    1962     0.000
1977   16    1961     0.000
1977   17    1960     0.003
1977   18    1959     0.016
1977   19    1958     0.059
1977   20    1957     0.152
1977   21    1956     0.284
1977   22    1955     0.439
1977   23    1954     0.608
1977   24    1953     0.774
1977   25    1952     0.935
1977   26    1951     1.086
1977   27    1950     1.216
1977   28    1949     1.326
1977   29    1948     1.422
1977   30    1947     1.510
1977   31    1946     1.590
1977   32    1945     1.658
1977   33    1944     1.716
1977   34    1943     1.766
1977   35    1942     1.808
1977   36    1941     1.844
1977   37    1940     1.874
1977   38    1939     1.898
1977   39    1938     1.917
1977   40    1937     1.934
1977   41    1936     1.947
1977   42    1935     1.956
1977   43    1934     1.963
1977   44    1933     1.967
1977   45    1932     1.969
1977   46    1931     1.970
1977   47    1930     1.971
1977   48    1929     1.971
1977   49    1928     1.972
1977   50    1927     1.972
1977   51    1926     1.972
1977   52    1925     1.972
1977   53    1924     1.972
1977   54    1923     1.972
1977   55    1922     1.972
1978   12    1966     0.000
1978   13    1965     0.000
1978   14    1964     0.000
1978   15    1963     0.000
1978   16    1962     0.000
1978   17    1961     0.003
1978   18    1960     0.016
1978   19    1959     0.060
1978   20    1958     0.158
1978   21    1957     0.307
1978   22    1956     0.485
1978   23    1955     0.661
1978   24    1954     0.823
1978   25    1953     0.969
1978   26    1952     1.101
1978   27    1951     1.223
1978   28    1950     1.335
1978   29    1949     1.434
1978   30    1948     1.526
1978   31    1947     1.601
1978   32    1946     1.666
1978   33    1945     1.724
1978   34    1944     1.770
1978   35    1943     1.810
1978   36    1942     1.843
1978   37    1941     1.871
1978   38    1940     1.894
1978   39    1939     1.912
1978   40    1938     1.927
1978   41    1937     1.938
1978   42    1936     1.946
1978   43    1935     1.952
1978   44    1934     1.956
1978   45    1933     1.958
1978   46    1932     1.960
1978   47    1931     1.960
1978   48    1930     1.961
1978   49    1929     1.961
1978   50    1928     1.961
1978   51    1927     1.961
1978   52    1926     1.961
1978   53    1925     1.961
1978   54    1924     1.961
1978   55    1923     1.961
1979   12    1967     0.000
1979   13    1966     0.000
1979   14    1965     0.000
1979   15    1964     0.000
1979   16    1963     0.000
1979   17    1962     0.004
1979   18    1961     0.018
1979   19    1960     0.061
1979   20    1959     0.160
1979   21    1958     0.315
1979   22    1957     0.497
1979   23    1956     0.674
1979   24    1955     0.836
1979   25    1954     0.981
1979   26    1953     1.113
1979   27    1952     1.231
1979   28    1951     1.339
1979   29    1950     1.438
1979   30    1949     1.523
1979   31    1948     1.601
1979   32    1947     1.665
1979   33    1946     1.718
1979   34    1945     1.764
1979   35    1944     1.801
1979   36    1943     1.834
1979   37    1942     1.861
1979   38    1941     1.882
1979   39    1940     1.899
1979   40    1939     1.912
1979   41    1938     1.922
1979   42    1937     1.929
1979   43    1936     1.934
1979   44    1935     1.938
1979   45    1934     1.940
1979   46    1933     1.941
1979   47    1932     1.942
1979   48    1931     1.942
1979   49    1930     1.943
1979   50    1929     1.943
1979   51    1928     1.943
1979   52    1927     1.943
1979   53    1926     1.943
1979   54    1925     1.943
1979   55    1924     1.943
1980   12    1968     0.000
1980   13    1967     0.000
1980   14    1966     0.000
1980   15    1965     0.000
1980   16    1964     0.001
1980   17    1963     0.004
1980   18    1962     0.019
1980   19    1961     0.064
1980   20    1960     0.166
1980   21    1959     0.325
1980   22    1958     0.510
1980   23    1957     0.690
1980   24    1956     0.852
1980   25    1955     0.998
1980   26    1954     1.130
1980   27    1953     1.248
1980   28    1952     1.353
1980   29    1951     1.447
1980   30    1950     1.532
1980   31    1949     1.606
1980   32    1948     1.671
1980   33    1947     1.723
1980   34    1946     1.766
1980   35    1945     1.803
1980   36    1944     1.833
1980   37    1943     1.859
1980   38    1942     1.880
1980   39    1941     1.896
1980   40    1940     1.908
1980   41    1939     1.918
1980   42    1938     1.925
1980   43    1937     1.929
1980   44    1936     1.932
1980   45    1935     1.934
1980   46    1934     1.936
1980   47    1933     1.936
1980   48    1932     1.937
1980   49    1931     1.937
1980   50    1930     1.937
1980   51    1929     1.937
1980   52    1928     1.937
1980   53    1927     1.937
1980   54    1926     1.937
1980   55    1925     1.937
1981   12    1969     0.000
1981   13    1968     0.000
1981   14    1967     0.000
1981   15    1966     0.000
1981   16    1965     0.001
1981   17    1964     0.004
1981   18    1963     0.019
1981   19    1962     0.063
1981   20    1961     0.158
1981   21    1960     0.308
1981   22    1959     0.483
1981   23    1958     0.656
1981   24    1957     0.814
1981   25    1956     0.956
1981   26    1955     1.084
1981   27    1954     1.202
1981   28    1953     1.309
1981   29    1952     1.403
1981   30    1951     1.488
1981   31    1950     1.564
1981   32    1949     1.627
1981   33    1948     1.682
1981   34    1947     1.728
1981   35    1946     1.764
1981   36    1945     1.795
1981   37    1944     1.820
1981   38    1943     1.842
1981   39    1942     1.858
1981   40    1941     1.870
1981   41    1940     1.879
1981   42    1939     1.886
1981   43    1938     1.891
1981   44    1937     1.894
1981   45    1936     1.896
1981   46    1935     1.897
1981   47    1934     1.897
1981   48    1933     1.898
1981   49    1932     1.898
1981   50    1931     1.898
1981   51    1930     1.898
1981   52    1929     1.898
1981   53    1928     1.898
1981   54    1927     1.898
1981   55    1926     1.898
1982   12    1970     0.000
1982   13    1969     0.000
1982   14    1968     0.000
1982   15    1967     0.000
1982   16    1966     0.001
1982   17    1965     0.005
1982   18    1964     0.020
1982   19    1963     0.066
1982   20    1962     0.165
1982   21    1961     0.318
1982   22    1960     0.498
1982   23    1959     0.678
1982   24    1958     0.844
1982   25    1957     0.991
1982   26    1956     1.121
1982   27    1955     1.237
1982   28    1954     1.344
1982   29    1953     1.438
1982   30    1952     1.521
1982   31    1951     1.594
1982   32    1950     1.658
1982   33    1949     1.712
1982   34    1948     1.758
1982   35    1947     1.795
1982   36    1946     1.825
1982   37    1945     1.851
1982   38    1944     1.870
1982   39    1943     1.887
1982   40    1942     1.899
1982   41    1941     1.908
1982   42    1940     1.915
1982   43    1939     1.919
1982   44    1938     1.922
1982   45    1937     1.924
1982   46    1936     1.925
1982   47    1935     1.926
1982   48    1934     1.926
1982   49    1933     1.926
1982   50    1932     1.926
1982   51    1931     1.926
1982   52    1930     1.926
1982   53    1929     1.926
1982   54    1928     1.926
1982   55    1927     1.926
1983   12    1971     0.000
1983   13    1970     0.000
1983   14    1969     0.000
1983   15    1968     0.000
1983   16    1967     0.001
1983   17    1966     0.004
1983   18    1965     0.021
1983   19    1964     0.070
1983   20    1963     0.173
1983   21    1962     0.331
1983   22    1961     0.518
1983   23    1960     0.708
1983   24    1959     0.884
1983   25    1958     1.045
1983   26    1957     1.192
1983   27    1956     1.324
1983   28    1955     1.443
1983   29    1954     1.551
1983   30    1953     1.646
1983   31    1952     1.729
1983   32    1951     1.801
1983   33    1950     1.863
1983   34    1949     1.913
1983   35    1948     1.957
1983   36    1947     1.991
1983   37    1946     2.018
1983   38    1945     2.040
1983   39    1944     2.056
1983   40    1943     2.069
1983   41    1942     2.078
1983   42    1941     2.085
1983   43    1940     2.090
1983   44    1939     2.093
1983   45    1938     2.094
1983   46    1937     2.095
1983   47    1936     2.096
1983   48    1935     2.096
1983   49    1934     2.096
1983   50    1933     2.096
1983   51    1932     2.096
1983   52    1931     2.096
1983   53    1930     2.096
1983   54    1929     2.096
1983   55    1928     2.096
1984   12    1972     0.000
1984   13    1971     0.000
1984   14    1970     0.000
1984   15    1969     0.000
1984   16    1968     0.001
1984   17    1967     0.005
1984   18    1966     0.023
1984   19    1965     0.076
1984   20    1964     0.184
1984   21    1963     0.346
1984   22    1962     0.536
1984   23    1961     0.727
1984   24    1960     0.904
1984   25    1959     1.062
1984   26    1958     1.206
1984   27    1957     1.336
1984   28    1956     1.451
1984   29    1955     1.554
1984   30    1954     1.645
1984   31    1953     1.725
1984   32    1952     1.792
1984   33    1951     1.850
1984   34    1950     1.899
1984   35    1949     1.940
1984   36    1948     1.974
1984   37    1947     2.000
1984   38    1946     2.020
1984   39    1945     2.037
1984   40    1944     2.049
1984   41    1943     2.058
1984   42    1942     2.065
1984   43    1941     2.069
1984   44    1940     2.072
1984   45    1939     2.073
1984   46    1938     2.074
1984   47    1937     2.074
1984   48    1936     2.075
1984   49    1935     2.075
1984   50    1934     2.075
1984   51    1933     2.075
1984   52    1932     2.075
1984   53    1931     2.075
1984   54    1930     2.075
1984   55    1929     2.075
1985   12    1973     0.000
1985   13    1972     0.000
1985   14    1971     0.000
1985   15    1970     0.000
1985   16    1969     0.001
1985   17    1968     0.005
1985   18    1967     0.023
1985   19    1966     0.076
1985   20    1965     0.185
1985   21    1964     0.343
1985   22    1963     0.526
1985   23    1962     0.712
1985   24    1961     0.883
1985   25    1960     1.039
1985   26    1959     1.179
1985   27    1958     1.307
1985   28    1957     1.420
1985   29    1956     1.520
1985   30    1955     1.607
1985   31    1954     1.684
1985   32    1953     1.749
1985   33    1952     1.803
1985   34    1951     1.850
1985   35    1950     1.889
1985   36    1949     1.921
1985   37    1948     1.948
1985   38    1947     1.968
1985   39    1946     1.984
1985   40    1945     1.996
1985   41    1944     2.004
1985   42    1943     2.011
1985   43    1942     2.015
1985   44    1941     2.018
1985   45    1940     2.019
1985   46    1939     2.020
1985   47    1938     2.021
1985   48    1937     2.021
1985   49    1936     2.021
1985   50    1935     2.021
1985   51    1934     2.021
1985   52    1933     2.021
1985   53    1932     2.021
1985   54    1931     2.021
1985   55    1930     2.021
1986   12    1974     0.000
1986   13    1973     0.000
1986   14    1972     0.000
1986   15    1971     0.000
1986   16    1970     0.001
1986   17    1969     0.005
1986   18    1968     0.025
1986   19    1967     0.079
1986   20    1966     0.191
1986   21    1965     0.360
1986   22    1964     0.553
1986   23    1963     0.744
1986   24    1962     0.920
1986   25    1961     1.079
1986   26    1960     1.225
1986   27    1959     1.358
1986   28    1958     1.477
1986   29    1957     1.583
1986   30    1956     1.675
1986   31    1955     1.756
1986   32    1954     1.827
1986   33    1953     1.887
1986   34    1952     1.938
1986   35    1951     1.981
1986   36    1950     2.017
1986   37    1949     2.046
1986   38    1948     2.070
1986   39    1947     2.088
1986   40    1946     2.101
1986   41    1945     2.111
1986   42    1944     2.118
1986   43    1943     2.123
1986   44    1942     2.126
1986   45    1941     2.128
1986   46    1940     2.128
1986   47    1939     2.129
1986   48    1938     2.129
1986   49    1937     2.129
1986   50    1936     2.129
1986   51    1935     2.129
1986   52    1934     2.129
1986   53    1933     2.129
1986   54    1932     2.129
1986   55    1931     2.129
1987   12    1975     0.000
1987   13    1974     0.000
1987   14    1973     0.000
1987   15    1972     0.000
1987   16    1971     0.001
1987   17    1970     0.005
1987   18    1969     0.025
1987   19    1968     0.082
1987   20    1967     0.196
1987   21    1966     0.362
1987   22    1965     0.555
1987   23    1964     0.743
1987   24    1963     0.915
1987   25    1962     1.072
1987   26    1961     1.214
1987   27    1960     1.342
1987   28    1959     1.457
1987   29    1958     1.559
1987   30    1957     1.648
1987   31    1956     1.726
1987   32    1955     1.792
1987   33    1954     1.849
1987   34    1953     1.896
1987   35    1952     1.936
1987   36    1951     1.969
1987   37    1950     1.997
1987   38    1949     2.019
1987   39    1948     2.037
1987   40    1947     2.049
1987   41    1946     2.059
1987   42    1945     2.065
1987   43    1944     2.069
1987   44    1943     2.073
1987   45    1942     2.075
1987   46    1941     2.075
1987   47    1940     2.076
1987   48    1939     2.076
1987   49    1938     2.076
1987   50    1937     2.076
1987   51    1936     2.076
1987   52    1935     2.076
1987   53    1934     2.076
1987   54    1933     2.076
1987   55    1932     2.076
1988   12    1976     0.000
1988   13    1975     0.000
1988   14    1974     0.000
1988   15    1973     0.000
1988   16    1972     0.001
1988   17    1971     0.005
1988   18    1970     0.025
1988   19    1969     0.084
1988   20    1968     0.206
1988   21    1967     0.379
1988   22    1966     0.572
1988   23    1965     0.764
1988   24    1964     0.936
1988   25    1963     1.089
1988   26    1962     1.228
1988   27    1961     1.354
1988   28    1960     1.466
1988   29    1959     1.564
1988   30    1958     1.651
1988   31    1957     1.726
1988   32    1956     1.790
1988   33    1955     1.845
1988   34    1954     1.890
1988   35    1953     1.929
1988   36    1952     1.961
1988   37    1951     1.987
1988   38    1950     2.008
1988   39    1949     2.024
1988   40    1948     2.036
1988   41    1947     2.045
1988   42    1946     2.051
1988   43    1945     2.055
1988   44    1944     2.058
1988   45    1943     2.060
1988   46    1942     2.061
1988   47    1941     2.061
1988   48    1940     2.061
1988   49    1939     2.061
1988   50    1938     2.061
1988   51    1937     2.061
1988   52    1936     2.061
1988   53    1935     2.061
1988   54    1934     2.061
1988   55    1933     2.061
1989   12    1977     0.000
1989   13    1976     0.000
1989   14    1975     0.000
1989   15    1974     0.000
1989   16    1973     0.001
1989   17    1972     0.006
1989   18    1971     0.027
1989   19    1970     0.088
1989   20    1969     0.209
1989   21    1968     0.380
1989   22    1967     0.566
1989   23    1966     0.746
1989   24    1965     0.910
1989   25    1964     1.055
1989   26    1963     1.183
1989   27    1962     1.297
1989   28    1961     1.399
1989   29    1960     1.489
1989   30    1959     1.567
1989   31    1958     1.634
1989   32    1957     1.692
1989   33    1956     1.741
1989   34    1955     1.782
1989   35    1954     1.816
1989   36    1953     1.845
1989   37    1952     1.868
1989   38    1951     1.887
1989   39    1950     1.902
1989   40    1949     1.913
1989   41    1948     1.921
1989   42    1947     1.927
1989   43    1946     1.931
1989   44    1945     1.933
1989   45    1944     1.935
1989   46    1943     1.935
1989   47    1942     1.936
1989   48    1941     1.936
1989   49    1940     1.936
1989   50    1939     1.936
1989   51    1938     1.936
1989   52    1937     1.936
1989   53    1936     1.936
1989   54    1935     1.936
1989   55    1934     1.936
1990   12    1978     0.000
1990   13    1977     0.000
1990   14    1976     0.000
1990   15    1975     0.000
1990   16    1974     0.001
1990   17    1973     0.007
1990   18    1972     0.032
1990   19    1971     0.097
1990   20    1970     0.221
1990   21    1969     0.393
1990   22    1968     0.579
1990   23    1967     0.754
1990   24    1966     0.907
1990   25    1965     1.045
1990   26    1964     1.165
1990   27    1963     1.272
1990   28    1962     1.366
1990   29    1961     1.449
1990   30    1960     1.520
1990   31    1959     1.581
1990   32    1958     1.634
1990   33    1957     1.678
1990   34    1956     1.714
1990   35    1955     1.745
1990   36    1954     1.770
1990   37    1953     1.791
1990   38    1952     1.807
1990   39    1951     1.820
1990   40    1950     1.830
1990   41    1949     1.837
1990   42    1948     1.842
1990   43    1947     1.846
1990   44    1946     1.848
1990   45    1945     1.849
1990   46    1944     1.850
1990   47    1943     1.850
1990   48    1942     1.850
1990   49    1941     1.850
1990   50    1940     1.850
1990   51    1939     1.850
1990   52    1938     1.850
1990   53    1937     1.850
1990   54    1936     1.850
1990   55    1935     1.850
1991   12    1979     0.000
1991   13    1978     0.000
1991   14    1977     0.000
1991   15    1976     0.000
1991   16    1975     0.001
1991   17    1974     0.008
1991   18    1973     0.035
1991   19    1972     0.103
1991   20    1971     0.225
1991   21    1970     0.393
1991   22    1969     0.575
1991   23    1968     0.745
1991   24    1967     0.894
1991   25    1966     1.024
1991   26    1965     1.140
1991   27    1964     1.241
1991   28    1963     1.328
1991   29    1962     1.405
1991   30    1961     1.472
1991   31    1960     1.528
1991   32    1959     1.576
1991   33    1958     1.616
1991   34    1957     1.650
1991   35    1956     1.678
1991   36    1955     1.701
1991   37    1954     1.720
1991   38    1953     1.735
1991   39    1952     1.747
1991   40    1951     1.756
1991   41    1950     1.763
1991   42    1949     1.768
1991   43    1948     1.771
1991   44    1947     1.773
1991   45    1946     1.774
1991   46    1945     1.775
1991   47    1944     1.775
1991   48    1943     1.775
1991   49    1942     1.775
1991   50    1941     1.775
1991   51    1940     1.775
1991   52    1939     1.775
1991   53    1938     1.775
1991   54    1937     1.775
1991   55    1936     1.775
1992   12    1980     0.000
1992   13    1979     0.000
1992   14    1978     0.000
1992   15    1977     0.000
1992   16    1976     0.001
1992   17    1975     0.009
1992   18    1974     0.038
1992   19    1973     0.108
1992   20    1972     0.229
1992   21    1971     0.388
1992   22    1970     0.559
1992   23    1969     0.719
1992   24    1968     0.860
1992   25    1967     0.982
1992   26    1966     1.089
1992   27    1965     1.184
1992   28    1964     1.266
1992   29    1963     1.336
1992   30    1962     1.397
1992   31    1961     1.449
1992   32    1960     1.493
1992   33    1959     1.529
1992   34    1958     1.560
1992   35    1957     1.586
1992   36    1956     1.607
1992   37    1955     1.624
1992   38    1954     1.638
1992   39    1953     1.648
1992   40    1952     1.656
1992   41    1951     1.662
1992   42    1950     1.667
1992   43    1949     1.670
1992   44    1948     1.672
1992   45    1947     1.673
1992   46    1946     1.673
1992   47    1945     1.674
1992   48    1944     1.674
1992   49    1943     1.674
1992   50    1942     1.674
1992   51    1941     1.674
1992   52    1940     1.674
1992   53    1939     1.674
1992   54    1938     1.674
1992   55    1937     1.674
1993   12    1981     0.000
1993   13    1980     0.000
1993   14    1979     0.000
1993   15    1978     0.000
1993   16    1977     0.002
1993   17    1976     0.010
1993   18    1975     0.039
1993   19    1974     0.107
1993   20    1973     0.223
1993   21    1972     0.370
1993   22    1971     0.524
1993   23    1970     0.670
1993   24    1969     0.800
1993   25    1968     0.914
1993   26    1967     1.014
1993   27    1966     1.102
1993   28    1965     1.180
1993   29    1964     1.247
1993   30    1963     1.304
1993   31    1962     1.352
1993   32    1961     1.393
1993   33    1960     1.427
1993   34    1959     1.456
1993   35    1958     1.480
1993   36    1957     1.499
1993   37    1956     1.515
1993   38    1955     1.528
1993   39    1954     1.537
1993   40    1953     1.545
1993   41    1952     1.551
1993   42    1951     1.555
1993   43    1950     1.558
1993   44    1949     1.559
1993   45    1948     1.560
1993   46    1947     1.561
1993   47    1946     1.561
1993   48    1945     1.561
1993   49    1944     1.561
1993   50    1943     1.561
1993   51    1942     1.561
1993   52    1941     1.561
1993   53    1940     1.561
1993   54    1939     1.561
1993   55    1938     1.561
1994   12    1982     0.000
1994   13    1981     0.000
1994   14    1980     0.000
1994   15    1979     0.000
1994   16    1978     0.002
1994   17    1977     0.011
1994   18    1976     0.040
1994   19    1975     0.107
1994   20    1974     0.217
1994   21    1973     0.358
1994   22    1972     0.504
1994   23    1971     0.637
1994   24    1970     0.757
1994   25    1969     0.863
1994   26    1968     0.958
1994   27    1967     1.039
1994   28    1966     1.111
1994   29    1965     1.174
1994   30    1964     1.228
1994   31    1963     1.273
1994   32    1962     1.311
1994   33    1961     1.343
1994   34    1960     1.370
1994   35    1959     1.392
1994   36    1958     1.410
1994   37    1957     1.425
1994   38    1956     1.437
1994   39    1955     1.446
1994   40    1954     1.452
1994   41    1953     1.458
1994   42    1952     1.462
1994   43    1951     1.464
1994   44    1950     1.466
1994   45    1949     1.467
1994   46    1948     1.467
1994   47    1947     1.468
1994   48    1946     1.468
1994   49    1945     1.468
1994   50    1944     1.468
1994   51    1943     1.468
1994   52    1942     1.468
1994   53    1941     1.468
1994   54    1940     1.468
1994   55    1939     1.468
1995   12    1983     0.000
1995   13    1982     0.000
1995   14    1981     0.000
1995   15    1980     0.000
1995   16    1979     0.002
1995   17    1978     0.012
1995   18    1977     0.042
1995   19    1976     0.107
1995   20    1975     0.212
1995   21    1974     0.345
1995   22    1973     0.482
1995   23    1972     0.609
1995   24    1971     0.723
1995   25    1970     0.824
1995   26    1969     0.914
1995   27    1968     0.994
1995   28    1967     1.063
1995   29    1966     1.123
1995   30    1965     1.175
1995   31    1964     1.219
1995   32    1963     1.255
1995   33    1962     1.284
1995   34    1961     1.309
1995   35    1960     1.329
1995   36    1959     1.346
1995   37    1958     1.360
1995   38    1957     1.371
1995   39    1956     1.379
1995   40    1955     1.385
1995   41    1954     1.389
1995   42    1953     1.393
1995   43    1952     1.395
1995   44    1951     1.396
1995   45    1950     1.397
1995   46    1949     1.398
1995   47    1948     1.398
1995   48    1947     1.398
1995   49    1946     1.398
1995   50    1945     1.398
1995   51    1944     1.398
1995   52    1943     1.398
1995   53    1942     1.398
1995   54    1941     1.398
1995   55    1940     1.398
1996   12    1984     0.000
1996   13    1983     0.000
1996   14    1982     0.000
1996   15    1981     0.000
1996   16    1980     0.002
1996   17    1979     0.011
1996   18    1978     0.039
1996   19    1977     0.100
1996   20    1976     0.201
1996   21    1975     0.326
1996   22    1974     0.457
1996   23    1973     0.580
1996   24    1972     0.690
1996   25    1971     0.786
1996   26    1970     0.872
1996   27    1969     0.948
1996   28    1968     1.014
1996   29    1967     1.071
1996   30    1966     1.121
1996   31    1965     1.163
1996   32    1964     1.198
1996   33    1963     1.227
1996   34    1962     1.251
1996   35    1961     1.270
1996   36    1960     1.286
1996   37    1959     1.298
1996   38    1958     1.309
1996   39    1957     1.317
1996   40    1956     1.322
1996   41    1955     1.327
1996   42    1954     1.330
1996   43    1953     1.332
1996   44    1952     1.333
1996   45    1951     1.334
1996   46    1950     1.334
1996   47    1949     1.335
1996   48    1948     1.335
1996   49    1947     1.335
1996   50    1946     1.335
1996   51    1945     1.335
1996   52    1944     1.335
1996   53    1943     1.335
1996   54    1942     1.335
1996   55    1941     1.335
1997   12    1985     0.000
1997   13    1984     0.000
1997   14    1983     0.000
1997   15    1982     0.000
1997   16    1981     0.002
1997   17    1980     0.010
1997   18    1979     0.035
1997   19    1978     0.090
1997   20    1977     0.180
1997   21    1976     0.295
1997   22    1975     0.417
1997   23    1974     0.533
1997   24    1973     0.640
1997   25    1972     0.734
1997   26    1971     0.817
1997   27    1970     0.890
1997   28    1969     0.955
1997   29    1968     1.012
1997   30    1967     1.060
1997   31    1966     1.101
1997   32    1965     1.136
1997   33    1964     1.165
1997   34    1963     1.188
1997   35    1962     1.207
1997   36    1961     1.223
1997   37    1960     1.236
1997   38    1959     1.246
1997   39    1958     1.254
1997   40    1957     1.260
1997   41    1956     1.265
1997   42    1955     1.268
1997   43    1954     1.270
1997   44    1953     1.271
1997   45    1952     1.272
1997   46    1951     1.272
1997   47    1950     1.272
1997   48    1949     1.272
1997   49    1948     1.272
1997   50    1947     1.272
1997   51    1946     1.272
1997   52    1945     1.272
1997   53    1944     1.272
1997   54    1943     1.272
1997   55    1942     1.272
1998   12    1986     0.000
1998   13    1985     0.000
1998   14    1984     0.000
1998   15    1983     0.000
1998   16    1982     0.001
1998   17    1981     0.009
1998   18    1980     0.031
1998   19    1979     0.080
1998   20    1978     0.162
1998   21    1977     0.269
1998   22    1976     0.384
1998   23    1975     0.494
1998   24    1974     0.596
1998   25    1973     0.688
1998   26    1972     0.768
1998   27    1971     0.838
1998   28    1970     0.900
1998   29    1969     0.954
1998   30    1968     1.002
1998   31    1967     1.042
1998   32    1966     1.076
1998   33    1965     1.104
1998   34    1964     1.128
1998   35    1963     1.147
1998   36    1962     1.162
1998   37    1961     1.175
1998   38    1960     1.185
1998   39    1959     1.192
1998   40    1958     1.198
1998   41    1957     1.203
1998   42    1956     1.206
1998   43    1955     1.208
1998   44    1954     1.209
1998   45    1953     1.210
1998   46    1952     1.211
1998   47    1951     1.211
1998   48    1950     1.211
1998   49    1949     1.211
1998   50    1948     1.211
1998   51    1947     1.211
1998   52    1946     1.211
1998   53    1945     1.211
1998   54    1944     1.211
1998   55    1943     1.211
1999   12    1987     0.000
1999   13    1986     0.000
1999   14    1985     0.000
1999   15    1984     0.000
1999   16    1983     0.001
1999   17    1982     0.007
1999   18    1981     0.025
1999   19    1980     0.066
1999   20    1979     0.137
1999   21    1978     0.231
1999   22    1977     0.336
1999   23    1976     0.438
1999   24    1975     0.532
1999   25    1974     0.619
1999   26    1973     0.698
1999   27    1972     0.766
1999   28    1971     0.825
1999   29    1970     0.878
1999   30    1969     0.923
1999   31    1968     0.962
1999   32    1967     0.996
1999   33    1966     1.024
1999   34    1965     1.046
1999   35    1964     1.065
1999   36    1963     1.080
1999   37    1962     1.092
1999   38    1961     1.102
1999   39    1960     1.109
1999   40    1959     1.115
1999   41    1958     1.119
1999   42    1957     1.123
1999   43    1956     1.125
1999   44    1955     1.126
1999   45    1954     1.127
1999   46    1953     1.127
1999   47    1952     1.127
1999   48    1951     1.127
1999   49    1950     1.127
1999   50    1949     1.127
1999   51    1948     1.127
1999   52    1947     1.127
1999   53    1946     1.127
1999   54    1945     1.127
1999   55    1944     1.127
2000   12    1988     0.000
2000   13    1987     0.000
2000   14    1986     0.000
2000   15    1985     0.000
2000   16    1984     0.001
2000   17    1983     0.006
2000   18    1982     0.023
2000   19    1981     0.060
2000   20    1980     0.125
2000   21    1979     0.214
2000   22    1978     0.316
2000   23    1977     0.417
2000   24    1976     0.513
2000   25    1975     0.600
2000   26    1974     0.679
2000   27    1973     0.749
2000   28    1972     0.809
2000   29    1971     0.862
2000   30    1970     0.909
2000   31    1969     0.949
2000   32    1968     0.983
2000   33    1967     1.011
2000   34    1966     1.035
2000   35    1965     1.053
2000   36    1964     1.069
2000   37    1963     1.081
2000   38    1962     1.091
2000   39    1961     1.098
2000   40    1960     1.104
2000   41    1959     1.108
2000   42    1958     1.111
2000   43    1957     1.113
2000   44    1956     1.114
2000   45    1955     1.115
2000   46    1954     1.115
2000   47    1953     1.116
2000   48    1952     1.116
2000   49    1951     1.116
2000   50    1950     1.116
2000   51    1949     1.116
2000   52    1948     1.116
2000   53    1947     1.116
2000   54    1946     1.116
2000   55    1945     1.116
2001   12    1989     0.000
2001   13    1988     0.000
2001   14    1987     0.000
2001   15    1986     0.000
2001   16    1985     0.001
2001   17    1984     0.006
2001   18    1983     0.021
2001   19    1982     0.054
2001   20    1981     0.113
2001   21    1980     0.193
2001   22    1979     0.286
2001   23    1978     0.382
2001   24    1977     0.477
2001   25    1976     0.564
2001   26    1975     0.641
2001   27    1974     0.712
2001   28    1973     0.775
2001   29    1972     0.828
2001   30    1971     0.875
2001   31    1970     0.915
2001   32    1969     0.950
2001   33    1968     0.980
2001   34    1967     1.005
2001   35    1966     1.025
2001   36    1965     1.041
2001   37    1964     1.054
2001   38    1963     1.064
2001   39    1962     1.071
2001   40    1961     1.077
2001   41    1960     1.081
2001   42    1959     1.084
2001   43    1958     1.086
2001   44    1957     1.088
2001   45    1956     1.088
2001   46    1955     1.089
2001   47    1954     1.089
2001   48    1953     1.089
2001   49    1952     1.089
2001   50    1951     1.089
2001   51    1950     1.089
2001   52    1949     1.089
2001   53    1948     1.089
2001   54    1947     1.089
2001   55    1946     1.089
2002   12    1990     0.000
2002   13    1989     0.000
2002   14    1988     0.000
2002   15    1987     0.000
2002   16    1986     0.001
2002   17    1985     0.006
2002   18    1984     0.021
2002   19    1983     0.054
2002   20    1982     0.110
2002   21    1981     0.189
2002   22    1980     0.281
2002   23    1979     0.376
2002   24    1978     0.470
2002   25    1977     0.560
2002   26    1976     0.643
2002   27    1975     0.717
2002   28    1974     0.784
2002   29    1973     0.842
2002   30    1972     0.893
2002   31    1971     0.937
2002   32    1970     0.976
2002   33    1969     1.008
2002   34    1968     1.034
2002   35    1967     1.056
2002   36    1966     1.073
2002   37    1965     1.087
2002   38    1964     1.098
2002   39    1963     1.106
2002   40    1962     1.113
2002   41    1961     1.117
2002   42    1960     1.120
2002   43    1959     1.122
2002   44    1958     1.123
2002   45    1957     1.124
2002   46    1956     1.125
2002   47    1955     1.125
2002   48    1954     1.125
2002   49    1953     1.125
2002   50    1952     1.125
2002   51    1951     1.125
2002   52    1950     1.125
2002   53    1949     1.125
2002   54    1948     1.125
2002   55    1947     1.125
2003   12    1991     0.000
2003   13    1990     0.000
2003   14    1989     0.000
2003   15    1988     0.000
2003   16    1987     0.001
2003   17    1986     0.006
2003   18    1985     0.021
2003   19    1984     0.052
2003   20    1983     0.107
2003   21    1982     0.185
2003   22    1981     0.277
2003   23    1980     0.373
2003   24    1979     0.468
2003   25    1978     0.560
2003   26    1977     0.647
2003   27    1976     0.727
2003   28    1975     0.797
2003   29    1974     0.859
2003   30    1973     0.914
2003   31    1972     0.963
2003   32    1971     1.005
2003   33    1970     1.040
2003   34    1969     1.069
2003   35    1968     1.093
2003   36    1967     1.113
2003   37    1966     1.128
2003   38    1965     1.140
2003   39    1964     1.149
2003   40    1963     1.156
2003   41    1962     1.161
2003   42    1961     1.164
2003   43    1960     1.167
2003   44    1959     1.168
2003   45    1958     1.169
2003   46    1957     1.169
2003   47    1956     1.169
2003   48    1955     1.169
2003   49    1954     1.169
2003   50    1953     1.169
2003   51    1952     1.169
2003   52    1951     1.169
2003   53    1950     1.169
2003   54    1949     1.169
2003   55    1948     1.169
2004   12    1992     0.000
2004   13    1991     0.000
2004   14    1990     0.000
2004   15    1989     0.000
2004   16    1988     0.001
2004   17    1987     0.007
2004   18    1986     0.022
2004   19    1985     0.054
2004   20    1984     0.109
2004   21    1983     0.185
2004   22    1982     0.276
2004   23    1981     0.375
2004   24    1980     0.472
2004   25    1979     0.566
2004   26    1978     0.656
2004   27    1977     0.740
2004   28    1976     0.815
2004   29    1975     0.881
2004   30    1974     0.938
2004   31    1973     0.990
2004   32    1972     1.034
2004   33    1971     1.072
2004   34    1970     1.104
2004   35    1969     1.130
2004   36    1968     1.152
2004   37    1967     1.169
2004   38    1966     1.183
2004   39    1965     1.193
2004   40    1964     1.200
2004   41    1963     1.206
2004   42    1962     1.210
2004   43    1961     1.212
2004   44    1960     1.213
2004   45    1959     1.214
2004   46    1958     1.215
2004   47    1957     1.215
2004   48    1956     1.215
2004   49    1955     1.215
2004   50    1954     1.215
2004   51    1953     1.215
2004   52    1952     1.215
2004   53    1951     1.215
2004   54    1950     1.215
2004   55    1949     1.215
2005   12    1993     0.000
2005   13    1992     0.000
2005   14    1991     0.000
2005   15    1990     0.000
2005   16    1989     0.001
2005   17    1988     0.006
2005   18    1987     0.021
2005   19    1986     0.052
2005   20    1985     0.104
2005   21    1984     0.175
2005   22    1983     0.260
2005   23    1982     0.351
2005   24    1981     0.444
2005   25    1980     0.536
2005   26    1979     0.624
2005   27    1978     0.707
2005   28    1977     0.783
2005   29    1976     0.851
2005   30    1975     0.912
2005   31    1974     0.965
2005   32    1973     1.012
2005   33    1972     1.053
2005   34    1971     1.087
2005   35    1970     1.115
2005   36    1969     1.138
2005   37    1968     1.157
2005   38    1967     1.171
2005   39    1966     1.182
2005   40    1965     1.191
2005   41    1964     1.197
2005   42    1963     1.201
2005   43    1962     1.203
2005   44    1961     1.205
2005   45    1960     1.206
2005   46    1959     1.206
2005   47    1958     1.206
2005   48    1957     1.206
2005   49    1956     1.206
2005   50    1955     1.206
2005   51    1954     1.206
2005   52    1953     1.206
2005   53    1952     1.206
2005   54    1951     1.206
2005   55    1950     1.207
2006   12    1994     0.000
2006   13    1993     0.000
2006   14    1992     0.000
2006   15    1991     0.000
2006   16    1990     0.001
2006   17    1989     0.006
2006   18    1988     0.021
2006   19    1987     0.052
2006   20    1986     0.105
2006   21    1985     0.179
2006   22    1984     0.265
2006   23    1983     0.358
2006   24    1982     0.455
2006   25    1981     0.552
2006   26    1980     0.647
2006   27    1979     0.737
2006   28    1978     0.820
2006   29    1977     0.896
2006   30    1976     0.965
2006   31    1975     1.026
2006   32    1974     1.078
2006   33    1973     1.124
2006   34    1972     1.163
2006   35    1971     1.195
2006   36    1970     1.222
2006   37    1969     1.244
2006   38    1968     1.261
2006   39    1967     1.273
2006   40    1966     1.283
2006   41    1965     1.289
2006   42    1964     1.294
2006   43    1963     1.296
2006   44    1962     1.298
2006   45    1961     1.299
2006   46    1960     1.300
2006   47    1959     1.300
2006   48    1958     1.300
2006   49    1957     1.300
2006   50    1956     1.300
2006   51    1955     1.300
2006   52    1954     1.300
2006   53    1953     1.300
2006   54    1952     1.300
2006   55    1951     1.300
2007   12    1995     0.000
2007   13    1994     0.000
2007   14    1993     0.000
2007   15    1992     0.000
2007   16    1991     0.001
2007   17    1990     0.007
2007   18    1989     0.022
2007   19    1988     0.054
2007   20    1987     0.108
2007   21    1986     0.183
2007   22    1985     0.269
2007   23    1984     0.361
2007   24    1983     0.457
2007   25    1982     0.554
2007   26    1981     0.651
2007   27    1980     0.743
2007   28    1979     0.827
2007   29    1978     0.905
2007   30    1977     0.976
2007   31    1976     1.040
2007   32    1975     1.096
2007   33    1974     1.144
2007   34    1973     1.185
2007   35    1972     1.220
2007   36    1971     1.249
2007   37    1970     1.272
2007   38    1969     1.290
2007   39    1968     1.304
2007   40    1967     1.314
2007   41    1966     1.322
2007   42    1965     1.327
2007   43    1964     1.330
2007   44    1963     1.332
2007   45    1962     1.333
2007   46    1961     1.334
2007   47    1960     1.334
2007   48    1959     1.334
2007   49    1958     1.334
2007   50    1957     1.334
2007   51    1956     1.334
2007   52    1955     1.334
2007   53    1954     1.334
2007   54    1953     1.334
2007   55    1952     1.334
2008   12    1996     0.000
2008   13    1995     0.000
2008   14    1994     0.000
2008   15    1993     0.000
2008   16    1992     0.002
2008   17    1991     0.008
2008   18    1990     0.025
2008   19    1989     0.059
2008   20    1988     0.116
2008   21    1987     0.193
2008   22    1986     0.284
2008   23    1985     0.382
2008   24    1984     0.483
2008   25    1983     0.586
2008   26    1982     0.688
2008   27    1981     0.787
2008   28    1980     0.877
2008   29    1979     0.961
2008   30    1978     1.038
2008   31    1977     1.109
2008   32    1976     1.172
2008   33    1975     1.226
2008   34    1974     1.273
2008   35    1973     1.313
2008   36    1972     1.346
2008   37    1971     1.373
2008   38    1970     1.395
2008   39    1969     1.411
2008   40    1968     1.423
2008   41    1967     1.431
2008   42    1966     1.437
2008   43    1965     1.441
2008   44    1964     1.443
2008   45    1963     1.444
2008   46    1962     1.445
2008   47    1961     1.445
2008   48    1960     1.445
2008   49    1959     1.445
2008   50    1958     1.445
2008   51    1957     1.445
2008   52    1956     1.445
2008   53    1955     1.445
2008   54    1954     1.445
2008   55    1953     1.445
2009   12    1997     0.000
2009   13    1996     0.000
2009   14    1995     0.000
2009   15    1994     0.000
2009   16    1993     0.002
2009   17    1992     0.008
2009   18    1991     0.024
2009   19    1990     0.058
2009   20    1989     0.113
2009   21    1988     0.186
2009   22    1987     0.272
2009   23    1986     0.367
2009   24    1985     0.467
2009   25    1984     0.568
2009   26    1983     0.669
2009   27    1982     0.767
2009   28    1981     0.860
2009   29    1980     0.945
2009   30    1979     1.024
2009   31    1978     1.097
2009   32    1977     1.163
2009   33    1976     1.222
2009   34    1975     1.271
2009   35    1974     1.314
2009   36    1973     1.349
2009   37    1972     1.379
2009   38    1971     1.403
2009   39    1970     1.421
2009   40    1969     1.434
2009   41    1968     1.444
2009   42    1967     1.450
2009   43    1966     1.455
2009   44    1965     1.457
2009   45    1964     1.458
2009   46    1963     1.459
2009   47    1962     1.460
2009   48    1961     1.460
2009   49    1960     1.460
2009   50    1959     1.460
2009   51    1958     1.460
2009   52    1957     1.460
2009   53    1956     1.460
2009   54    1955     1.460
2009   55    1954     1.460
2010   12    1998     0.000
2010   13    1997     0.000
2010   14    1996     0.000
2010   15    1995     0.000
2010   16    1994     0.002
2010   17    1993     0.007
2010   18    1992     0.023
2010   19    1991     0.053
2010   20    1990     0.104
2010   21    1989     0.171
2010   22    1988     0.251
2010   23    1987     0.339
2010   24    1986     0.435
2010   25    1985     0.533
2010   26    1984     0.632
2010   27    1983     0.727
2010   28    1982     0.818
2010   29    1981     0.904
2010   30    1980     0.983
2010   31    1979     1.055
2010   32    1978     1.122
2010   33    1977     1.181
2010   34    1976     1.233
2010   35    1975     1.276
2010   36    1974     1.313
2010   37    1973     1.344
2010   38    1972     1.368
2010   39    1971     1.387
2010   40    1970     1.401
2010   41    1969     1.411
2010   42    1968     1.418
2010   43    1967     1.423
2010   44    1966     1.425
2010   45    1965     1.427
2010   46    1964     1.428
2010   47    1963     1.428
2010   48    1962     1.428
2010   49    1961     1.428
2010   50    1960     1.428
2010   51    1959     1.428
2010   52    1958     1.428
2010   53    1957     1.428
2010   54    1956     1.428
2010   55    1955     1.428
2011   12    1999     0.000
2011   13    1998     0.000
2011   14    1997     0.000
2011   15    1996     0.000
2011   16    1995     0.002
2011   17    1994     0.007
2011   18    1993     0.022
2011   19    1992     0.052
2011   20    1991     0.102
2011   21    1990     0.168
2011   22    1989     0.248
2011   23    1988     0.336
2011   24    1987     0.430
2011   25    1986     0.529
2011   26    1985     0.628
2011   27    1984     0.726
2011   28    1983     0.817
2011   29    1982     0.904
2011   30    1981     0.985
2011   31    1980     1.059
2011   32    1979     1.128
2011   33    1978     1.190
2011   34    1977     1.245
2011   35    1976     1.292
2011   36    1975     1.331
2011   37    1974     1.364
2011   38    1973     1.392
2011   39    1972     1.413
2011   40    1971     1.428
2011   41    1970     1.440
2011   42    1969     1.447
2011   43    1968     1.452
2011   44    1967     1.455
2011   45    1966     1.457
2011   46    1965     1.458
2011   47    1964     1.458
2011   48    1963     1.458
2011   49    1962     1.458
2011   50    1961     1.458
2011   51    1960     1.458
2011   52    1959     1.458
2011   53    1958     1.458
2011   54    1957     1.458
2011   55    1956     1.458
2012   12    2000     0.000
2012   13    1999     0.000
2012   14    1998     0.000
2012   15    1997     0.000
2012   16    1996     0.002
2012   17    1995     0.008
2012   18    1994     0.023
2012   19    1993     0.053
2012   20    1992     0.104
2012   21    1991     0.173
2012   22    1990     0.255
2012   23    1989     0.346
2012   24    1988     0.443
2012   25    1987     0.547
2012   26    1986     0.653
2012   27    1985     0.756
2012   28    1984     0.851
2012   29    1983     0.941
2012   30    1982     1.027
2012   31    1981     1.107
2012   32    1980     1.179
2012   33    1979     1.243
2012   34    1978     1.300
2012   35    1977     1.351
2012   36    1976     1.395
2012   37    1975     1.431
2012   38    1974     1.459
2012   39    1973     1.482
2012   40    1972     1.498
2012   41    1971     1.511
2012   42    1970     1.519
2012   43    1969     1.524
2012   44    1968     1.527
2012   45    1967     1.529
2012   46    1966     1.530
2012   47    1965     1.531
2012   48    1964     1.531
2012   49    1963     1.531
2012   50    1962     1.531
2012   51    1961     1.531
2012   52    1960     1.531
2012   53    1959     1.531
2012   54    1958     1.531
2012   55    1957     1.531
2013   12    2001     0.000
2013   13    2000     0.000
2013   14    1999     0.000
2013   15    1998     0.000
2013   16    1997     0.002
2013   17    1996     0.008
2013   18    1995     0.022
2013   19    1994     0.051
2013   20    1993     0.099
2013   21    1992     0.166
2013   22    1991     0.245
2013   23    1990     0.334
2013   24    1989     0.430
2013   25    1988     0.530
2013   26    1987     0.633
2013   27    1986     0.734
2013   28    1985     0.828
2013   29    1984     0.918
2013   30    1983     1.000
2013   31    1982     1.077
2013   32    1981     1.150
2013   33    1980     1.214
2013   34    1979     1.270
2013   35    1978     1.320
2013   36    1977     1.364
2013   37    1976     1.402
2013   38    1975     1.431
2013   39    1974     1.454
2013   40    1973     1.472
2013   41    1972     1.484
2013   42    1971     1.493
2013   43    1970     1.499
2013   44    1969     1.502
2013   45    1968     1.504
2013   46    1967     1.505
2013   47    1966     1.505
2013   48    1965     1.505
2013   49    1964     1.505
2013   50    1963     1.505
2013   51    1962     1.506
2013   52    1961     1.506
2013   53    1960     1.506
2013   54    1959     1.506
2013   55    1958     1.506
