Ukraine, Cumulative cohort fertility rates (horizontal parallelograms
Last modified: 13/11/2015
Cohort  Age     CCFR
1944    12         .
1944    13         .
1944    14         .
1944    15     0.000
1944    16     0.000
1944    17     0.002
1944    18     0.014
1944    19     0.062
1944    20     0.154
1944    21     0.257
1944    22     0.393
1944    23     0.556
1944    24     0.722
1944    25     0.882
1944    26     1.030
1944    27     1.152
1944    28     1.255
1944    29     1.348
1944    30     1.435
1944    31     1.518
1944    32     1.584
1944    33     1.637
1944    34     1.681
1944    35     1.718
1944    36     1.748
1944    37     1.771
1944    38     1.790
1944    39     1.805
1944    40     1.816
1944    41     1.824
1944    42     1.830
1944    43     1.834
1944    44     1.836
1944    45     1.838
1944    46     1.838
1944    47     1.838
1944    48     1.838
1944    49     1.839
1944    50     1.839
1944    51     1.839
1944    52     1.839
1944    53     1.839
1944    54     1.839
1944    55     1.839
1945    12         .
1945    13         .
1945    14     0.000
1945    15     0.000
1945    16     0.000
1945    17     0.003
1945    18     0.016
1945    19     0.063
1945    20     0.150
1945    21     0.257
1945    22     0.403
1945    23     0.570
1945    24     0.738
1945    25     0.902
1945    26     1.050
1945    27     1.171
1945    28     1.274
1945    29     1.365
1945    30     1.452
1945    31     1.531
1945    32     1.594
1945    33     1.646
1945    34     1.686
1945    35     1.719
1945    36     1.747
1945    37     1.769
1945    38     1.787
1945    39     1.800
1945    40     1.811
1945    41     1.818
1945    42     1.824
1945    43     1.827
1945    44     1.829
1945    45     1.830
1945    46     1.831
1945    47     1.831
1945    48     1.831
1945    49     1.831
1945    50     1.831
1945    51     1.831
1945    52     1.831
1945    53     1.831
1945    54     1.831
1945    55     1.831
1946    12         .
1946    13     0.000
1946    14     0.000
1946    15     0.000
1946    16     0.000
1946    17     0.003
1946    18     0.017
1946    19     0.061
1946    20     0.148
1946    21     0.264
1946    22     0.417
1946    23     0.586
1946    24     0.760
1946    25     0.927
1946    26     1.074
1946    27     1.194
1946    28     1.296
1946    29     1.389
1946    30     1.474
1946    31     1.550
1946    32     1.614
1946    33     1.665
1946    34     1.707
1946    35     1.741
1946    36     1.769
1946    37     1.792
1946    38     1.811
1946    39     1.825
1946    40     1.836
1946    41     1.844
1946    42     1.849
1946    43     1.852
1946    44     1.854
1946    45     1.855
1946    46     1.856
1946    47     1.856
1946    48     1.856
1946    49     1.856
1946    50     1.856
1946    51     1.856
1946    52     1.856
1946    53     1.856
1946    54     1.856
1946    55     1.856
1947    12     0.000
1947    13     0.000
1947    14     0.000
1947    15     0.000
1947    16     0.000
1947    17     0.003
1947    18     0.017
1947    19     0.061
1947    20     0.151
1947    21     0.274
1947    22     0.430
1947    23     0.606
1947    24     0.785
1947    25     0.955
1947    26     1.100
1947    27     1.219
1947    28     1.323
1947    29     1.416
1947    30     1.500
1947    31     1.570
1947    32     1.630
1947    33     1.679
1947    34     1.719
1947    35     1.752
1947    36     1.781
1947    37     1.805
1947    38     1.823
1947    39     1.837
1947    40     1.848
1947    41     1.856
1947    42     1.861
1947    43     1.864
1947    44     1.865
1947    45     1.866
1947    46     1.867
1947    47     1.867
1947    48     1.867
1947    49     1.867
1947    50     1.867
1947    51     1.867
1947    52     1.867
1947    53     1.867
1947    54     1.867
1947    55     1.867
1948    12     0.000
1948    13     0.000
1948    14     0.000
1948    15     0.000
1948    16     0.001
1948    17     0.003
1948    18     0.017
1948    19     0.063
1948    20     0.157
1948    21     0.283
1948    22     0.446
1948    23     0.629
1948    24     0.811
1948    25     0.977
1948    26     1.120
1948    27     1.241
1948    28     1.346
1948    29     1.437
1948    30     1.523
1948    31     1.591
1948    32     1.649
1948    33     1.697
1948    34     1.738
1948    35     1.773
1948    36     1.803
1948    37     1.826
1948    38     1.844
1948    39     1.859
1948    40     1.869
1948    41     1.876
1948    42     1.880
1948    43     1.883
1948    44     1.884
1948    45     1.885
1948    46     1.885
1948    47     1.886
1948    48     1.886
1948    49     1.886
1948    50     1.886
1948    51     1.886
1948    52     1.886
1948    53     1.886
1948    54     1.886
1948    55     1.886
1949    12     0.000
1949    13     0.000
1949    14     0.000
1949    15     0.000
1949    16     0.000
1949    17     0.003
1949    18     0.017
1949    19     0.065
1949    20     0.158
1949    21     0.288
1949    22     0.459
1949    23     0.644
1949    24     0.820
1949    25     0.984
1949    26     1.129
1949    27     1.251
1949    28     1.354
1949    29     1.447
1949    30     1.531
1949    31     1.602
1949    32     1.662
1949    33     1.714
1949    34     1.759
1949    35     1.798
1949    36     1.828
1949    37     1.854
1949    38     1.874
1949    39     1.889
1949    40     1.900
1949    41     1.906
1949    42     1.911
1949    43     1.913
1949    44     1.915
1949    45     1.915
1949    46     1.916
1949    47     1.916
1949    48     1.916
1949    49     1.916
1949    50     1.916
1949    51     1.916
1949    52     1.916
1949    53     1.916
1949    54     1.916
1949    55     1.916
1950    12     0.000
1950    13     0.000
1950    14     0.000
1950    15     0.000
1950    16     0.001
1950    17     0.003
1950    18     0.018
1950    19     0.065
1950    20     0.161
1950    21     0.298
1950    22     0.471
1950    23     0.651
1950    24     0.822
1950    25     0.987
1950    26     1.133
1950    27     1.255
1950    28     1.359
1950    29     1.451
1950    30     1.531
1950    31     1.599
1950    32     1.657
1950    33     1.709
1950    34     1.754
1950    35     1.790
1950    36     1.820
1950    37     1.846
1950    38     1.865
1950    39     1.878
1950    40     1.887
1950    41     1.893
1950    42     1.897
1950    43     1.899
1950    44     1.900
1950    45     1.901
1950    46     1.901
1950    47     1.901
1950    48     1.901
1950    49     1.901
1950    50     1.901
1950    51     1.901
1950    52     1.901
1950    53     1.901
1950    54     1.901
1950    55     1.901
1951    12     0.000
1951    13     0.000
1951    14     0.000
1951    15     0.000
1951    16     0.001
1951    17     0.003
1951    18     0.018
1951    19     0.068
1951    20     0.172
1951    21     0.312
1951    22     0.480
1951    23     0.655
1951    24     0.826
1951    25     0.991
1951    26     1.136
1951    27     1.255
1951    28     1.361
1951    29     1.452
1951    30     1.533
1951    31     1.603
1951    32     1.666
1951    33     1.721
1951    34     1.765
1951    35     1.803
1951    36     1.835
1951    37     1.859
1951    38     1.877
1951    39     1.889
1951    40     1.897
1951    41     1.903
1951    42     1.906
1951    43     1.909
1951    44     1.910
1951    45     1.910
1951    46     1.911
1951    47     1.911
1951    48     1.911
1951    49     1.911
1951    50     1.911
1951    51     1.911
1951    52     1.911
1951    53     1.911
1951    54     1.911
1951    55     1.911
1952    12     0.000
1952    13     0.000
1952    14     0.000
1952    15     0.000
1952    16     0.001
1952    17     0.004
1952    18     0.019
1952    19     0.073
1952    20     0.181
1952    21     0.319
1952    22     0.485
1952    23     0.661
1952    24     0.832
1952    25     0.993
1952    26     1.128
1952    27     1.243
1952    28     1.345
1952    29     1.434
1952    30     1.513
1952    31     1.586
1952    32     1.651
1952    33     1.703
1952    34     1.748
1952    35     1.785
1952    36     1.815
1952    37     1.837
1952    38     1.853
1952    39     1.863
1952    40     1.871
1952    41     1.876
1952    42     1.879
1952    43     1.881
1952    44     1.882
1952    45     1.883
1952    46     1.883
1952    47     1.883
1952    48     1.883
1952    49     1.883
1952    50     1.883
1952    51     1.883
1952    52     1.883
1952    53     1.883
1952    54     1.883
1952    55     1.883
1953    12     0.000
1953    13     0.000
1953    14     0.000
1953    15     0.000
1953    16     0.001
1953    17     0.004
1953    18     0.021
1953    19     0.077
1953    20     0.185
1953    21     0.324
1953    22     0.493
1953    23     0.669
1953    24     0.836
1953    25     0.984
1953    26     1.110
1953    27     1.221
1953    28     1.320
1953    29     1.408
1953    30     1.491
1953    31     1.566
1953    32     1.626
1953    33     1.679
1953    34     1.724
1953    35     1.760
1953    36     1.787
1953    37     1.806
1953    38     1.820
1953    39     1.830
1953    40     1.837
1953    41     1.842
1953    42     1.845
1953    43     1.846
1953    44     1.847
1953    45     1.848
1953    46     1.848
1953    47     1.848
1953    48     1.848
1953    49     1.848
1953    50     1.848
1953    51     1.848
1953    52     1.848
1953    53     1.848
1953    54     1.848
1953    55     1.848
1954    12     0.000
1954    13     0.000
1954    14     0.000
1954    15     0.000
1954    16     0.001
1954    17     0.004
1954    18     0.022
1954    19     0.080
1954    20     0.191
1954    21     0.333
1954    22     0.504
1954    23     0.677
1954    24     0.834
1954    25     0.972
1954    26     1.098
1954    27     1.210
1954    28     1.311
1954    29     1.406
1954    30     1.493
1954    31     1.566
1954    32     1.628
1954    33     1.682
1954    34     1.725
1954    35     1.758
1954    36     1.783
1954    37     1.801
1954    38     1.813
1954    39     1.822
1954    40     1.829
1954    41     1.833
1954    42     1.836
1954    43     1.837
1954    44     1.838
1954    45     1.839
1954    46     1.839
1954    47     1.839
1954    48     1.839
1954    49     1.839
1954    50     1.839
1954    51     1.839
1954    52     1.839
1954    53     1.839
1954    54     1.839
1954    55     1.839
1955    12     0.000
1955    13     0.000
1955    14     0.000
1955    15     0.000
1955    16     0.001
1955    17     0.005
1955    18     0.024
1955    19     0.084
1955    20     0.199
1955    21     0.345
1955    22     0.514
1955    23     0.682
1955    24     0.835
1955    25     0.973
1955    26     1.098
1955    27     1.210
1955    28     1.317
1955    29     1.417
1955    30     1.500
1955    31     1.574
1955    32     1.637
1955    33     1.688
1955    34     1.728
1955    35     1.758
1955    36     1.779
1955    37     1.795
1955    38     1.807
1955    39     1.815
1955    40     1.821
1955    41     1.825
1955    42     1.827
1955    43     1.829
1955    44     1.830
1955    45     1.830
1955    46     1.831
1955    47     1.831
1955    48     1.831
1955    49     1.831
1955    50     1.831
1955    51     1.831
1955    52     1.831
1955    53     1.831
1955    54     1.831
1955    55     1.831
1956    12     0.000
1956    13     0.000
1956    14     0.000
1956    15     0.000
1956    16     0.001
1956    17     0.005
1956    18     0.025
1956    19     0.088
1956    20     0.207
1956    21     0.353
1956    22     0.524
1956    23     0.694
1956    24     0.847
1956    25     0.984
1956    26     1.106
1956    27     1.224
1956    28     1.335
1956    29     1.430
1956    30     1.513
1956    31     1.587
1956    32     1.647
1956    33     1.694
1956    34     1.730
1956    35     1.756
1956    36     1.776
1956    37     1.791
1956    38     1.801
1956    39     1.809
1956    40     1.814
1956    41     1.818
1956    42     1.820
1956    43     1.822
1956    44     1.823
1956    45     1.823
1956    46     1.824
1956    47     1.824
1956    48     1.824
1956    49     1.824
1956    50     1.824
1956    51     1.824
1956    52     1.824
1956    53     1.824
1956    54     1.824
1956    55     1.824
1957    12     0.000
1957    13     0.000
1957    14     0.000
1957    15     0.000
1957    16     0.001
1957    17     0.005
1957    18     0.026
1957    19     0.093
1957    20     0.212
1957    21     0.370
1957    22     0.550
1957    23     0.722
1957    24     0.873
1957    25     1.009
1957    26     1.140
1957    27     1.264
1957    28     1.372
1957    29     1.468
1957    30     1.553
1957    31     1.623
1957    32     1.680
1957    33     1.722
1957    34     1.754
1957    35     1.779
1957    36     1.797
1957    37     1.811
1957    38     1.820
1957    39     1.827
1957    40     1.832
1957    41     1.836
1957    42     1.839
1957    43     1.840
1957    44     1.841
1957    45     1.842
1957    46     1.842
1957    47     1.842
1957    48     1.842
1957    49     1.842
1957    50     1.842
1957    51     1.842
1957    52     1.842
1957    53     1.842
1957    54     1.842
1957    55     1.842
1958    12     0.000
1958    13     0.000
1958    14     0.000
1958    15     0.000
1958    16     0.001
1958    17     0.006
1958    18     0.028
1958    19     0.096
1958    20     0.217
1958    21     0.391
1958    22     0.574
1958    23     0.744
1958    24     0.897
1958    25     1.043
1958    26     1.181
1958    27     1.302
1958    28     1.412
1958    29     1.509
1958    30     1.592
1958    31     1.658
1958    32     1.709
1958    33     1.747
1958    34     1.777
1958    35     1.800
1958    36     1.817
1958    37     1.830
1958    38     1.839
1958    39     1.846
1958    40     1.851
1958    41     1.855
1958    42     1.858
1958    43     1.860
1958    44     1.860
1958    45     1.861
1958    46     1.861
1958    47     1.861
1958    48     1.861
1958    49     1.862
1958    50     1.862
1958    51     1.862
1958    52     1.862
1958    53     1.862
1958    54     1.862
1958    55     1.862
1959    12     0.000
1959    13     0.000
1959    14     0.000
1959    15     0.000
1959    16     0.001
1959    17     0.006
1959    18     0.029
1959    19     0.098
1959    20     0.225
1959    21     0.402
1959    22     0.584
1959    23     0.754
1959    24     0.917
1959    25     1.069
1959    26     1.204
1959    27     1.327
1959    28     1.437
1959    29     1.531
1959    30     1.609
1959    31     1.668
1959    32     1.715
1959    33     1.750
1959    34     1.777
1959    35     1.798
1959    36     1.814
1959    37     1.826
1959    38     1.835
1959    39     1.842
1959    40     1.847
1959    41     1.851
1959    42     1.853
1959    43     1.855
1959    44     1.856
1959    45     1.856
1959    46     1.857
1959    47     1.857
1959    48     1.857
1959    49     1.857
1959    50     1.857
1959    51     1.857
1959    52     1.857
1959    53     1.857
1959    54     1.857
1959    55         .
1960    12     0.000
1960    13     0.000
1960    14     0.000
1960    15     0.000
1960    16     0.001
1960    17     0.007
1960    18     0.030
1960    19     0.099
1960    20     0.231
1960    21     0.405
1960    22     0.585
1960    23     0.765
1960    24     0.933
1960    25     1.082
1960    26     1.219
1960    27     1.342
1960    28     1.448
1960    29     1.536
1960    30     1.605
1960    31     1.659
1960    32     1.701
1960    33     1.734
1960    34     1.759
1960    35     1.778
1960    36     1.792
1960    37     1.804
1960    38     1.812
1960    39     1.819
1960    40     1.824
1960    41     1.827
1960    42     1.830
1960    43     1.831
1960    44     1.832
1960    45     1.833
1960    46     1.833
1960    47     1.833
1960    48     1.834
1960    49     1.834
1960    50     1.834
1960    51     1.834
1960    52     1.834
1960    53     1.834
1960    54         .
1960    55         .
1961    12     0.000
1961    13     0.000
1961    14     0.000
1961    15     0.000
1961    16     0.001
1961    17     0.007
1961    18     0.030
1961    19     0.100
1961    20     0.229
1961    21     0.400
1961    22     0.588
1961    23     0.773
1961    24     0.938
1961    25     1.089
1961    26     1.226
1961    27     1.346
1961    28     1.447
1961    29     1.527
1961    30     1.590
1961    31     1.640
1961    32     1.679
1961    33     1.709
1961    34     1.732
1961    35     1.750
1961    36     1.764
1961    37     1.775
1961    38     1.784
1961    39     1.790
1961    40     1.795
1961    41     1.799
1961    42     1.801
1961    43     1.803
1961    44     1.804
1961    45     1.805
1961    46     1.805
1961    47     1.806
1961    48     1.806
1961    49     1.806
1961    50     1.806
1961    51     1.806
1961    52     1.806
1961    53         .
1961    54         .
1961    55         .
1962    12     0.000
1962    13     0.000
1962    14     0.000
1962    15     0.000
1962    16     0.001
1962    17     0.008
1962    18     0.032
1962    19     0.100
1962    20     0.227
1962    21     0.402
1962    22     0.595
1962    23     0.778
1962    24     0.942
1962    25     1.093
1962    26     1.227
1962    27     1.341
1962    28     1.433
1962    29     1.507
1962    30     1.566
1962    31     1.613
1962    32     1.649
1962    33     1.677
1962    34     1.699
1962    35     1.717
1962    36     1.731
1962    37     1.742
1962    38     1.750
1962    39     1.757
1962    40     1.762
1962    41     1.766
1962    42     1.769
1962    43     1.771
1962    44     1.772
1962    45     1.773
1962    46     1.773
1962    47     1.773
1962    48     1.774
1962    49     1.774
1962    50     1.774
1962    51     1.774
1962    52         .
1962    53         .
1962    54         .
1962    55         .
1963    12     0.000
1963    13     0.000
1963    14     0.000
1963    15     0.000
1963    16     0.001
1963    17     0.008
1963    18     0.033
1963    19     0.102
1963    20     0.234
1963    21     0.413
1963    22     0.605
1963    23     0.788
1963    24     0.952
1963    25     1.100
1963    26     1.227
1963    27     1.331
1963    28     1.416
1963    29     1.485
1963    30     1.539
1963    31     1.582
1963    32     1.616
1963    33     1.643
1963    34     1.664
1963    35     1.681
1963    36     1.695
1963    37     1.706
1963    38     1.714
1963    39     1.721
1963    40     1.727
1963    41     1.731
1963    42     1.734
1963    43     1.736
1963    44     1.738
1963    45     1.738
1963    46     1.739
1963    47     1.739
1963    48     1.739
1963    49     1.739
1963    50     1.739
1963    51         .
1963    52         .
1963    53         .
1963    54         .
1963    55         .
1964    12     0.000
1964    13     0.000
1964    14     0.000
1964    15     0.000
1964    16     0.001
1964    17     0.008
1964    18     0.034
1964    19     0.106
1964    20     0.241
1964    21     0.418
1964    22     0.609
1964    23     0.792
1964    24     0.954
1964    25     1.095
1964    26     1.212
1964    27     1.309
1964    28     1.388
1964    29     1.452
1964    30     1.502
1964    31     1.542
1964    32     1.574
1964    33     1.600
1964    34     1.621
1964    35     1.638
1964    36     1.652
1964    37     1.663
1964    38     1.672
1964    39     1.680
1964    40     1.686
1964    41     1.691
1964    42     1.694
1964    43     1.696
1964    44     1.698
1964    45     1.699
1964    46     1.699
1964    47     1.700
1964    48     1.700
1964    49     1.700
1964    50         .
1964    51         .
1964    52         .
1964    53         .
1964    54         .
1964    55         .
1965    12     0.000
1965    13     0.000
1965    14     0.000
1965    15     0.000
1965    16     0.001
1965    17     0.009
1965    18     0.037
1965    19     0.113
1965    20     0.250
1965    21     0.431
1965    22     0.624
1965    23     0.806
1965    24     0.963
1965    25     1.095
1965    26     1.205
1965    27     1.296
1965    28     1.370
1965    29     1.430
1965    30     1.478
1965    31     1.518
1965    32     1.549
1965    33     1.575
1965    34     1.596
1965    35     1.613
1965    36     1.626
1965    37     1.638
1965    38     1.648
1965    39     1.656
1965    40     1.663
1965    41     1.668
1965    42     1.672
1965    43     1.674
1965    44     1.676
1965    45     1.677
1965    46     1.677
1965    47     1.678
1965    48     1.678
1965    49         .
1965    50         .
1965    51         .
1965    52         .
1965    53         .
1965    54         .
1965    55         .
1966    12     0.000
1966    13     0.000
1966    14     0.000
1966    15     0.000
1966    16     0.002
1966    17     0.009
1966    18     0.040
1966    19     0.119
1966    20     0.261
1966    21     0.449
1966    22     0.645
1966    23     0.824
1966    24     0.974
1966    25     1.101
1966    26     1.206
1966    27     1.292
1966    28     1.362
1966    29     1.420
1966    30     1.467
1966    31     1.505
1966    32     1.537
1966    33     1.563
1966    34     1.583
1966    35     1.600
1966    36     1.615
1966    37     1.628
1966    38     1.639
1966    39     1.649
1966    40     1.656
1966    41     1.662
1966    42     1.666
1966    43     1.669
1966    44     1.671
1966    45     1.672
1966    46     1.673
1966    47     1.673
1966    48         .
1966    49         .
1966    50         .
1966    51         .
1966    52         .
1966    53         .
1966    54         .
1966    55         .
1967    12     0.000
1967    13     0.000
1967    14     0.000
1967    15     0.000
1967    16     0.001
1967    17     0.010
1967    18     0.041
1967    19     0.120
1967    20     0.262
1967    21     0.448
1967    22     0.638
1967    23     0.806
1967    24     0.948
1967    25     1.065
1967    26     1.163
1967    27     1.242
1967    28     1.308
1967    29     1.363
1967    30     1.408
1967    31     1.446
1967    32     1.476
1967    33     1.502
1967    34     1.524
1967    35     1.542
1967    36     1.559
1967    37     1.573
1967    38     1.586
1967    39     1.596
1967    40     1.604
1967    41     1.611
1967    42     1.616
1967    43     1.619
1967    44     1.621
1967    45     1.622
1967    46     1.623
1967    47         .
1967    48         .
1967    49         .
1967    50         .
1967    51         .
1967    52         .
1967    53         .
1967    54         .
1967    55         .
1968    12     0.000
1968    13     0.000
1968    14     0.000
1968    15     0.000
1968    16     0.001
1968    17     0.010
1968    18     0.042
1968    19     0.124
1968    20     0.271
1968    21     0.456
1968    22     0.640
1968    23     0.802
1968    24     0.937
1968    25     1.047
1968    26     1.138
1968    27     1.213
1968    28     1.276
1968    29     1.329
1968    30     1.373
1968    31     1.410
1968    32     1.441
1968    33     1.467
1968    34     1.490
1968    35     1.511
1968    36     1.529
1968    37     1.545
1968    38     1.559
1968    39     1.570
1968    40     1.579
1968    41     1.587
1968    42     1.592
1968    43     1.596
1968    44     1.598
1968    45     1.599
1968    46         .
1968    47         .
1968    48         .
1968    49         .
1968    50         .
1968    51         .
1968    52         .
1968    53         .
1968    54         .
1968    55         .
1969    12     0.000
1969    13     0.000
1969    14     0.000
1969    15     0.000
1969    16     0.002
1969    17     0.011
1969    18     0.043
1969    19     0.129
1969    20     0.280
1969    21     0.464
1969    22     0.646
1969    23     0.803
1969    24     0.931
1969    25     1.035
1969    26     1.122
1969    27     1.195
1969    28     1.257
1969    29     1.309
1969    30     1.352
1969    31     1.389
1969    32     1.421
1969    33     1.449
1969    34     1.475
1969    35     1.498
1969    36     1.518
1969    37     1.536
1969    38     1.552
1969    39     1.564
1969    40     1.575
1969    41     1.584
1969    42     1.590
1969    43     1.594
1969    44     1.596
1969    45         .
1969    46         .
1969    47         .
1969    48         .
1969    49         .
1969    50         .
1969    51         .
1969    52         .
1969    53         .
1969    54         .
1969    55         .
1970    12     0.000
1970    13     0.000
1970    14     0.000
1970    15     0.000
1970    16     0.002
1970    17     0.011
1970    18     0.044
1970    19     0.132
1970    20     0.283
1970    21     0.464
1970    22     0.639
1970    23     0.784
1970    24     0.901
1970    25     1.000
1970    26     1.083
1970    27     1.153
1970    28     1.212
1970    29     1.262
1970    30     1.305
1970    31     1.342
1970    32     1.376
1970    33     1.406
1970    34     1.433
1970    35     1.458
1970    36     1.481
1970    37     1.501
1970    38     1.518
1970    39     1.533
1970    40     1.544
1970    41     1.553
1970    42     1.560
1970    43     1.564
1970    44         .
1970    45         .
1970    46         .
1970    47         .
1970    48         .
1970    49         .
1970    50         .
1970    51         .
1970    52         .
1970    53         .
1970    54         .
1970    55         .
1971    12     0.000
1971    13     0.000
1971    14     0.000
1971    15     0.000
1971    16     0.002
1971    17     0.011
1971    18     0.046
1971    19     0.137
1971    20     0.287
1971    21     0.462
1971    22     0.622
1971    23     0.755
1971    24     0.865
1971    25     0.958
1971    26     1.038
1971    27     1.105
1971    28     1.162
1971    29     1.212
1971    30     1.255
1971    31     1.294
1971    32     1.331
1971    33     1.364
1971    34     1.394
1971    35     1.421
1971    36     1.446
1971    37     1.469
1971    38     1.488
1971    39     1.504
1971    40     1.517
1971    41     1.526
1971    42     1.533
1971    43         .
1971    44         .
1971    45         .
1971    46         .
1971    47         .
1971    48         .
1971    49         .
1971    50         .
1971    51         .
1971    52         .
1971    53         .
1971    54         .
1971    55         .
1972    12     0.000
1972    13     0.000
1972    14     0.000
1972    15     0.000
1972    16     0.002
1972    17     0.011
1972    18     0.049
1972    19     0.141
1972    20     0.287
1972    21     0.449
1972    22     0.595
1972    23     0.718
1972    24     0.824
1972    25     0.913
1972    26     0.990
1972    27     1.055
1972    28     1.111
1972    29     1.161
1972    30     1.206
1972    31     1.250
1972    32     1.290
1972    33     1.326
1972    34     1.359
1972    35     1.390
1972    36     1.418
1972    37     1.443
1972    38     1.464
1972    39     1.482
1972    40     1.496
1972    41     1.506
1972    42         .
1972    43         .
1972    44         .
1972    45         .
1972    46         .
1972    47         .
1972    48         .
1972    49         .
1972    50         .
1972    51         .
1972    52         .
1972    53         .
1972    54         .
1972    55         .
1973    12     0.000
1973    13     0.000
1973    14     0.000
1973    15     0.000
1973    16     0.002
1973    17     0.013
1973    18     0.055
1973    19     0.149
1973    20     0.287
1973    21     0.439
1973    22     0.576
1973    23     0.695
1973    24     0.797
1973    25     0.884
1973    26     0.958
1973    27     1.022
1973    28     1.079
1973    29     1.131
1973    30     1.180
1973    31     1.227
1973    32     1.270
1973    33     1.310
1973    34     1.347
1973    35     1.381
1973    36     1.412
1973    37     1.440
1973    38     1.463
1973    39     1.481
1973    40     1.496
1973    41         .
1973    42         .
1973    43         .
1973    44         .
1973    45         .
1973    46         .
1973    47         .
1973    48         .
1973    49         .
1973    50         .
1973    51         .
1973    52         .
1973    53         .
1973    54         .
1973    55         .
1974    12     0.000
1974    13     0.000
1974    14     0.000
1974    15     0.000
1974    16     0.002
1974    17     0.015
1974    18     0.060
1974    19     0.153
1974    20     0.285
1974    21     0.429
1974    22     0.560
1974    23     0.675
1974    24     0.774
1974    25     0.859
1974    26     0.934
1974    27     1.000
1974    28     1.060
1974    29     1.117
1974    30     1.170
1974    31     1.219
1974    32     1.266
1974    33     1.309
1974    34     1.350
1974    35     1.388
1974    36     1.422
1974    37     1.451
1974    38     1.476
1974    39     1.496
1974    40         .
1974    41         .
1974    42         .
1974    43         .
1974    44         .
1974    45         .
1974    46         .
1974    47         .
1974    48         .
1974    49         .
1974    50         .
1974    51         .
1974    52         .
1974    53         .
1974    54         .
1974    55         .
1975    12     0.000
1975    13     0.000
1975    14     0.000
1975    15     0.000
1975    16     0.003
1975    17     0.017
1975    18     0.062
1975    19     0.152
1975    20     0.277
1975    21     0.412
1975    22     0.537
1975    23     0.646
1975    24     0.740
1975    25     0.824
1975    26     0.898
1975    27     0.967
1975    28     1.031
1975    29     1.091
1975    30     1.147
1975    31     1.200
1975    32     1.250
1975    33     1.297
1975    34     1.342
1975    35     1.381
1975    36     1.416
1975    37     1.447
1975    38     1.473
1975    39         .
1975    40         .
1975    41         .
1975    42         .
1975    43         .
1975    44         .
1975    45         .
1975    46         .
1975    47         .
1975    48         .
1975    49         .
1975    50         .
1975    51         .
1975    52         .
1975    53         .
1975    54         .
1975    55         .
1976    12     0.000
1976    13     0.000
1976    14     0.000
1976    15     0.000
1976    16     0.003
1976    17     0.018
1976    18     0.063
1976    19     0.150
1976    20     0.268
1976    21     0.395
1976    22     0.511
1976    23     0.614
1976    24     0.704
1976    25     0.786
1976    26     0.862
1976    27     0.934
1976    28     1.002
1976    29     1.065
1976    30     1.125
1976    31     1.184
1976    32     1.239
1976    33     1.290
1976    34     1.337
1976    35     1.378
1976    36     1.416
1976    37     1.449
1976    38         .
1976    39         .
1976    40         .
1976    41         .
1976    42         .
1976    43         .
1976    44         .
1976    45         .
1976    46         .
1976    47         .
1976    48         .
1976    49         .
1976    50         .
1976    51         .
1976    52         .
1976    53         .
1976    54         .
1976    55         .
1977    12     0.000
1977    13     0.000
1977    14     0.000
1977    15     0.000
1977    16     0.004
1977    17     0.019
1977    18     0.064
1977    19     0.149
1977    20     0.259
1977    21     0.377
1977    22     0.486
1977    23     0.586
1977    24     0.679
1977    25     0.763
1977    26     0.845
1977    27     0.922
1977    28     0.994
1977    29     1.063
1977    30     1.129
1977    31     1.193
1977    32     1.254
1977    33     1.309
1977    34     1.358
1977    35     1.403
1977    36     1.444
1977    37         .
1977    38         .
1977    39         .
1977    40         .
1977    41         .
1977    42         .
1977    43         .
1977    44         .
1977    45         .
1977    46         .
1977    47         .
1977    48         .
1977    49         .
1977    50         .
1977    51         .
1977    52         .
1977    53         .
1977    54         .
1977    55         .
1978    12     0.000
1978    13     0.000
1978    14     0.000
1978    15     0.000
1978    16     0.004
1978    17     0.021
1978    18     0.064
1978    19     0.141
1978    20     0.243
1978    21     0.351
1978    22     0.455
1978    23     0.553
1978    24     0.646
1978    25     0.735
1978    26     0.821
1978    27     0.901
1978    28     0.977
1978    29     1.051
1978    30     1.122
1978    31     1.191
1978    32     1.254
1978    33     1.311
1978    34     1.364
1978    35     1.411
1978    36         .
1978    37         .
1978    38         .
1978    39         .
1978    40         .
1978    41         .
1978    42         .
1978    43         .
1978    44         .
1978    45         .
1978    46         .
1978    47         .
1978    48         .
1978    49         .
1978    50         .
1978    51         .
1978    52         .
1978    53         .
1978    54         .
1978    55         .
1979    12     0.000
1979    13     0.000
1979    14     0.000
1979    15     0.000
1979    16     0.005
1979    17     0.021
1979    18     0.060
1979    19     0.129
1979    20     0.219
1979    21     0.320
1979    22     0.419
1979    23     0.514
1979    24     0.608
1979    25     0.699
1979    26     0.785
1979    27     0.868
1979    28     0.949
1979    29     1.026
1979    30     1.101
1979    31     1.171
1979    32     1.235
1979    33     1.295
1979    34     1.348
1979    35         .
1979    36         .
1979    37         .
1979    38         .
1979    39         .
1979    40         .
1979    41         .
1979    42         .
1979    43         .
1979    44         .
1979    45         .
1979    46         .
1979    47         .
1979    48         .
1979    49         .
1979    50         .
1979    51         .
1979    52         .
1979    53         .
1979    54         .
1979    55         .
1980    12     0.000
1980    13     0.000
1980    14     0.000
1980    15     0.000
1980    16     0.005
1980    17     0.020
1980    18     0.055
1980    19     0.115
1980    20     0.196
1980    21     0.289
1980    22     0.384
1980    23     0.479
1980    24     0.574
1980    25     0.666
1980    26     0.755
1980    27     0.842
1980    28     0.926
1980    29     1.007
1980    30     1.083
1980    31     1.153
1980    32     1.220
1980    33     1.279
1980    34         .
1980    35         .
1980    36         .
1980    37         .
1980    38         .
1980    39         .
1980    40         .
1980    41         .
1980    42         .
1980    43         .
1980    44         .
1980    45         .
1980    46         .
1980    47         .
1980    48         .
1980    49         .
1980    50         .
1980    51         .
1980    52         .
1980    53         .
1980    54         .
1980    55         .
1981    12     0.000
1981    13     0.000
1981    14     0.000
1981    15     0.000
1981    16     0.004
1981    17     0.018
1981    18     0.048
1981    19     0.101
1981    20     0.175
1981    21     0.263
1981    22     0.358
1981    23     0.455
1981    24     0.550
1981    25     0.643
1981    26     0.738
1981    27     0.828
1981    28     0.916
1981    29     0.999
1981    30     1.076
1981    31     1.150
1981    32     1.218
1981    33         .
1981    34         .
1981    35         .
1981    36         .
1981    37         .
1981    38         .
1981    39         .
1981    40         .
1981    41         .
1981    42         .
1981    43         .
1981    44         .
1981    45         .
1981    46         .
1981    47         .
1981    48         .
1981    49         .
1981    50         .
1981    51         .
1981    52         .
1981    53         .
1981    54         .
1981    55         .
1982    12     0.000
1982    13     0.000
1982    14     0.000
1982    15     0.000
1982    16     0.004
1982    17     0.015
1982    18     0.041
1982    19     0.090
1982    20     0.159
1982    21     0.246
1982    22     0.342
1982    23     0.439
1982    24     0.534
1982    25     0.631
1982    26     0.730
1982    27     0.825
1982    28     0.914
1982    29     0.998
1982    30     1.078
1982    31     1.155
1982    32         .
1982    33         .
1982    34         .
1982    35         .
1982    36         .
1982    37         .
1982    38         .
1982    39         .
1982    40         .
1982    41         .
1982    42         .
1982    43         .
1982    44         .
1982    45         .
1982    46         .
1982    47         .
1982    48         .
1982    49         .
1982    50         .
1982    51         .
1982    52         .
1982    53         .
1982    54         .
1982    55         .
1983    12     0.000
1983    13     0.000
1983    14     0.000
1983    15     0.000
1983    16     0.003
1983    17     0.013
1983    18     0.036
1983    19     0.081
1983    20     0.149
1983    21     0.235
1983    22     0.327
1983    23     0.421
1983    24     0.518
1983    25     0.618
1983    26     0.719
1983    27     0.814
1983    28     0.902
1983    29     0.988
1983    30     1.069
1983    31         .
1983    32         .
1983    33         .
1983    34         .
1983    35         .
1983    36         .
1983    37         .
1983    38         .
1983    39         .
1983    40         .
1983    41         .
1983    42         .
1983    43         .
1983    44         .
1983    45         .
1983    46         .
1983    47         .
1983    48         .
1983    49         .
1983    50         .
1983    51         .
1983    52         .
1983    53         .
1983    54         .
1983    55         .
1984    12     0.000
1984    13     0.000
1984    14     0.000
1984    15     0.000
1984    16     0.003
1984    17     0.011
1984    18     0.034
1984    19     0.077
1984    20     0.143
1984    21     0.225
1984    22     0.315
1984    23     0.410
1984    24     0.509
1984    25     0.611
1984    26     0.710
1984    27     0.805
1984    28     0.895
1984    29     0.982
1984    30         .
1984    31         .
1984    32         .
1984    33         .
1984    34         .
1984    35         .
1984    36         .
1984    37         .
1984    38         .
1984    39         .
1984    40         .
1984    41         .
1984    42         .
1984    43         .
1984    44         .
1984    45         .
1984    46         .
1984    47         .
1984    48         .
1984    49         .
1984    50         .
1984    51         .
1984    52         .
1984    53         .
1984    54         .
1984    55         .
1985    12     0.000
1985    13     0.000
1985    14     0.000
1985    15     0.000
1985    16     0.002
1985    17     0.011
1985    18     0.033
1985    19     0.075
1985    20     0.139
1985    21     0.219
1985    22     0.308
1985    23     0.405
1985    24     0.506
1985    25     0.606
1985    26     0.705
1985    27     0.802
1985    28     0.894
1985    29         .
1985    30         .
1985    31         .
1985    32         .
1985    33         .
1985    34         .
1985    35         .
1985    36         .
1985    37         .
1985    38         .
1985    39         .
1985    40         .
1985    41         .
1985    42         .
1985    43         .
1985    44         .
1985    45         .
1985    46         .
1985    47         .
1985    48         .
1985    49         .
1985    50         .
1985    51         .
1985    52         .
1985    53         .
1985    54         .
1985    55         .
1986    12     0.000
1986    13     0.000
1986    14     0.000
1986    15     0.000
1986    16     0.003
1986    17     0.011
1986    18     0.033
1986    19     0.076
1986    20     0.139
1986    21     0.220
1986    22     0.313
1986    23     0.411
1986    24     0.511
1986    25     0.610
1986    26     0.712
1986    27     0.811
1986    28         .
1986    29         .
1986    30         .
1986    31         .
1986    32         .
1986    33         .
1986    34         .
1986    35         .
1986    36         .
1986    37         .
1986    38         .
1986    39         .
1986    40         .
1986    41         .
1986    42         .
1986    43         .
1986    44         .
1986    45         .
1986    46         .
1986    47         .
1986    48         .
1986    49         .
1986    50         .
1986    51         .
1986    52         .
1986    53         .
1986    54         .
1986    55         .
1987    12     0.000
1987    13     0.000
1987    14     0.000
1987    15     0.000
1987    16     0.003
1987    17     0.011
1987    18     0.033
1987    19     0.076
1987    20     0.140
1987    21     0.225
1987    22     0.319
1987    23     0.414
1987    24     0.512
1987    25     0.615
1987    26     0.719
1987    27         .
1987    28         .
1987    29         .
1987    30         .
1987    31         .
1987    32         .
1987    33         .
1987    34         .
1987    35         .
1987    36         .
1987    37         .
1987    38         .
1987    39         .
1987    40         .
1987    41         .
1987    42         .
1987    43         .
1987    44         .
1987    45         .
1987    46         .
1987    47         .
1987    48         .
1987    49         .
1987    50         .
1987    51         .
1987    52         .
1987    53         .
1987    54         .
1987    55         .
1988    12     0.000
1988    13     0.000
1988    14     0.000
1988    15     0.000
1988    16     0.003
1988    17     0.011
1988    18     0.032
1988    19     0.075
1988    20     0.141
1988    21     0.224
1988    22     0.312
1988    23     0.403
1988    24     0.502
1988    25     0.606
1988    26         .
1988    27         .
1988    28         .
1988    29         .
1988    30         .
1988    31         .
1988    32         .
1988    33         .
1988    34         .
1988    35         .
1988    36         .
1988    37         .
1988    38         .
1988    39         .
1988    40         .
1988    41         .
1988    42         .
1988    43         .
1988    44         .
1988    45         .
1988    46         .
1988    47         .
1988    48         .
1988    49         .
1988    50         .
1988    51         .
1988    52         .
1988    53         .
1988    54         .
1988    55         .
1989    12     0.000
1989    13     0.000
1989    14     0.000
1989    15     0.000
1989    16     0.003
1989    17     0.011
1989    18     0.032
1989    19     0.076
1989    20     0.142
1989    21     0.219
1989    22     0.304
1989    23     0.396
1989    24     0.495
1989    25         .
1989    26         .
1989    27         .
1989    28         .
1989    29         .
1989    30         .
1989    31         .
1989    32         .
1989    33         .
1989    34         .
1989    35         .
1989    36         .
1989    37         .
1989    38         .
1989    39         .
1989    40         .
1989    41         .
1989    42         .
1989    43         .
1989    44         .
1989    45         .
1989    46         .
1989    47         .
1989    48         .
1989    49         .
1989    50         .
1989    51         .
1989    52         .
1989    53         .
1989    54         .
1989    55         .
1990    12     0.000
1990    13     0.000
1990    14     0.000
1990    15     0.000
1990    16     0.003
1990    17     0.012
1990    18     0.035
1990    19     0.079
1990    20     0.141
1990    21     0.215
1990    22     0.301
1990    23     0.394
1990    24         .
1990    25         .
1990    26         .
1990    27         .
1990    28         .
1990    29         .
1990    30         .
1990    31         .
1990    32         .
1990    33         .
1990    34         .
1990    35         .
1990    36         .
1990    37         .
1990    38         .
1990    39         .
1990    40         .
1990    41         .
1990    42         .
1990    43         .
1990    44         .
1990    45         .
1990    46         .
1990    47         .
1990    48         .
1990    49         .
1990    50         .
1990    51         .
1990    52         .
1990    53         .
1990    54         .
1990    55         .
1991    12     0.000
1991    13     0.000
1991    14     0.000
1991    15     0.000
1991    16     0.003
1991    17     0.012
1991    18     0.036
1991    19     0.078
1991    20     0.137
1991    21     0.212
1991    22     0.297
1991    23         .
1991    24         .
1991    25         .
1991    26         .
1991    27         .
1991    28         .
1991    29         .
1991    30         .
1991    31         .
1991    32         .
1991    33         .
1991    34         .
1991    35         .
1991    36         .
1991    37         .
1991    38         .
1991    39         .
1991    40         .
1991    41         .
1991    42         .
1991    43         .
1991    44         .
1991    45         .
1991    46         .
1991    47         .
1991    48         .
1991    49         .
1991    50         .
1991    51         .
1991    52         .
1991    53         .
1991    54         .
1991    55         .
1992    12     0.000
1992    13     0.000
1992    14     0.000
1992    15     0.000
1992    16     0.003
1992    17     0.013
1992    18     0.036
1992    19     0.076
1992    20     0.136
1992    21     0.211
1992    22         .
1992    23         .
1992    24         .
1992    25         .
1992    26         .
1992    27         .
1992    28         .
1992    29         .
1992    30         .
1992    31         .
1992    32         .
1992    33         .
1992    34         .
1992    35         .
1992    36         .
1992    37         .
1992    38         .
1992    39         .
1992    40         .
1992    41         .
1992    42         .
1992    43         .
1992    44         .
1992    45         .
1992    46         .
1992    47         .
1992    48         .
1992    49         .
1992    50         .
1992    51         .
1992    52         .
1992    53         .
1992    54         .
1992    55         .
1993    12     0.000
1993    13     0.000
1993    14     0.000
1993    15     0.000
1993    16     0.004
1993    17     0.013
1993    18     0.035
1993    19     0.074
1993    20     0.133
1993    21         .
1993    22         .
1993    23         .
1993    24         .
1993    25         .
1993    26         .
1993    27         .
1993    28         .
1993    29         .
1993    30         .
1993    31         .
1993    32         .
1993    33         .
1993    34         .
1993    35         .
1993    36         .
1993    37         .
1993    38         .
1993    39         .
1993    40         .
1993    41         .
1993    42         .
1993    43         .
1993    44         .
1993    45         .
1993    46         .
1993    47         .
1993    48         .
1993    49         .
1993    50         .
1993    51         .
1993    52         .
1993    53         .
1993    54         .
1993    55         .
1994    12     0.000
1994    13     0.000
1994    14     0.000
1994    15     0.000
1994    16     0.003
1994    17     0.012
1994    18     0.034
1994    19     0.073
1994    20         .
1994    21         .
1994    22         .
1994    23         .
1994    24         .
1994    25         .
1994    26         .
1994    27         .
1994    28         .
1994    29         .
1994    30         .
1994    31         .
1994    32         .
1994    33         .
1994    34         .
1994    35         .
1994    36         .
1994    37         .
1994    38         .
1994    39         .
1994    40         .
1994    41         .
1994    42         .
1994    43         .
1994    44         .
1994    45         .
1994    46         .
1994    47         .
1994    48         .
1994    49         .
1994    50         .
1994    51         .
1994    52         .
1994    53         .
1994    54         .
1994    55         .
1995    12     0.000
1995    13     0.000
1995    14     0.000
1995    15     0.000
1995    16     0.003
1995    17     0.013
1995    18     0.033
1995    19         .
1995    20         .
1995    21         .
1995    22         .
1995    23         .
1995    24         .
1995    25         .
1995    26         .
1995    27         .
1995    28         .
1995    29         .
1995    30         .
1995    31         .
1995    32         .
1995    33         .
1995    34         .
1995    35         .
1995    36         .
1995    37         .
1995    38         .
1995    39         .
1995    40         .
1995    41         .
1995    42         .
1995    43         .
1995    44         .
1995    45         .
1995    46         .
1995    47         .
1995    48         .
1995    49         .
1995    50         .
1995    51         .
1995    52         .
1995    53         .
1995    54         .
1995    55         .
1996    12     0.000
1996    13     0.000
1996    14     0.000
1996    15     0.001
1996    16     0.003
1996    17     0.013
1996    18         .
1996    19         .
1996    20         .
1996    21         .
1996    22         .
1996    23         .
1996    24         .
1996    25         .
1996    26         .
1996    27         .
1996    28         .
1996    29         .
1996    30         .
1996    31         .
1996    32         .
1996    33         .
1996    34         .
1996    35         .
1996    36         .
1996    37         .
1996    38         .
1996    39         .
1996    40         .
1996    41         .
1996    42         .
1996    43         .
1996    44         .
1996    45         .
1996    46         .
1996    47         .
1996    48         .
1996    49         .
1996    50         .
1996    51         .
1996    52         .
1996    53         .
1996    54         .
1996    55         .
1997    12     0.000
1997    13     0.000
1997    14     0.000
1997    15     0.001
1997    16     0.004
1997    17         .
1997    18         .
1997    19         .
1997    20         .
1997    21         .
1997    22         .
1997    23         .
1997    24         .
1997    25         .
1997    26         .
1997    27         .
1997    28         .
1997    29         .
1997    30         .
1997    31         .
1997    32         .
1997    33         .
1997    34         .
1997    35         .
1997    36         .
1997    37         .
1997    38         .
1997    39         .
1997    40         .
1997    41         .
1997    42         .
1997    43         .
1997    44         .
1997    45         .
1997    46         .
1997    47         .
1997    48         .
1997    49         .
1997    50         .
1997    51         .
1997    52         .
1997    53         .
1997    54         .
1997    55         .
1998    12     0.000
1998    13     0.000
1998    14     0.000
1998    15     0.001
1998    16         .
1998    17         .
1998    18         .
1998    19         .
1998    20         .
1998    21         .
1998    22         .
1998    23         .
1998    24         .
1998    25         .
1998    26         .
1998    27         .
1998    28         .
1998    29         .
1998    30         .
1998    31         .
1998    32         .
1998    33         .
1998    34         .
1998    35         .
1998    36         .
1998    37         .
1998    38         .
1998    39         .
1998    40         .
1998    41         .
1998    42         .
1998    43         .
1998    44         .
1998    45         .
1998    46         .
1998    47         .
1998    48         .
1998    49         .
1998    50         .
1998    51         .
1998    52         .
1998    53         .
1998    54         .
1998    55         .
1999    12     0.000
1999    13     0.000
1999    14     0.000
1999    15         .
1999    16         .
1999    17         .
1999    18         .
1999    19         .
1999    20         .
1999    21         .
1999    22         .
1999    23         .
1999    24         .
1999    25         .
1999    26         .
1999    27         .
1999    28         .
1999    29         .
1999    30         .
1999    31         .
1999    32         .
1999    33         .
1999    34         .
1999    35         .
1999    36         .
1999    37         .
1999    38         .
1999    39         .
1999    40         .
1999    41         .
1999    42         .
1999    43         .
1999    44         .
1999    45         .
1999    46         .
1999    47         .
1999    48         .
1999    49         .
1999    50         .
1999    51         .
1999    52         .
1999    53         .
1999    54         .
1999    55         .
2000    12     0.000
2000    13     0.000
2000    14         .
2000    15         .
2000    16         .
2000    17         .
2000    18         .
2000    19         .
2000    20         .
2000    21         .
2000    22         .
2000    23         .
2000    24         .
2000    25         .
2000    26         .
2000    27         .
2000    28         .
2000    29         .
2000    30         .
2000    31         .
2000    32         .
2000    33         .
2000    34         .
2000    35         .
2000    36         .
2000    37         .
2000    38         .
2000    39         .
2000    40         .
2000    41         .
2000    42         .
2000    43         .
2000    44         .
2000    45         .
2000    46         .
2000    47         .
2000    48         .
2000    49         .
2000    50         .
2000    51         .
2000    52         .
2000    53         .
2000    54         .
2000    55         .
