Ukraine, Cumulative period fertility rates (Lexis squares)
Last modified: 13/11/2015
Year    Age     CPFR
1959    12     0.000
1959    13     0.000
1959    14     0.000
1959    15     0.000
1959    16     0.001
1959    17     0.003
1959    18     0.014
1959    19     0.051
1959    20     0.126
1959    21     0.242
1959    22     0.390
1959    23     0.557
1959    24     0.729
1959    25     0.905
1959    26     1.073
1959    27     1.220
1959    28     1.351
1959    29     1.472
1959    30     1.590
1959    31     1.696
1959    32     1.787
1959    33     1.868
1959    34     1.942
1959    35     2.009
1959    36     2.068
1959    37     2.118
1959    38     2.159
1959    39     2.191
1959    40     2.216
1959    41     2.237
1959    42     2.252
1959    43     2.263
1959    44     2.269
1959    45     2.274
1959    46     2.276
1959    47     2.278
1959    48     2.279
1959    49     2.280
1959    50     2.280
1959    51     2.281
1959    52     2.281
1959    53     2.281
1959    54     2.281
1959    55     2.281
1960    12     0.000
1960    13     0.000
1960    14     0.000
1960    15     0.000
1960    16     0.000
1960    17     0.002
1960    18     0.013
1960    19     0.054
1960    20     0.136
1960    21     0.258
1960    22     0.406
1960    23     0.565
1960    24     0.728
1960    25     0.895
1960    26     1.059
1960    27     1.204
1960    28     1.333
1960    29     1.453
1960    30     1.568
1960    31     1.673
1960    32     1.763
1960    33     1.843
1960    34     1.916
1960    35     1.983
1960    36     2.040
1960    37     2.089
1960    38     2.129
1960    39     2.161
1960    40     2.187
1960    41     2.207
1960    42     2.222
1960    43     2.232
1960    44     2.238
1960    45     2.242
1960    46     2.244
1960    47     2.245
1960    48     2.246
1960    49     2.247
1960    50     2.247
1960    51     2.248
1960    52     2.248
1960    53     2.248
1960    54     2.248
1960    55     2.248
1961    12     0.000
1961    13     0.000
1961    14     0.000
1961    15     0.000
1961    16     0.000
1961    17     0.003
1961    18     0.014
1961    19     0.059
1961    20     0.150
1961    21     0.274
1961    22     0.422
1961    23     0.578
1961    24     0.735
1961    25     0.896
1961    26     1.051
1961    27     1.188
1961    28     1.310
1961    29     1.422
1961    30     1.529
1961    31     1.630
1961    32     1.716
1961    33     1.792
1961    34     1.860
1961    35     1.920
1961    36     1.970
1961    37     2.012
1961    38     2.047
1961    39     2.075
1961    40     2.099
1961    41     2.118
1961    42     2.133
1961    43     2.142
1961    44     2.147
1961    45     2.150
1961    46     2.152
1961    47     2.154
1961    48     2.154
1961    49     2.155
1961    50     2.155
1961    51     2.155
1961    52     2.155
1961    53     2.156
1961    54     2.156
1961    55     2.156
1962    12     0.000
1962    13     0.000
1962    14     0.000
1962    15     0.000
1962    16     0.000
1962    17     0.003
1962    18     0.015
1962    19     0.062
1962    20     0.155
1962    21     0.271
1962    22     0.410
1962    23     0.560
1962    24     0.714
1962    25     0.875
1962    26     1.031
1962    27     1.170
1962    28     1.294
1962    29     1.408
1962    30     1.515
1962    31     1.617
1962    32     1.703
1962    33     1.778
1962    34     1.844
1962    35     1.903
1962    36     1.951
1962    37     1.991
1962    38     2.024
1962    39     2.053
1962    40     2.077
1962    41     2.098
1962    42     2.113
1962    43     2.123
1962    44     2.128
1962    45     2.131
1962    46     2.132
1962    47     2.133
1962    48     2.134
1962    49     2.134
1962    50     2.135
1962    51     2.135
1962    52     2.135
1962    53     2.135
1962    54     2.135
1962    55     2.135
1963    12     0.000
1963    13     0.000
1963    14     0.000
1963    15     0.000
1963    16     0.001
1963    17     0.003
1963    18     0.017
1963    19     0.066
1963    20     0.163
1963    21     0.277
1963    22     0.419
1963    23     0.574
1963    24     0.734
1963    25     0.896
1963    26     1.048
1963    27     1.181
1963    28     1.299
1963    29     1.406
1963    30     1.507
1963    31     1.605
1963    32     1.689
1963    33     1.761
1963    34     1.825
1963    35     1.883
1963    36     1.930
1963    37     1.968
1963    38     2.000
1963    39     2.028
1963    40     2.050
1963    41     2.069
1963    42     2.083
1963    43     2.092
1963    44     2.097
1963    45     2.100
1963    46     2.102
1963    47     2.104
1963    48     2.104
1963    49     2.105
1963    50     2.105
1963    51     2.105
1963    52     2.105
1963    53     2.105
1963    54     2.105
1963    55     2.105
1964    12     0.000
1964    13     0.000
1964    14     0.000
1964    15     0.000
1964    16     0.001
1964    17     0.003
1964    18     0.017
1964    19     0.062
1964    20     0.150
1964    21     0.254
1964    22     0.388
1964    23     0.540
1964    24     0.698
1964    25     0.856
1964    26     1.005
1964    27     1.134
1964    28     1.247
1964    29     1.350
1964    30     1.448
1964    31     1.542
1964    32     1.622
1964    33     1.692
1964    34     1.753
1964    35     1.807
1964    36     1.851
1964    37     1.887
1964    38     1.917
1964    39     1.942
1964    40     1.963
1964    41     1.980
1964    42     1.993
1964    43     2.002
1964    44     2.007
1964    45     2.010
1964    46     2.011
1964    47     2.013
1964    48     2.013
1964    49     2.014
1964    50     2.014
1964    51     2.014
1964    52     2.014
1964    53     2.014
1964    54     2.014
1964    55     2.014
1965    12     0.000
1965    13     0.000
1965    14     0.000
1965    15     0.000
1965    16     0.000
1965    17     0.003
1965    18     0.016
1965    19     0.059
1965    20     0.144
1965    21     0.245
1965    22     0.377
1965    23     0.525
1965    24     0.678
1965    25     0.828
1965    26     0.969
1965    27     1.089
1965    28     1.193
1965    29     1.290
1965    30     1.386
1965    31     1.477
1965    32     1.556
1965    33     1.626
1965    34     1.686
1965    35     1.739
1965    36     1.783
1965    37     1.819
1965    38     1.848
1965    39     1.873
1965    40     1.893
1965    41     1.909
1965    42     1.921
1965    43     1.929
1965    44     1.934
1965    45     1.937
1965    46     1.939
1965    47     1.940
1965    48     1.941
1965    49     1.941
1965    50     1.941
1965    51     1.941
1965    52     1.941
1965    53     1.941
1965    54     1.941
1965    55     1.941
1966    12     0.000
1966    13     0.000
1966    14     0.000
1966    15     0.000
1966    16     0.001
1966    17     0.003
1966    18     0.017
1966    19     0.062
1966    20     0.150
1966    21     0.261
1966    22     0.403
1966    23     0.562
1966    24     0.725
1966    25     0.885
1966    26     1.033
1966    27     1.159
1966    28     1.269
1966    29     1.371
1966    30     1.474
1966    31     1.570
1966    32     1.655
1966    33     1.728
1966    34     1.792
1966    35     1.847
1966    36     1.893
1966    37     1.931
1966    38     1.961
1966    39     1.986
1966    40     2.006
1966    41     2.021
1966    42     2.032
1966    43     2.040
1966    44     2.046
1966    45     2.049
1966    46     2.051
1966    47     2.053
1966    48     2.054
1966    49     2.054
1966    50     2.054
1966    51     2.054
1966    52     2.054
1966    53     2.054
1966    54     2.054
1966    55     2.054
1967    12     0.000
1967    13     0.000
1967    14     0.000
1967    15     0.000
1967    16     0.000
1967    17     0.003
1967    18     0.017
1967    19     0.063
1967    20     0.154
1967    21     0.272
1967    22     0.423
1967    23     0.589
1967    24     0.757
1967    25     0.918
1967    26     1.063
1967    27     1.185
1967    28     1.291
1967    29     1.390
1967    30     1.491
1967    31     1.585
1967    32     1.668
1967    33     1.742
1967    34     1.804
1967    35     1.857
1967    36     1.903
1967    37     1.940
1967    38     1.970
1967    39     1.994
1967    40     2.013
1967    41     2.027
1967    42     2.038
1967    43     2.045
1967    44     2.050
1967    45     2.053
1967    46     2.055
1967    47     2.056
1967    48     2.057
1967    49     2.057
1967    50     2.057
1967    51     2.057
1967    52     2.058
1967    53     2.058
1967    54     2.058
1967    55     2.058
1968    12     0.000
1968    13     0.000
1968    14     0.000
1968    15     0.000
1968    16     0.001
1968    17     0.004
1968    18     0.018
1968    19     0.068
1968    20     0.163
1968    21     0.290
1968    22     0.446
1968    23     0.613
1968    24     0.779
1968    25     0.937
1968    26     1.081
1968    27     1.201
1968    28     1.305
1968    29     1.403
1968    30     1.502
1968    31     1.593
1968    32     1.674
1968    33     1.745
1968    34     1.805
1968    35     1.856
1968    36     1.900
1968    37     1.935
1968    38     1.964
1968    39     1.987
1968    40     2.005
1968    41     2.019
1968    42     2.030
1968    43     2.037
1968    44     2.041
1968    45     2.044
1968    46     2.046
1968    47     2.047
1968    48     2.047
1968    49     2.048
1968    50     2.048
1968    51     2.048
1968    52     2.048
1968    53     2.048
1968    54     2.048
1968    55     2.048
1969    12     0.000
1969    13     0.000
1969    14     0.000
1969    15     0.000
1969    16     0.001
1969    17     0.004
1969    18     0.018
1969    19     0.064
1969    20     0.155
1969    21     0.280
1969    22     0.436
1969    23     0.607
1969    24     0.777
1969    25     0.939
1969    26     1.084
1969    27     1.204
1969    28     1.308
1969    29     1.405
1969    30     1.502
1969    31     1.590
1969    32     1.668
1969    33     1.736
1969    34     1.794
1969    35     1.844
1969    36     1.888
1969    37     1.924
1969    38     1.952
1969    39     1.975
1969    40     1.993
1969    41     2.006
1969    42     2.016
1969    43     2.022
1969    44     2.027
1969    45     2.030
1969    46     2.031
1969    47     2.032
1969    48     2.033
1969    49     2.033
1969    50     2.033
1969    51     2.033
1969    52     2.033
1969    53     2.033
1969    54     2.033
1969    55     2.033
1970    12     0.000
1970    13     0.000
1970    14     0.000
1970    15     0.000
1970    16     0.001
1970    17     0.004
1970    18     0.021
1970    19     0.074
1970    20     0.176
1970    21     0.311
1970    22     0.479
1970    23     0.660
1970    24     0.838
1970    25     1.005
1970    26     1.154
1970    27     1.277
1970    28     1.382
1970    29     1.479
1970    30     1.575
1970    31     1.663
1970    32     1.739
1970    33     1.806
1970    34     1.865
1970    35     1.917
1970    36     1.961
1970    37     1.998
1970    38     2.027
1970    39     2.050
1970    40     2.068
1970    41     2.081
1970    42     2.090
1970    43     2.097
1970    44     2.101
1970    45     2.103
1970    46     2.104
1970    47     2.105
1970    48     2.106
1970    49     2.106
1970    50     2.106
1970    51     2.106
1970    52     2.106
1970    53     2.106
1970    54     2.106
1970    55     2.106
1971    12     0.000
1971    13     0.000
1971    14     0.000
1971    15     0.000
1971    16     0.001
1971    17     0.004
1971    18     0.022
1971    19     0.076
1971    20     0.182
1971    21     0.321
1971    22     0.493
1971    23     0.679
1971    24     0.860
1971    25     1.029
1971    26     1.176
1971    27     1.297
1971    28     1.401
1971    29     1.495
1971    30     1.589
1971    31     1.678
1971    32     1.754
1971    33     1.821
1971    34     1.881
1971    35     1.935
1971    36     1.979
1971    37     2.016
1971    38     2.046
1971    39     2.069
1971    40     2.086
1971    41     2.099
1971    42     2.109
1971    43     2.115
1971    44     2.119
1971    45     2.121
1971    46     2.122
1971    47     2.122
1971    48     2.123
1971    49     2.123
1971    50     2.123
1971    51     2.123
1971    52     2.123
1971    53     2.123
1971    54     2.123
1971    55     2.123
1972    12     0.000
1972    13     0.000
1972    14     0.000
1972    15     0.000
1972    16     0.001
1972    17     0.005
1972    18     0.023
1972    19     0.081
1972    20     0.190
1972    21     0.332
1972    22     0.506
1972    23     0.692
1972    24     0.873
1972    25     1.044
1972    26     1.192
1972    27     1.315
1972    28     1.419
1972    29     1.514
1972    30     1.605
1972    31     1.691
1972    32     1.765
1972    33     1.829
1972    34     1.887
1972    35     1.940
1972    36     1.984
1972    37     2.020
1972    38     2.049
1972    39     2.071
1972    40     2.087
1972    41     2.101
1972    42     2.111
1972    43     2.117
1972    44     2.120
1972    45     2.122
1972    46     2.123
1972    47     2.124
1972    48     2.124
1972    49     2.125
1972    50     2.125
1972    51     2.125
1972    52     2.125
1972    53     2.125
1972    54     2.125
1972    55     2.125
1973    12     0.000
1973    13     0.000
1973    14     0.000
1973    15     0.000
1973    16     0.001
1973    17     0.005
1973    18     0.025
1973    19     0.083
1973    20     0.190
1973    21     0.326
1973    22     0.489
1973    23     0.663
1973    24     0.833
1973    25     0.994
1973    26     1.135
1973    27     1.252
1973    28     1.353
1973    29     1.444
1973    30     1.531
1973    31     1.614
1973    32     1.684
1973    33     1.746
1973    34     1.802
1973    35     1.853
1973    36     1.894
1973    37     1.929
1973    38     1.957
1973    39     1.978
1973    40     1.994
1973    41     2.007
1973    42     2.017
1973    43     2.023
1973    44     2.026
1973    45     2.028
1973    46     2.029
1973    47     2.030
1973    48     2.030
1973    49     2.030
1973    50     2.030
1973    51     2.030
1973    52     2.030
1973    53     2.030
1973    54     2.030
1973    55     2.030
1974    12     0.000
1974    13     0.000
1974    14     0.000
1974    15     0.000
1974    16     0.001
1974    17     0.005
1974    18     0.026
1974    19     0.088
1974    20     0.202
1974    21     0.345
1974    22     0.513
1974    23     0.690
1974    24     0.862
1974    25     1.027
1974    26     1.172
1974    27     1.294
1974    28     1.398
1974    29     1.491
1974    30     1.578
1974    31     1.661
1974    32     1.730
1974    33     1.790
1974    34     1.844
1974    35     1.893
1974    36     1.932
1974    37     1.965
1974    38     1.991
1974    39     2.012
1974    40     2.027
1974    41     2.040
1974    42     2.050
1974    43     2.055
1974    44     2.059
1974    45     2.060
1974    46     2.061
1974    47     2.062
1974    48     2.062
1974    49     2.062
1974    50     2.062
1974    51     2.062
1974    52     2.062
1974    53     2.062
1974    54     2.062
1974    55     2.062
1975    12     0.000
1975    13     0.000
1975    14     0.000
1975    15     0.000
1975    16     0.001
1975    17     0.006
1975    18     0.028
1975    19     0.091
1975    20     0.207
1975    21     0.350
1975    22     0.518
1975    23     0.693
1975    24     0.864
1975    25     1.029
1975    26     1.174
1975    27     1.296
1975    28     1.400
1975    29     1.493
1975    30     1.579
1975    31     1.661
1975    32     1.730
1975    33     1.788
1975    34     1.840
1975    35     1.886
1975    36     1.924
1975    37     1.955
1975    38     1.980
1975    39     2.000
1975    40     2.016
1975    41     2.029
1975    42     2.038
1975    43     2.044
1975    44     2.047
1975    45     2.049
1975    46     2.050
1975    47     2.051
1975    48     2.051
1975    49     2.051
1975    50     2.051
1975    51     2.051
1975    52     2.051
1975    53     2.051
1975    54     2.051
1975    55     2.051
1976    12     0.000
1976    13     0.000
1976    14     0.000
1976    15     0.000
1976    16     0.001
1976    17     0.006
1976    18     0.030
1976    19     0.098
1976    20     0.219
1976    21     0.368
1976    22     0.541
1976    23     0.718
1976    24     0.889
1976    25     1.054
1976    26     1.201
1976    27     1.324
1976    28     1.429
1976    29     1.521
1976    30     1.606
1976    31     1.683
1976    32     1.747
1976    33     1.801
1976    34     1.849
1976    35     1.891
1976    36     1.926
1976    37     1.955
1976    38     1.979
1976    39     1.998
1976    40     2.014
1976    41     2.026
1976    42     2.035
1976    43     2.040
1976    44     2.044
1976    45     2.045
1976    46     2.046
1976    47     2.047
1976    48     2.047
1976    49     2.047
1976    50     2.047
1976    51     2.047
1976    52     2.047
1976    53     2.047
1976    54     2.047
1976    55     2.047
1977    12     0.000
1977    13     0.000
1977    14     0.000
1977    15     0.000
1977    16     0.001
1977    17     0.007
1977    18     0.030
1977    19     0.097
1977    20     0.214
1977    21     0.358
1977    22     0.523
1977    23     0.692
1977    24     0.855
1977    25     1.013
1977    26     1.155
1977    27     1.274
1977    28     1.376
1977    29     1.467
1977    30     1.552
1977    31     1.626
1977    32     1.689
1977    33     1.743
1977    34     1.788
1977    35     1.827
1977    36     1.860
1977    37     1.887
1977    38     1.908
1977    39     1.926
1977    40     1.942
1977    41     1.952
1977    42     1.960
1977    43     1.965
1977    44     1.968
1977    45     1.970
1977    46     1.971
1977    47     1.972
1977    48     1.972
1977    49     1.972
1977    50     1.972
1977    51     1.972
1977    52     1.972
1977    53     1.972
1977    54     1.972
1977    55     1.972
1978    12     0.000
1978    13     0.000
1978    14     0.000
1978    15     0.000
1978    16     0.001
1978    17     0.007
1978    18     0.031
1978    19     0.100
1978    20     0.224
1978    21     0.395
1978    22     0.575
1978    23     0.744
1978    24     0.898
1978    25     1.037
1978    26     1.163
1978    27     1.281
1978    28     1.387
1978    29     1.481
1978    30     1.569
1978    31     1.633
1978    32     1.699
1978    33     1.749
1978    34     1.791
1978    35     1.829
1978    36     1.859
1978    37     1.884
1978    38     1.904
1978    39     1.921
1978    40     1.934
1978    41     1.943
1978    42     1.950
1978    43     1.954
1978    44     1.958
1978    45     1.960
1978    46     1.961
1978    47     1.961
1978    48     1.962
1978    49     1.962
1978    50     1.962
1978    51     1.962
1978    52     1.962
1978    53     1.962
1978    54     1.962
1978    55     1.962
1979    12     0.000
1979    13     0.000
1979    14     0.000
1979    15     0.000
1979    16     0.001
1979    17     0.008
1979    18     0.032
1979    19     0.101
1979    20     0.230
1979    21     0.406
1979    22     0.588
1979    23     0.759
1979    24     0.912
1979    25     1.049
1979    26     1.175
1979    27     1.287
1979    28     1.391
1979    29     1.484
1979    30     1.563
1979    31     1.637
1979    32     1.692
1979    33     1.744
1979    34     1.784
1979    35     1.818
1979    36     1.849
1979    37     1.873
1979    38     1.892
1979    39     1.907
1979    40     1.918
1979    41     1.927
1979    42     1.933
1979    43     1.937
1979    44     1.940
1979    45     1.941
1979    46     1.942
1979    47     1.943
1979    48     1.943
1979    49     1.943
1979    50     1.943
1979    51     1.943
1979    52     1.943
1979    53     1.943
1979    54     1.943
1979    55     1.943
1980    12     0.000
1980    13     0.000
1980    14     0.000
1980    15     0.000
1980    16     0.001
1980    17     0.008
1980    18     0.034
1980    19     0.104
1980    20     0.239
1980    21     0.417
1980    22     0.602
1980    23     0.775
1980    24     0.928
1980    25     1.067
1980    26     1.192
1980    27     1.303
1980    28     1.402
1980    29     1.492
1980    30     1.572
1980    31     1.640
1980    32     1.701
1980    33     1.745
1980    34     1.787
1980    35     1.820
1980    36     1.848
1980    37     1.872
1980    38     1.890
1980    39     1.903
1980    40     1.914
1980    41     1.923
1980    42     1.928
1980    43     1.932
1980    44     1.934
1980    45     1.936
1980    46     1.937
1980    47     1.937
1980    48     1.937
1980    49     1.938
1980    50     1.938
1980    51     1.938
1980    52     1.938
1980    53     1.938
1980    54     1.938
1980    55     1.938
1981    12     0.000
1981    13     0.000
1981    14     0.000
1981    15     0.000
1981    16     0.001
1981    17     0.008
1981    18     0.034
1981    19     0.101
1981    20     0.226
1981    21     0.395
1981    22     0.572
1981    23     0.738
1981    24     0.888
1981    25     1.023
1981    26     1.145
1981    27     1.259
1981    28     1.359
1981    29     1.448
1981    30     1.528
1981    31     1.598
1981    32     1.655
1981    33     1.709
1981    34     1.747
1981    35     1.783
1981    36     1.809
1981    37     1.833
1981    38     1.852
1981    39     1.865
1981    40     1.876
1981    41     1.884
1981    42     1.890
1981    43     1.894
1981    44     1.896
1981    45     1.897
1981    46     1.898
1981    47     1.899
1981    48     1.899
1981    49     1.899
1981    50     1.899
1981    51     1.899
1981    52     1.899
1981    53     1.899
1981    54     1.899
1981    55     1.899
1982    12     0.000
1982    13     0.000
1982    14     0.000
1982    15     0.000
1982    16     0.002
1982    17     0.009
1982    18     0.036
1982    19     0.106
1982    20     0.235
1982    21     0.407
1982    22     0.591
1982    23     0.765
1982    24     0.922
1982    25     1.059
1982    26     1.182
1982    27     1.293
1982    28     1.394
1982    29     1.482
1982    30     1.559
1982    31     1.629
1982    32     1.687
1982    33     1.736
1982    34     1.780
1982    35     1.811
1982    36     1.841
1982    37     1.862
1982    38     1.880
1982    39     1.895
1982    40     1.905
1982    41     1.913
1982    42     1.919
1982    43     1.922
1982    44     1.924
1982    45     1.926
1982    46     1.926
1982    47     1.927
1982    48     1.927
1982    49     1.927
1982    50     1.927
1982    51     1.927
1982    52     1.927
1982    53     1.927
1982    54     1.927
1982    55     1.927
1983    12     0.000
1983    13     0.000
1983    14     0.000
1983    15     0.000
1983    16     0.001
1983    17     0.009
1983    18     0.038
1983    19     0.111
1983    20     0.246
1983    21     0.423
1983    22     0.615
1983    23     0.799
1983    24     0.968
1983    25     1.121
1983    26     1.261
1983    27     1.386
1983    28     1.499
1983    29     1.601
1983    30     1.691
1983    31     1.767
1983    32     1.835
1983    33     1.891
1983    34     1.936
1983    35     1.977
1983    36     2.005
1983    37     2.031
1983    38     2.050
1983    39     2.064
1983    40     2.075
1983    41     2.083
1983    42     2.088
1983    43     2.092
1983    44     2.094
1983    45     2.096
1983    46     2.096
1983    47     2.097
1983    48     2.097
1983    49     2.097
1983    50     2.097
1983    51     2.097
1983    52     2.097
1983    53     2.097
1983    54     2.097
1983    55     2.097
1984    12     0.000
1984    13     0.000
1984    14     0.000
1984    15     0.000
1984    16     0.002
1984    17     0.010
1984    18     0.041
1984    19     0.120
1984    20     0.258
1984    21     0.440
1984    22     0.634
1984    23     0.820
1984    24     0.986
1984    25     1.137
1984    26     1.274
1984    27     1.396
1984    28     1.506
1984    29     1.602
1984    30     1.688
1984    31     1.761
1984    32     1.823
1984    33     1.877
1984    34     1.922
1984    35     1.959
1984    36     1.990
1984    37     2.011
1984    38     2.031
1984    39     2.044
1984    40     2.055
1984    41     2.063
1984    42     2.068
1984    43     2.071
1984    44     2.073
1984    45     2.075
1984    46     2.075
1984    47     2.075
1984    48     2.076
1984    49     2.076
1984    50     2.076
1984    51     2.076
1984    52     2.076
1984    53     2.076
1984    54     2.076
1984    55     2.076
1985    12     0.000
1985    13     0.000
1985    14     0.000
1985    15     0.000
1985    16     0.002
1985    17     0.010
1985    18     0.041
1985    19     0.121
1985    20     0.258
1985    21     0.432
1985    22     0.621
1985    23     0.800
1985    24     0.964
1985    25     1.111
1985    26     1.245
1985    27     1.366
1985    28     1.473
1985    29     1.566
1985    30     1.647
1985    31     1.718
1985    32     1.778
1985    33     1.828
1985    34     1.871
1985    35     1.907
1985    36     1.935
1985    37     1.960
1985    38     1.976
1985    39     1.991
1985    40     2.000
1985    41     2.008
1985    42     2.014
1985    43     2.017
1985    44     2.019
1985    45     2.020
1985    46     2.021
1985    47     2.021
1985    48     2.021
1985    49     2.021
1985    50     2.021
1985    51     2.021
1985    52     2.021
1985    53     2.021
1985    54     2.021
1985    55     2.021
1986    12     0.000
1986    13     0.000
1986    14     0.000
1986    15     0.000
1986    16     0.002
1986    17     0.011
1986    18     0.043
1986    19     0.123
1986    20     0.267
1986    21     0.456
1986    22     0.649
1986    23     0.835
1986    24     1.000
1986    25     1.154
1986    26     1.293
1986    27     1.419
1986    28     1.531
1986    29     1.630
1986    30     1.716
1986    31     1.792
1986    32     1.858
1986    33     1.913
1986    34     1.960
1986    35     1.999
1986    36     2.032
1986    37     2.058
1986    38     2.080
1986    39     2.094
1986    40     2.106
1986    41     2.114
1986    42     2.120
1986    43     2.124
1986    44     2.126
1986    45     2.127
1986    46     2.128
1986    47     2.128
1986    48     2.128
1986    49     2.128
1986    50     2.128
1986    51     2.128
1986    52     2.128
1986    53     2.128
1986    54     2.128
1986    55     2.128
1987    12     0.000
1987    13     0.000
1987    14     0.000
1987    15     0.000
1987    16     0.002
1987    17     0.011
1987    18     0.044
1987    19     0.128
1987    20     0.269
1987    21     0.456
1987    22     0.649
1987    23     0.830
1987    24     0.994
1987    25     1.143
1987    26     1.278
1987    27     1.399
1987    28     1.507
1987    29     1.603
1987    30     1.687
1987    31     1.758
1987    32     1.819
1987    33     1.872
1987    34     1.915
1987    35     1.951
1987    36     1.982
1987    37     2.007
1987    38     2.026
1987    39     2.042
1987    40     2.052
1987    41     2.060
1987    42     2.065
1987    43     2.069
1987    44     2.072
1987    45     2.073
1987    46     2.073
1987    47     2.074
1987    48     2.074
1987    49     2.074
1987    50     2.074
1987    51     2.074
1987    52     2.074
1987    53     2.074
1987    54     2.074
1987    55     2.074
1988    12     0.000
1988    13     0.000
1988    14     0.000
1988    15     0.000
1988    16     0.002
1988    17     0.011
1988    18     0.044
1988    19     0.131
1988    20     0.285
1988    21     0.470
1988    22     0.667
1988    23     0.851
1988    24     1.012
1988    25     1.158
1988    26     1.290
1988    27     1.410
1988    28     1.514
1988    29     1.606
1988    30     1.688
1988    31     1.757
1988    32     1.816
1988    33     1.866
1988    34     1.908
1988    35     1.943
1988    36     1.971
1988    37     1.995
1988    38     2.013
1988    39     2.027
1988    40     2.038
1988    41     2.045
1988    42     2.051
1988    43     2.054
1988    44     2.056
1988    45     2.057
1988    46     2.058
1988    47     2.058
1988    48     2.058
1988    49     2.058
1988    50     2.058
1988    51     2.058
1988    52     2.058
1988    53     2.058
1988    54     2.058
1988    55     2.058
1989    12     0.000
1989    13     0.000
1989    14     0.000
1989    15     0.000
1989    16     0.002
1989    17     0.012
1989    18     0.048
1989    19     0.136
1989    20     0.286
1989    21     0.470
1989    22     0.654
1989    23     0.828
1989    24     0.983
1989    25     1.117
1989    26     1.239
1989    27     1.346
1989    28     1.442
1989    29     1.526
1989    30     1.599
1989    31     1.661
1989    32     1.715
1989    33     1.759
1989    34     1.797
1989    35     1.828
1989    36     1.854
1989    37     1.875
1989    38     1.892
1989    39     1.904
1989    40     1.914
1989    41     1.921
1989    42     1.925
1989    43     1.929
1989    44     1.931
1989    45     1.932
1989    46     1.932
1989    47     1.932
1989    48     1.933
1989    49     1.933
1989    50     1.933
1989    51     1.933
1989    52     1.933
1989    53     1.933
1989    54     1.933
1989    55     1.933
1990    12     0.000
1990    13     0.000
1990    14     0.000
1990    15     0.000
1990    16     0.002
1990    17     0.015
1990    18     0.054
1990    19     0.148
1990    20     0.299
1990    21     0.483
1990    22     0.668
1990    23     0.830
1990    24     0.976
1990    25     1.105
1990    26     1.218
1990    27     1.318
1990    28     1.407
1990    29     1.483
1990    30     1.549
1990    31     1.606
1990    32     1.654
1990    33     1.695
1990    34     1.728
1990    35     1.756
1990    36     1.778
1990    37     1.797
1990    38     1.811
1990    39     1.823
1990    40     1.831
1990    41     1.837
1990    42     1.841
1990    43     1.844
1990    44     1.846
1990    45     1.847
1990    46     1.847
1990    47     1.847
1990    48     1.847
1990    49     1.847
1990    50     1.847
1990    51     1.847
1990    52     1.847
1990    53     1.848
1990    54     1.848
1990    55     1.848
1991    12     0.000
1991    13     0.000
1991    14     0.000
1991    15     0.000
1991    16     0.003
1991    17     0.017
1991    18     0.060
1991    19     0.153
1991    20     0.302
1991    21     0.482
1991    22     0.661
1991    23     0.822
1991    24     0.960
1991    25     1.083
1991    26     1.191
1991    27     1.285
1991    28     1.367
1991    29     1.439
1991    30     1.500
1991    31     1.552
1991    32     1.596
1991    33     1.633
1991    34     1.664
1991    35     1.689
1991    36     1.710
1991    37     1.726
1991    38     1.740
1991    39     1.750
1991    40     1.758
1991    41     1.764
1991    42     1.768
1991    43     1.771
1991    44     1.772
1991    45     1.773
1991    46     1.773
1991    47     1.774
1991    48     1.774
1991    49     1.774
1991    50     1.774
1991    51     1.774
1991    52     1.774
1991    53     1.774
1991    54     1.774
1991    55     1.774
1992    12     0.000
1992    13     0.000
1992    14     0.000
1992    15     0.000
1992    16     0.003
1992    17     0.018
1992    18     0.063
1992    19     0.158
1992    20     0.302
1992    21     0.472
1992    22     0.640
1992    23     0.791
1992    24     0.923
1992    25     1.036
1992    26     1.138
1992    27     1.226
1992    28     1.301
1992    29     1.367
1992    30     1.423
1992    31     1.471
1992    32     1.510
1992    33     1.544
1992    34     1.573
1992    35     1.596
1992    36     1.615
1992    37     1.631
1992    38     1.642
1992    39     1.651
1992    40     1.658
1992    41     1.664
1992    42     1.667
1992    43     1.670
1992    44     1.671
1992    45     1.672
1992    46     1.672
1992    47     1.673
1992    48     1.673
1992    49     1.673
1992    50     1.673
1992    51     1.673
1992    52     1.673
1992    53     1.673
1992    54     1.673
1992    55     1.673
1993    12     0.000
1993    13     0.000
1993    14     0.000
1993    15     0.000
1993    16     0.004
1993    17     0.019
1993    18     0.064
1993    19     0.157
1993    20     0.292
1993    21     0.446
1993    22     0.598
1993    23     0.736
1993    24     0.858
1993    25     0.966
1993    26     1.059
1993    27     1.143
1993    28     1.215
1993    29     1.277
1993    30     1.328
1993    31     1.373
1993    32     1.411
1993    33     1.442
1993    34     1.468
1993    35     1.489
1993    36     1.507
1993    37     1.521
1993    38     1.532
1993    39     1.541
1993    40     1.548
1993    41     1.552
1993    42     1.556
1993    43     1.558
1993    44     1.559
1993    45     1.560
1993    46     1.560
1993    47     1.561
1993    48     1.561
1993    49     1.561
1993    50     1.561
1993    51     1.561
1993    52     1.561
1993    53     1.561
1993    54     1.561
1993    55     1.561
1994    12     0.000
1994    13     0.000
1994    14     0.000
1994    15     0.000
1994    16     0.004
1994    17     0.020
1994    18     0.066
1994    19     0.155
1994    20     0.283
1994    21     0.431
1994    22     0.572
1994    23     0.699
1994    24     0.811
1994    25     0.912
1994    26     1.000
1994    27     1.076
1994    28     1.144
1994    29     1.202
1994    30     1.251
1994    31     1.293
1994    32     1.328
1994    33     1.357
1994    34     1.381
1994    35     1.401
1994    36     1.418
1994    37     1.431
1994    38     1.441
1994    39     1.449
1994    40     1.455
1994    41     1.460
1994    42     1.463
1994    43     1.465
1994    44     1.466
1994    45     1.467
1994    46     1.467
1994    47     1.467
1994    48     1.467
1994    49     1.467
1994    50     1.467
1994    51     1.467
1994    52     1.467
1994    53     1.467
1994    54     1.467
1994    55     1.467
1995    12     0.000
1995    13     0.000
1995    14     0.000
1995    15     0.000
1995    16     0.005
1995    17     0.022
1995    18     0.067
1995    19     0.153
1995    20     0.275
1995    21     0.413
1995    22     0.547
1995    23     0.667
1995    24     0.775
1995    25     0.870
1995    26     0.956
1995    27     1.030
1995    28     1.094
1995    29     1.151
1995    30     1.198
1995    31     1.238
1995    32     1.270
1995    33     1.297
1995    34     1.320
1995    35     1.338
1995    36     1.353
1995    37     1.365
1995    38     1.375
1995    39     1.382
1995    40     1.387
1995    41     1.391
1995    42     1.394
1995    43     1.396
1995    44     1.397
1995    45     1.397
1995    46     1.398
1995    47     1.398
1995    48     1.398
1995    49     1.398
1995    50     1.398
1995    51     1.398
1995    52     1.398
1995    53     1.398
1995    54     1.398
1995    55     1.398
1996    12     0.000
1996    13     0.000
1996    14     0.000
1996    15     0.000
1996    16     0.005
1996    17     0.020
1996    18     0.062
1996    19     0.144
1996    20     0.259
1996    21     0.391
1996    22     0.519
1996    23     0.636
1996    24     0.739
1996    25     0.830
1996    26     0.911
1996    27     0.982
1996    28     1.044
1996    29     1.097
1996    30     1.143
1996    31     1.182
1996    32     1.213
1996    33     1.240
1996    34     1.261
1996    35     1.278
1996    36     1.292
1996    37     1.304
1996    38     1.313
1996    39     1.320
1996    40     1.325
1996    41     1.328
1996    42     1.331
1996    43     1.333
1996    44     1.334
1996    45     1.334
1996    46     1.334
1996    47     1.335
1996    48     1.335
1996    49     1.335
1996    50     1.335
1996    51     1.335
1996    52     1.335
1996    53     1.335
1996    54     1.335
1996    55     1.335
1997    12     0.000
1997    13     0.000
1997    14     0.000
1997    15     0.000
1997    16     0.004
1997    17     0.018
1997    18     0.056
1997    19     0.129
1997    20     0.234
1997    21     0.355
1997    22     0.475
1997    23     0.587
1997    24     0.688
1997    25     0.777
1997    26     0.855
1997    27     0.924
1997    28     0.984
1997    29     1.037
1997    30     1.082
1997    31     1.120
1997    32     1.152
1997    33     1.177
1997    34     1.198
1997    35     1.216
1997    36     1.230
1997    37     1.241
1997    38     1.250
1997    39     1.257
1997    40     1.263
1997    41     1.266
1997    42     1.269
1997    43     1.270
1997    44     1.271
1997    45     1.272
1997    46     1.272
1997    47     1.272
1997    48     1.272
1997    49     1.272
1997    50     1.272
1997    51     1.272
1997    52     1.272
1997    53     1.272
1997    54     1.272
1997    55     1.272
1998    12     0.000
1998    13     0.000
1998    14     0.000
1998    15     0.000
1998    16     0.003
1998    17     0.016
1998    18     0.050
1998    19     0.115
1998    20     0.212
1998    21     0.326
1998    22     0.439
1998    23     0.545
1998    24     0.643
1998    25     0.729
1998    26     0.804
1998    27     0.870
1998    28     0.928
1998    29     0.979
1998    30     1.023
1998    31     1.060
1998    32     1.091
1998    33     1.117
1998    34     1.138
1998    35     1.155
1998    36     1.169
1998    37     1.180
1998    38     1.189
1998    39     1.195
1998    40     1.201
1998    41     1.205
1998    42     1.207
1998    43     1.209
1998    44     1.210
1998    45     1.210
1998    46     1.211
1998    47     1.211
1998    48     1.211
1998    49     1.211
1998    50     1.211
1998    51     1.211
1998    52     1.211
1998    53     1.211
1998    54     1.211
1998    55     1.211
1999    12     0.000
1999    13     0.000
1999    14     0.000
1999    15     0.000
1999    16     0.003
1999    17     0.013
1999    18     0.041
1999    19     0.096
1999    20     0.180
1999    21     0.282
1999    22     0.387
1999    23     0.486
1999    24     0.576
1999    25     0.660
1999    26     0.733
1999    27     0.797
1999    28     0.852
1999    29     0.902
1999    30     0.944
1999    31     0.980
1999    32     1.010
1999    33     1.036
1999    34     1.056
1999    35     1.073
1999    36     1.087
1999    37     1.098
1999    38     1.106
1999    39     1.112
1999    40     1.117
1999    41     1.121
1999    42     1.124
1999    43     1.125
1999    44     1.126
1999    45     1.127
1999    46     1.127
1999    47     1.127
1999    48     1.127
1999    49     1.127
1999    50     1.127
1999    51     1.127
1999    52     1.127
1999    53     1.127
1999    54     1.127
1999    55     1.127
2000    12     0.000
2000    13     0.000
2000    14     0.000
2000    15     0.000
2000    16     0.002
2000    17     0.012
2000    18     0.037
2000    19     0.088
2000    20     0.165
2000    21     0.264
2000    22     0.366
2000    23     0.466
2000    24     0.558
2000    25     0.640
2000    26     0.715
2000    27     0.780
2000    28     0.837
2000    29     0.886
2000    30     0.929
2000    31     0.967
2000    32     0.998
2000    33     1.024
2000    34     1.045
2000    35     1.062
2000    36     1.075
2000    37     1.086
2000    38     1.095
2000    39     1.101
2000    40     1.106
2000    41     1.110
2000    42     1.112
2000    43     1.114
2000    44     1.115
2000    45     1.115
2000    46     1.116
2000    47     1.116
2000    48     1.116
2000    49     1.116
2000    50     1.116
2000    51     1.116
2000    52     1.116
2000    53     1.116
2000    54     1.116
2000    55     1.116
2001    12     0.000
2001    13     0.000
2001    14     0.000
2001    15     0.000
2001    16     0.003
2001    17     0.011
2001    18     0.033
2001    19     0.079
2001    20     0.149
2001    21     0.238
2001    22     0.334
2001    23     0.429
2001    24     0.522
2001    25     0.603
2001    26     0.677
2001    27     0.745
2001    28     0.802
2001    29     0.852
2001    30     0.896
2001    31     0.933
2001    32     0.966
2001    33     0.993
2001    34     1.016
2001    35     1.033
2001    36     1.048
2001    37     1.059
2001    38     1.068
2001    39     1.074
2001    40     1.079
2001    41     1.083
2001    42     1.085
2001    43     1.087
2001    44     1.088
2001    45     1.088
2001    46     1.089
2001    47     1.089
2001    48     1.089
2001    49     1.089
2001    50     1.089
2001    51     1.089
2001    52     1.089
2001    53     1.089
2001    54     1.089
2001    55     1.089
2002    12     0.000
2002    13     0.000
2002    14     0.000
2002    15     0.000
2002    16     0.003
2002    17     0.011
2002    18     0.033
2002    19     0.078
2002    20     0.146
2002    21     0.233
2002    22     0.328
2002    23     0.423
2002    24     0.515
2002    25     0.603
2002    26     0.681
2002    27     0.751
2002    28     0.814
2002    29     0.868
2002    30     0.916
2002    31     0.957
2002    32     0.992
2002    33     1.022
2002    34     1.046
2002    35     1.065
2002    36     1.081
2002    37     1.093
2002    38     1.103
2002    39     1.110
2002    40     1.115
2002    41     1.119
2002    42     1.121
2002    43     1.123
2002    44     1.124
2002    45     1.124
2002    46     1.125
2002    47     1.125
2002    48     1.125
2002    49     1.125
2002    50     1.125
2002    51     1.125
2002    52     1.125
2002    53     1.125
2002    54     1.125
2002    55     1.125
2003    12     0.000
2003    13     0.000
2003    14     0.000
2003    15     0.000
2003    16     0.003
2003    17     0.011
2003    18     0.033
2003    19     0.075
2003    20     0.142
2003    21     0.228
2003    22     0.324
2003    23     0.419
2003    24     0.514
2003    25     0.603
2003    26     0.688
2003    27     0.763
2003    28     0.829
2003    29     0.887
2003    30     0.939
2003    31     0.985
2003    32     1.023
2003    33     1.055
2003    34     1.082
2003    35     1.104
2003    36     1.121
2003    37     1.135
2003    38     1.145
2003    39     1.153
2003    40     1.159
2003    41     1.163
2003    42     1.166
2003    43     1.167
2003    44     1.168
2003    45     1.169
2003    46     1.169
2003    47     1.169
2003    48     1.169
2003    49     1.169
2003    50     1.169
2003    51     1.169
2003    52     1.169
2003    53     1.169
2003    54     1.169
2003    55     1.169
2004    12     0.000
2004    13     0.000
2004    14     0.000
2004    15     0.000
2004    16     0.003
2004    17     0.012
2004    18     0.034
2004    19     0.077
2004    20     0.143
2004    21     0.228
2004    22     0.324
2004    23     0.423
2004    24     0.519
2004    25     0.611
2004    26     0.698
2004    27     0.778
2004    28     0.849
2004    29     0.910
2004    30     0.965
2004    31     1.013
2004    32     1.054
2004    33     1.089
2004    34     1.118
2004    35     1.142
2004    36     1.162
2004    37     1.177
2004    38     1.189
2004    39     1.197
2004    40     1.203
2004    41     1.208
2004    42     1.211
2004    43     1.213
2004    44     1.214
2004    45     1.215
2004    46     1.215
2004    47     1.215
2004    48     1.215
2004    49     1.215
2004    50     1.215
2004    51     1.215
2004    52     1.215
2004    53     1.215
2004    54     1.215
2004    55     1.215
2005    12     0.000
2005    13     0.000
2005    14     0.000
2005    15     0.000
2005    16     0.003
2005    17     0.011
2005    18     0.033
2005    19     0.074
2005    20     0.136
2005    21     0.216
2005    22     0.304
2005    23     0.397
2005    24     0.489
2005    25     0.580
2005    26     0.666
2005    27     0.746
2005    28     0.818
2005    29     0.883
2005    30     0.939
2005    31     0.989
2005    32     1.034
2005    33     1.071
2005    34     1.102
2005    35     1.128
2005    36     1.148
2005    37     1.165
2005    38     1.178
2005    39     1.187
2005    40     1.194
2005    41     1.199
2005    42     1.202
2005    43     1.204
2005    44     1.206
2005    45     1.206
2005    46     1.206
2005    47     1.207
2005    48     1.207
2005    49     1.207
2005    50     1.207
2005    51     1.207
2005    52     1.207
2005    53     1.207
2005    54     1.207
2005    55     1.207
2006    12     0.000
2006    13     0.000
2006    14     0.000
2006    15     0.000
2006    16     0.003
2006    17     0.011
2006    18     0.032
2006    19     0.074
2006    20     0.139
2006    21     0.220
2006    22     0.310
2006    23     0.405
2006    24     0.503
2006    25     0.600
2006    26     0.693
2006    27     0.779
2006    28     0.859
2006    29     0.932
2006    30     0.996
2006    31     1.053
2006    32     1.102
2006    33     1.144
2006    34     1.180
2006    35     1.210
2006    36     1.234
2006    37     1.254
2006    38     1.268
2006    39     1.279
2006    40     1.287
2006    41     1.292
2006    42     1.296
2006    43     1.298
2006    44     1.299
2006    45     1.300
2006    46     1.300
2006    47     1.300
2006    48     1.300
2006    49     1.300
2006    50     1.300
2006    51     1.300
2006    52     1.300
2006    53     1.300
2006    54     1.300
2006    55     1.300
2007    12     0.000
2007    13     0.000
2007    14     0.000
2007    15     0.000
2007    16     0.003
2007    17     0.012
2007    18     0.034
2007    19     0.077
2007    20     0.142
2007    21     0.225
2007    22     0.314
2007    23     0.408
2007    24     0.505
2007    25     0.602
2007    26     0.698
2007    27     0.785
2007    28     0.867
2007    29     0.941
2007    30     1.009
2007    31     1.069
2007    32     1.121
2007    33     1.165
2007    34     1.204
2007    35     1.236
2007    36     1.262
2007    37     1.282
2007    38     1.298
2007    39     1.310
2007    40     1.319
2007    41     1.325
2007    42     1.329
2007    43     1.331
2007    44     1.333
2007    45     1.334
2007    46     1.334
2007    47     1.334
2007    48     1.334
2007    49     1.334
2007    50     1.334
2007    51     1.334
2007    52     1.334
2007    53     1.334
2007    54     1.334
2007    55     1.334
2008    12     0.000
2008    13     0.000
2008    14     0.000
2008    15     0.000
2008    16     0.004
2008    17     0.014
2008    18     0.038
2008    19     0.083
2008    20     0.150
2008    21     0.236
2008    22     0.332
2008    23     0.431
2008    24     0.533
2008    25     0.637
2008    26     0.738
2008    27     0.832
2008    28     0.919
2008    29     1.000
2008    30     1.074
2008    31     1.142
2008    32     1.200
2008    33     1.250
2008    34     1.293
2008    35     1.330
2008    36     1.360
2008    37     1.385
2008    38     1.404
2008    39     1.418
2008    40     1.428
2008    41     1.435
2008    42     1.440
2008    43     1.442
2008    44     1.444
2008    45     1.445
2008    46     1.445
2008    47     1.446
2008    48     1.446
2008    49     1.446
2008    50     1.446
2008    51     1.446
2008    52     1.446
2008    53     1.446
2008    54     1.446
2008    55     1.446
2009    12     0.000
2009    13     0.000
2009    14     0.000
2009    15     0.000
2009    16     0.004
2009    17     0.014
2009    18     0.037
2009    19     0.081
2009    20     0.146
2009    21     0.226
2009    22     0.317
2009    23     0.416
2009    24     0.517
2009    25     0.618
2009    26     0.718
2009    27     0.814
2009    28     0.903
2009    29     0.985
2009    30     1.061
2009    31     1.131
2009    32     1.194
2009    33     1.248
2009    34     1.293
2009    35     1.332
2009    36     1.365
2009    37     1.392
2009    38     1.413
2009    39     1.428
2009    40     1.440
2009    41     1.448
2009    42     1.453
2009    43     1.456
2009    44     1.458
2009    45     1.459
2009    46     1.460
2009    47     1.460
2009    48     1.460
2009    49     1.460
2009    50     1.460
2009    51     1.460
2009    52     1.460
2009    53     1.460
2009    54     1.460
2009    55     1.460
2010    12     0.000
2010    13     0.000
2010    14     0.000
2010    15     0.001
2010    16     0.003
2010    17     0.013
2010    18     0.035
2010    19     0.075
2010    20     0.134
2010    21     0.208
2010    22     0.293
2010    23     0.385
2010    24     0.483
2010    25     0.582
2010    26     0.679
2010    27     0.773
2010    28     0.861
2010    29     0.944
2010    30     1.019
2010    31     1.089
2010    32     1.152
2010    33     1.208
2010    34     1.255
2010    35     1.295
2010    36     1.329
2010    37     1.357
2010    38     1.378
2010    39     1.395
2010    40     1.407
2010    41     1.415
2010    42     1.421
2010    43     1.425
2010    44     1.427
2010    45     1.428
2010    46     1.428
2010    47     1.428
2010    48     1.428
2010    49     1.429
2010    50     1.429
2010    51     1.429
2010    52     1.429
2010    53     1.429
2010    54     1.429
2010    55     1.429
2011    12     0.000
2011    13     0.000
2011    14     0.000
2011    15     0.001
2011    16     0.003
2011    17     0.013
2011    18     0.034
2011    19     0.073
2011    20     0.132
2011    21     0.206
2011    22     0.290
2011    23     0.381
2011    24     0.478
2011    25     0.578
2011    26     0.677
2011    27     0.772
2011    28     0.861
2011    29     0.944
2011    30     1.023
2011    31     1.094
2011    32     1.159
2011    33     1.218
2011    34     1.269
2011    35     1.312
2011    36     1.348
2011    37     1.379
2011    38     1.403
2011    39     1.421
2011    40     1.435
2011    41     1.444
2011    42     1.450
2011    43     1.454
2011    44     1.456
2011    45     1.458
2011    46     1.458
2011    47     1.458
2011    48     1.459
2011    49     1.459
2011    50     1.459
2011    51     1.459
2011    52     1.459
2011    53     1.459
2011    54     1.459
2011    55     1.459
2012    12     0.000
2012    13     0.000
2012    14     0.000
2012    15     0.001
2012    16     0.004
2012    17     0.013
2012    18     0.035
2012    19     0.075
2012    20     0.135
2012    21     0.211
2012    22     0.299
2012    23     0.393
2012    24     0.493
2012    25     0.599
2012    26     0.705
2012    27     0.804
2012    28     0.896
2012    29     0.984
2012    30     1.067
2012    31     1.144
2012    32     1.212
2012    33     1.272
2012    34     1.326
2012    35     1.374
2012    36     1.414
2012    37     1.446
2012    38     1.471
2012    39     1.491
2012    40     1.505
2012    41     1.515
2012    42     1.522
2012    43     1.526
2012    44     1.529
2012    45     1.530
2012    46     1.531
2012    47     1.531
2012    48     1.531
2012    49     1.531
2012    50     1.531
2012    51     1.531
2012    52     1.531
2012    53     1.531
2012    54     1.531
2012    55     1.531
2013    12     0.000
2013    13     0.000
2013    14     0.000
2013    15     0.001
2013    16     0.004
2013    17     0.013
2013    18     0.034
2013    19     0.072
2013    20     0.129
2013    21     0.204
2013    22     0.287
2013    23     0.380
2013    24     0.479
2013    25     0.580
2013    26     0.684
2013    27     0.781
2013    28     0.874
2013    29     0.960
2013    30     1.039
2013    31     1.114
2013    32     1.183
2013    33     1.242
2013    34     1.296
2013    35     1.343
2013    36     1.384
2013    37     1.418
2013    38     1.444
2013    39     1.464
2013    40     1.479
2013    41     1.489
2013    42     1.497
2013    43     1.501
2013    44     1.503
2013    45     1.505
2013    46     1.505
2013    47     1.506
2013    48     1.506
2013    49     1.506
2013    50     1.506
2013    51     1.506
2013    52     1.506
2013    53     1.506
2013    54     1.506
2013    55     1.506
