Ukraine, Conditional fertility rates by calendar year, age and birth order
Last modified: 13/11/2015
Year  Age       m1x       m2x       m3x       m4x      m5px
1979   12-  0.00000         .         .         .         .
1979   13   0.00001         .         .         .         .
1979   14   0.00010   0.00126         .         .         .
1979   15   0.00114   0.00131   0.00000         .         .
1979   16   0.00686   0.01559   0.01374         .         .
1979   17   0.02355   0.02642   0.01714   0.00000         .
1979   18   0.07093   0.04768   0.02726   0.00000         .
1979   19   0.14320   0.05737   0.03901   0.01515   0.11535
1979   20   0.21758   0.07738   0.04855   0.08092   0.02267
1979   21   0.25305   0.08893   0.05095   0.08500   0.05202
1979   22   0.26291   0.09910   0.05553   0.08216   0.04417
1979   23   0.25757   0.10484   0.05159   0.08461   0.08419
1979   24   0.23564   0.11521   0.04798   0.08768   0.11040
1979   25   0.21918   0.12240   0.04320   0.08036   0.12920
1979   26   0.18998   0.12525   0.03812   0.06937   0.13413
1979   27   0.16761   0.13252   0.03748   0.06819   0.13890
1979   28   0.14730   0.12748   0.03362   0.05994   0.14600
1979   29   0.12753   0.11712   0.03049   0.05364   0.12147
1979   30   0.12173   0.11355   0.02939   0.04913   0.14102
1979   31   0.09805   0.08611   0.02154   0.03801   0.10093
1979   32   0.09439   0.08344   0.02187   0.03680   0.11235
1979   33   0.07009   0.06260   0.01835   0.02665   0.09010
1979   34   0.06276   0.05150   0.01627   0.02882   0.08643
1979   35   0.05795   0.04566   0.01509   0.02577   0.08587
1979   36   0.04578   0.03231   0.01100   0.01922   0.07275
1979   37   0.03533   0.02691   0.00929   0.01579   0.06030
1979   38   0.02787   0.01921   0.00701   0.01252   0.05393
1979   39   0.02099   0.01410   0.00529   0.00915   0.04563
1979   40   0.01604   0.00971   0.00411   0.00759   0.03701
1979   41   0.01081   0.00603   0.00267   0.00492   0.02732
1979   42   0.00758   0.00400   0.00180   0.00355   0.01928
1979   43   0.00395   0.00225   0.00111   0.00244   0.01267
1979   44   0.00200   0.00117   0.00059   0.00195   0.00873
1979   45   0.00088   0.00085   0.00038   0.00084   0.00591
1979   46   0.00045   0.00041   0.00017   0.00039   0.00184
1979   47   0.00040   0.00013   0.00009   0.00010   0.00115
1979   48   0.00012   0.00008   0.00001   0.00005   0.00030
1979   49   0.00006   0.00006   0.00002   0.00008   0.00011
1979   50   0.00000   0.00003   0.00001   0.00003   0.00046
1979   51   0.00000   0.00000   0.00000   0.00000   0.00002
1979   52   0.00000   0.00000   0.00000   0.00000   0.00005
1979   53   0.00000   0.00000   0.00001   0.00001   0.00000
1979   54   0.00000   0.00000   0.00000   0.00000   0.00004
1979   55+  0.00104   0.00017   0.00002   0.00000   0.00000
1980   12-  0.00000         .         .         .         .
1980   13   0.00001         .         .         .         .
1980   14   0.00012   0.00000         .         .         .
1980   15   0.00127   0.00000         .         .         .
1980   16   0.00700   0.02277   0.00000         .         .
1980   17   0.02489   0.03795   0.00947         .         .
1980   18   0.07228   0.04972   0.02853   0.03180         .
1980   19   0.14974   0.05988   0.03560   0.02994         .
1980   20   0.22609   0.07252   0.05345   0.04960   0.12906
1980   21   0.26617   0.08566   0.05239   0.06728   0.08614
1980   22   0.27766   0.09663   0.04949   0.07893   0.07355
1980   23   0.25827   0.10588   0.05081   0.08183   0.11573
1980   24   0.24431   0.11519   0.04618   0.08783   0.12164
1980   25   0.22175   0.12139   0.04374   0.08294   0.13642
1980   26   0.19060   0.12311   0.03804   0.07613   0.14809
1980   27   0.16931   0.12299   0.03451   0.06078   0.14201
1980   28   0.15052   0.12232   0.03121   0.05984   0.13824
1980   29   0.13961   0.11791   0.02881   0.05454   0.12943
1980   30   0.11516   0.10440   0.02577   0.04517   0.12321
1980   31   0.10897   0.09779   0.02402   0.04122   0.12274
1980   32   0.08173   0.06942   0.01745   0.03199   0.09391
1980   33   0.07895   0.06775   0.01825   0.03303   0.09477
1980   34   0.06525   0.04858   0.01523   0.02520   0.08116
1980   35   0.05256   0.04110   0.01279   0.02390   0.08088
1980   36   0.04306   0.03423   0.01111   0.01950   0.07718
1980   37   0.03325   0.02528   0.00801   0.01471   0.06364
1980   38   0.02721   0.01821   0.00625   0.01232   0.04790
1980   39   0.01958   0.01297   0.00500   0.00907   0.04453
1980   40   0.01563   0.00899   0.00377   0.00716   0.03653
1980   41   0.01062   0.00548   0.00262   0.00495   0.02423
1980   42   0.00654   0.00345   0.00165   0.00325   0.01881
1980   43   0.00418   0.00195   0.00102   0.00224   0.01278
1980   44   0.00234   0.00120   0.00067   0.00156   0.00703
1980   45   0.00097   0.00056   0.00034   0.00075   0.00445
1980   46   0.00039   0.00033   0.00018   0.00047   0.00239
1980   47   0.00013   0.00015   0.00008   0.00024   0.00077
1980   48   0.00014   0.00012   0.00002   0.00011   0.00035
1980   49   0.00002   0.00004   0.00003   0.00007   0.00018
1980   50   0.00000   0.00006   0.00004   0.00004   0.00005
1980   51   0.00000   0.00002   0.00002   0.00000   0.00002
1980   52   0.00000   0.00000   0.00000   0.00001   0.00002
1980   53   0.00000   0.00001   0.00000   0.00000   0.00000
1980   54   0.00000   0.00000   0.00000   0.00000   0.00000
1980   55+  0.00000   0.00000   0.00000   0.00000   0.00000
1981   12-  0.00000         .         .         .         .
1981   13   0.00001         .         .         .         .
1981   14   0.00013   0.00295         .         .         .
1981   15   0.00134   0.00342         .         .         .
1981   16   0.00695   0.01905   0.06537         .         .
1981   17   0.02499   0.04368   0.03159         .         .
1981   18   0.06836   0.05179   0.03034   0.04206         .
1981   19   0.13748   0.06249   0.04005   0.02525         .
1981   20   0.21042   0.07499   0.05697   0.05903   0.04665
1981   21   0.25644   0.08382   0.05444   0.23806   0.27150
1981   22   0.26979   0.09520   0.05262   0.09770   0.04351
1981   23   0.25431   0.10741   0.05325   0.08875   0.10476
1981   24   0.22589   0.11740   0.04845   0.08606   0.11117
1981   25   0.20059   0.12448   0.04462   0.07974   0.14368
1981   26   0.18502   0.13150   0.03963   0.07691   0.12895
1981   27   0.16042   0.12849   0.03342   0.06788   0.12809
1981   28   0.13691   0.12465   0.03118   0.05596   0.12992
1981   29   0.13079   0.12227   0.02875   0.05428   0.12776
1981   30   0.11008   0.11098   0.02649   0.04855   0.12501
1981   31   0.09658   0.09226   0.02278   0.04099   0.11475
1981   32   0.09112   0.08722   0.02258   0.03991   0.11555
1981   33   0.06698   0.06048   0.01630   0.02911   0.09238
1981   34   0.06533   0.05685   0.01609   0.02695   0.09280
1981   35   0.04757   0.03961   0.01299   0.02152   0.07888
1981   36   0.03938   0.03203   0.01188   0.01894   0.07164
1981   37   0.03394   0.02571   0.00997   0.01682   0.06684
1981   38   0.02424   0.01619   0.00625   0.01166   0.05239
1981   39   0.02068   0.01273   0.00486   0.00939   0.04137
1981   40   0.01408   0.00773   0.00392   0.00744   0.03565
1981   41   0.01009   0.00570   0.00265   0.00483   0.02982
1981   42   0.00683   0.00339   0.00169   0.00359   0.02023
1981   43   0.00344   0.00210   0.00113   0.00234   0.01266
1981   44   0.00198   0.00104   0.00058   0.00120   0.00811
1981   45   0.00136   0.00050   0.00036   0.00068   0.00406
1981   46   0.00068   0.00025   0.00014   0.00031   0.00215
1981   47   0.00021   0.00014   0.00008   0.00028   0.00090
1981   48   0.00019   0.00008   0.00003   0.00004   0.00054
1981   49   0.00009   0.00001   0.00006   0.00000   0.00024
1981   50   0.00000   0.00000   0.00000   0.00000   0.00000
1981   51   0.00000   0.00001   0.00000   0.00000   0.00003
1981   52   0.00000   0.00000   0.00000   0.00000   0.00000
1981   53   0.00000   0.00000   0.00000   0.00000   0.00000
1981   54   0.00000   0.00000   0.00000   0.00000   0.00000
1981   55+  0.00000   0.00000   0.00000   0.00000   0.00000
1982   12-  0.00000         .         .         .         .
1982   13   0.00001         .         .         .         .
1982   14   0.00014   0.00272         .         .         .
1982   15   0.00145   0.00321         .         .         .
1982   16   0.00748   0.02349   0.05030         .         .
1982   17   0.02618   0.04576   0.02579         .         .
1982   18   0.07148   0.05895   0.04262   0.03931         .
1982   19   0.13930   0.07222   0.05069   0.03187         .
1982   20   0.21056   0.08389   0.05410   0.06917   0.05118
1982   21   0.26085   0.09295   0.05679   0.08860   0.08493
1982   22   0.28117   0.10513   0.05589   0.09483   0.06842
1982   23   0.26762   0.11462   0.05690   0.09093   0.06817
1982   24   0.23182   0.12236   0.04952   0.08752   0.12204
1982   25   0.19862   0.12659   0.04460   0.08588   0.13713
1982   26   0.17508   0.12957   0.04071   0.07487   0.13956
1982   27   0.15745   0.12977   0.03748   0.07331   0.14990
1982   28   0.13794   0.12177   0.03280   0.06091   0.13033
1982   29   0.11900   0.11361   0.02921   0.05319   0.14564
1982   30   0.11137   0.10944   0.02782   0.05052   0.13722
1982   31   0.09445   0.09228   0.02477   0.04309   0.12349
1982   32   0.08212   0.07813   0.02206   0.03570   0.11501
1982   33   0.07538   0.06954   0.02009   0.03467   0.11709
1982   34   0.05679   0.04759   0.01426   0.02440   0.08254
1982   35   0.05523   0.04368   0.01395   0.02400   0.08394
1982   36   0.03900   0.03003   0.01055   0.01896   0.07285
1982   37   0.03085   0.02345   0.00882   0.01545   0.06559
1982   38   0.02414   0.01879   0.00717   0.01460   0.05660
1982   39   0.01593   0.01149   0.00458   0.00979   0.04528
1982   40   0.01371   0.00860   0.00350   0.00726   0.03421
1982   41   0.00889   0.00558   0.00241   0.00469   0.02849
1982   42   0.00515   0.00358   0.00146   0.00324   0.02054
1982   43   0.00353   0.00182   0.00104   0.00224   0.01253
1982   44   0.00125   0.00106   0.00050   0.00129   0.00710
1982   45   0.00111   0.00046   0.00033   0.00062   0.00421
1982   46   0.00040   0.00013   0.00016   0.00036   0.00218
1982   47   0.00007   0.00013   0.00004   0.00019   0.00088
1982   48   0.00004   0.00002   0.00004   0.00005   0.00009
1982   49   0.00000   0.00002   0.00002   0.00002   0.00019
1982   50   0.00000   0.00000   0.00001   0.00004   0.00003
1982   51   0.00000   0.00000   0.00000   0.00000   0.00000
1982   52   0.00000   0.00000   0.00001   0.00000   0.00000
1982   53   0.00000   0.00000   0.00000   0.00000   0.00000
1982   54   0.00000   0.00000   0.00000   0.00000   0.00000
1982   55+  0.00000   0.00000   0.00001   0.00000   0.00000
1983   12-  0.00000         .         .         .         .
1983   13   0.00001         .         .         .         .
1983   14   0.00011   0.00726         .         .         .
1983   15   0.00126   0.00657         .         .         .
1983   16   0.00782   0.02075   0.00000         .         .
1983   17   0.02844   0.05129   0.03657         .         .
1983   18   0.07335   0.07251   0.04087   0.03626         .
1983   19   0.14551   0.07678   0.05442   0.06468         .
1983   20   0.21262   0.09390   0.07797   0.04591   0.15740
1983   21   0.26464   0.10566   0.06329   0.07408   0.14217
1983   22   0.28832   0.11806   0.06524   0.08303   0.07286
1983   23   0.28901   0.12934   0.05947   0.08363   0.10308
1983   24   0.25826   0.14049   0.05736   0.09046   0.11618
1983   25   0.22132   0.15067   0.05133   0.09472   0.15163
1983   26   0.18108   0.15366   0.04511   0.08260   0.15099
1983   27   0.16491   0.15188   0.04192   0.07039   0.15432
1983   28   0.14387   0.14853   0.03789   0.06752   0.15166
1983   29   0.13217   0.13546   0.03567   0.05755   0.14995
1983   30   0.11047   0.12231   0.03111   0.04951   0.13951
1983   31   0.10263   0.11191   0.02907   0.04734   0.12663
1983   32   0.08398   0.09292   0.02575   0.04137   0.12568
1983   33   0.07146   0.07471   0.02141   0.03351   0.10621
1983   34   0.07015   0.06476   0.01958   0.03248   0.10688
1983   35   0.05071   0.04284   0.01373   0.02379   0.07714
1983   36   0.04735   0.03677   0.01362   0.02267   0.07818
1983   37   0.03000   0.02413   0.00938   0.01851   0.06008
1983   38   0.01863   0.01765   0.00726   0.01413   0.05917
1983   39   0.01947   0.01371   0.00551   0.01022   0.04686
1983   40   0.01281   0.00800   0.00359   0.00717   0.03447
1983   41   0.00795   0.00504   0.00266   0.00506   0.02652
1983   42   0.00686   0.00365   0.00174   0.00350   0.01932
1983   43   0.00319   0.00184   0.00093   0.00209   0.01299
1983   44   0.00178   0.00095   0.00053   0.00125   0.00702
1983   45   0.00071   0.00038   0.00026   0.00067   0.00416
1983   46   0.00048   0.00027   0.00014   0.00036   0.00176
1983   47   0.00017   0.00008   0.00006   0.00019   0.00086
1983   48   0.00013   0.00004   0.00004   0.00004   0.00032
1983   49   0.00000   0.00002   0.00000   0.00000   0.00017
1983   50   0.00000   0.00000   0.00000   0.00002   0.00000
1983   51   0.00000   0.00000   0.00001   0.00000   0.00003
1983   52   0.00000   0.00000   0.00000   0.00000   0.00000
1983   53   0.00000   0.00000   0.00000   0.00000   0.00000
1983   54   0.00000   0.00000   0.00000   0.00000   0.00000
1983   55+  0.00000   0.00000   0.00000   0.00000   0.00000
1984   12-  0.00000         .         .         .         .
1984   13   0.00001         .         .         .         .
1984   14   0.00012   0.01039         .         .         .
1984   15   0.00139   0.01040         .         .         .
1984   16   0.00820   0.03158   0.03557         .         .
1984   17   0.03111   0.05410   0.02023         .         .
1984   18   0.07970   0.07108   0.04738   0.02920         .
1984   19   0.14903   0.07795   0.05605   0.03299         .
1984   20   0.22021   0.09630   0.05945   0.06566   0.00000
1984   21   0.26788   0.10854   0.05688   0.06235   0.12298
1984   22   0.28840   0.12198   0.05716   0.08516   0.09903
1984   23   0.28273   0.13091   0.05507   0.08972   0.14285
1984   24   0.27376   0.13655   0.05192   0.09115   0.12731
1984   25   0.24109   0.14416   0.04827   0.08309   0.13675
1984   26   0.19272   0.14898   0.04443   0.08256   0.14373
1984   27   0.16030   0.14679   0.04211   0.07175   0.15660
1984   28   0.13557   0.14287   0.03692   0.06160   0.15092
1984   29   0.12720   0.13169   0.03438   0.05460   0.13561
1984   30   0.11043   0.11658   0.03031   0.05106   0.12976
1984   31   0.09434   0.10010   0.02737   0.04321   0.13043
1984   32   0.08329   0.08987   0.02485   0.03944   0.12181
1984   33   0.07194   0.07299   0.02146   0.03562   0.10676
1984   34   0.05725   0.05972   0.01809   0.02994   0.09689
1984   35   0.05206   0.04853   0.01532   0.02693   0.09409
1984   36   0.03760   0.02967   0.01044   0.01831   0.07325
1984   37   0.03408   0.02691   0.00978   0.01745   0.07093
1984   38   0.02295   0.01650   0.00694   0.01310   0.05011
1984   39   0.01621   0.01159   0.00564   0.01046   0.04430
1984   40   0.01268   0.00901   0.00379   0.00758   0.03742
1984   41   0.00729   0.00428   0.00245   0.00515   0.02668
1984   42   0.00593   0.00324   0.00158   0.00339   0.01749
1984   43   0.00389   0.00148   0.00100   0.00166   0.01119
1984   44   0.00142   0.00096   0.00059   0.00128   0.00749
1984   45   0.00094   0.00042   0.00031   0.00041   0.00294
1984   46   0.00017   0.00019   0.00012   0.00019   0.00152
1984   47   0.00015   0.00007   0.00004   0.00007   0.00105
1984   48   0.00012   0.00005   0.00001   0.00000   0.00011
1984   49   0.00010   0.00000   0.00001   0.00000   0.00004
1984   50   0.00000   0.00000   0.00000   0.00000   0.00000
1984   51   0.00000   0.00000   0.00000   0.00000   0.00000
1984   52   0.00000   0.00000   0.00000   0.00000   0.00000
1984   53   0.00000   0.00000   0.00000   0.00000   0.00000
1984   54   0.00000   0.00000   0.00000   0.00000   0.00000
1984   55+  0.00000   0.00000   0.00000   0.00001   0.00000
1985   12-  0.00000         .         .         .         .
1985   13   0.00001         .         .         .         .
1985   14   0.00014   0.01042         .         .         .
1985   15   0.00153   0.00920         .         .         .
1985   16   0.00870   0.02270   0.00000         .         .
1985   17   0.03020   0.04971   0.04649   0.00000         .
1985   18   0.08061   0.06528   0.04454   0.12447         .
1985   19   0.14956   0.08416   0.05465   0.06839   0.16016
1985   20   0.20869   0.09651   0.05582   0.07915   0.03761
1985   21   0.25640   0.11191   0.05822   0.07810   0.08641
1985   22   0.26898   0.12574   0.05565   0.08679   0.15049
1985   23   0.27166   0.13039   0.05702   0.08963   0.16363
1985   24   0.26079   0.13747   0.05030   0.09126   0.13295
1985   25   0.24953   0.14149   0.04523   0.08341   0.13827
1985   26   0.21415   0.14384   0.04291   0.07989   0.13858
1985   27   0.16988   0.14390   0.03985   0.07006   0.15162
1985   28   0.14008   0.13718   0.03527   0.06284   0.13341
1985   29   0.12315   0.12603   0.03135   0.05404   0.14917
1985   30   0.11290   0.11428   0.02923   0.04902   0.12874
1985   31   0.09802   0.09560   0.02558   0.04227   0.12683
1985   32   0.08398   0.08037   0.02284   0.03737   0.11438
1985   33   0.07018   0.06974   0.02091   0.03374   0.10974
1985   34   0.05890   0.05585   0.01776   0.02820   0.10290
1985   35   0.05178   0.04381   0.01412   0.02276   0.08377
1985   36   0.04656   0.03638   0.01246   0.02183   0.08507
1985   37   0.03064   0.02133   0.00775   0.01514   0.05911
1985   38   0.03063   0.01773   0.00707   0.01380   0.05957
1985   39   0.01754   0.01055   0.00465   0.00991   0.04129
1985   40   0.01339   0.00776   0.00377   0.00828   0.03703
1985   41   0.00858   0.00459   0.00244   0.00539   0.02678
1985   42   0.00656   0.00313   0.00133   0.00336   0.01940
1985   43   0.00311   0.00157   0.00087   0.00185   0.01083
1985   44   0.00109   0.00062   0.00052   0.00110   0.00639
1985   45   0.00096   0.00050   0.00021   0.00060   0.00315
1985   46   0.00027   0.00015   0.00009   0.00031   0.00201
1985   47   0.00015   0.00008   0.00004   0.00009   0.00053
1985   48   0.00003   0.00002   0.00001   0.00003   0.00023
1985   49   0.00006   0.00000   0.00001   0.00002   0.00007
1985   50   0.00000   0.00001   0.00001   0.00000   0.00000
1985   51   0.00000   0.00000   0.00000   0.00000   0.00000
1985   52   0.00000   0.00000   0.00000   0.00000   0.00000
1985   53   0.00000   0.00000   0.00000   0.00000   0.00000
1985   54   0.00000   0.00000   0.00000   0.00000   0.00000
1985   55+  0.00000   0.00000   0.00000   0.00000   0.00000
1986   12-  0.00000         .         .         .         .
1986   13   0.00001         .         .         .         .
1986   14   0.00012   0.00237         .         .         .
1986   15   0.00144   0.00304         .         .         .
1986   16   0.00887   0.03177   0.00000         .         .
1986   17   0.03203   0.06037   0.04797   0.00000         .
1986   18   0.08073   0.06594   0.06612   0.04227         .
1986   19   0.15718   0.08848   0.04683   0.08830   0.00000
1986   20   0.22604   0.11024   0.06075   0.09686   0.11073
1986   21   0.25760   0.12278   0.05676   0.08368   0.09658
1986   22   0.27531   0.13576   0.05649   0.09145   0.11925
1986   23   0.26186   0.14129   0.05253   0.08544   0.13614
1986   24   0.25386   0.14996   0.05215   0.08861   0.15602
1986   25   0.25062   0.15116   0.04817   0.08748   0.15862
1986   26   0.23550   0.15117   0.04520   0.07536   0.14575
1986   27   0.19945   0.14904   0.04159   0.07258   0.16669
1986   28   0.15569   0.14709   0.03800   0.06416   0.15179
1986   29   0.12534   0.13496   0.03462   0.05972   0.16005
1986   30   0.11424   0.12241   0.03356   0.04989   0.14717
1986   31   0.10141   0.10686   0.02944   0.04725   0.13291
1986   32   0.09207   0.09089   0.02567   0.04363   0.12390
1986   33   0.07043   0.07632   0.02269   0.03574   0.11679
1986   34   0.06430   0.06276   0.02007   0.03142   0.10564
1986   35   0.05730   0.04920   0.01633   0.02893   0.10175
1986   36   0.04681   0.03738   0.01362   0.02281   0.08523
1986   37   0.03928   0.02940   0.01118   0.01879   0.08008
1986   38   0.02787   0.01727   0.00668   0.01367   0.05884
1986   39   0.02515   0.01387   0.00599   0.01260   0.05871
1986   40   0.01377   0.00769   0.00388   0.00767   0.03851
1986   41   0.00901   0.00540   0.00277   0.00707   0.02985
1986   42   0.00626   0.00347   0.00166   0.00455   0.02143
1986   43   0.00265   0.00157   0.00105   0.00224   0.01369
1986   44   0.00150   0.00078   0.00049   0.00128   0.00710
1986   45   0.00053   0.00033   0.00020   0.00063   0.00397
1986   46   0.00022   0.00013   0.00012   0.00023   0.00189
1986   47   0.00016   0.00009   0.00005   0.00012   0.00087
1986   48   0.00002   0.00002   0.00001   0.00007   0.00020
1986   49   0.00003   0.00000   0.00001   0.00002   0.00000
1986   50   0.00000   0.00002   0.00000   0.00002   0.00000
1986   51   0.00000   0.00001   0.00000   0.00000   0.00004
1986   52   0.00000   0.00000   0.00000   0.00000   0.00000
1986   53   0.00000   0.00000   0.00000   0.00000   0.00000
1986   54   0.00000   0.00000   0.00000   0.00000   0.00000
1986   55+  0.00000   0.00000   0.00000   0.00000   0.00000
1987   12-  0.00000         .         .         .         .
1987   13   0.00001         .         .         .         .
1987   14   0.00013   0.04095         .         .         .
1987   15   0.00151   0.02822         .         .         .
1987   16   0.00954   0.03120   0.00000         .         .
1987   17   0.03187   0.04803   0.04593   0.15064         .
1987   18   0.08560   0.06556   0.06255   0.01941         .
1987   19   0.15505   0.08343   0.04824   0.07783   0.00000
1987   20   0.22763   0.10261   0.05751   0.07688   0.07543
1987   21   0.26572   0.11797   0.05662   0.07574   0.08817
1987   22   0.26801   0.13209   0.05568   0.08283   0.13248
1987   23   0.25935   0.14039   0.05239   0.08854   0.13520
1987   24   0.24571   0.14802   0.04994   0.08075   0.15631
1987   25   0.23475   0.15075   0.04455   0.08435   0.15358
1987   26   0.22424   0.14859   0.04211   0.07294   0.14697
1987   27   0.21367   0.14542   0.03802   0.06806   0.14872
1987   28   0.18345   0.13853   0.03523   0.06086   0.14012
1987   29   0.14148   0.12964   0.03356   0.05484   0.14665
1987   30   0.11659   0.11566   0.02970   0.04839   0.14286
1987   31   0.10064   0.10050   0.02721   0.04157   0.12710
1987   32   0.09082   0.08670   0.02360   0.03862   0.12082
1987   33   0.07508   0.06917   0.02021   0.03432   0.11039
1987   34   0.06142   0.05670   0.01783   0.02890   0.10630
1987   35   0.05713   0.04622   0.01536   0.02767   0.09405
1987   36   0.04669   0.03571   0.01221   0.02254   0.08933
1987   37   0.03752   0.02570   0.01016   0.01809   0.07219
1987   38   0.03150   0.01888   0.00817   0.01548   0.06561
1987   39   0.01892   0.01068   0.00506   0.01041   0.04627
1987   40   0.01480   0.00882   0.00392   0.00916   0.04352
1987   41   0.00853   0.00465   0.00236   0.00561   0.02705
1987   42   0.00694   0.00312   0.00205   0.00387   0.01880
1987   43   0.00414   0.00184   0.00121   0.00295   0.01487
1987   44   0.00107   0.00052   0.00061   0.00120   0.00796
1987   45   0.00069   0.00038   0.00020   0.00065   0.00399
1987   46   0.00021   0.00017   0.00011   0.00020   0.00194
1987   47   0.00012   0.00011   0.00004   0.00007   0.00051
1987   48   0.00003   0.00005   0.00003   0.00012   0.00065
1987   49   0.00000   0.00002   0.00001   0.00001   0.00017
1987   50   0.00000   0.00001   0.00000   0.00000   0.00000
1987   51   0.00000   0.00001   0.00000   0.00000   0.00000
1987   52   0.00000   0.00000   0.00000   0.00000   0.00004
1987   53   0.00000   0.00000   0.00000   0.00000   0.00004
1987   54   0.00000   0.00000   0.00000   0.00000   0.00000
1987   55+  0.00000   0.00000   0.00000   0.00000   0.00000
1988   12-  0.00000         .         .         .         .
1988   13   0.00001         .         .         .         .
1988   14   0.00011   0.04897         .         .         .
1988   15   0.00135   0.03313   0.00000         .         .
1988   16   0.00892   0.03276   0.07052         .         .
1988   17   0.03329   0.04473   0.02580         .         .
1988   18   0.08941   0.05854   0.05429   0.04222         .
1988   19   0.17039   0.08125   0.05349   0.03696         .
1988   20   0.23003   0.09558   0.05331   0.10641   0.51145
1988   21   0.27794   0.11577   0.05420   0.07841   0.31059
1988   22   0.28689   0.12743   0.05095   0.08271   0.19843
1988   23   0.26200   0.13429   0.04986   0.08615   0.13576
1988   24   0.24407   0.14466   0.04791   0.08115   0.15065
1988   25   0.22986   0.14823   0.04163   0.07599   0.14114
1988   26   0.22023   0.15026   0.03882   0.06965   0.15387
1988   27   0.21353   0.13943   0.03500   0.06122   0.14456
1988   28   0.20996   0.13138   0.03232   0.05445   0.14141
1988   29   0.17811   0.12488   0.03056   0.05277   0.13855
1988   30   0.13124   0.11295   0.02652   0.04371   0.13119
1988   31   0.10423   0.09852   0.02511   0.03917   0.12766
1988   32   0.09455   0.08356   0.02141   0.03509   0.11275
1988   33   0.08178   0.06890   0.01876   0.02929   0.11136
1988   34   0.07031   0.05595   0.01661   0.02798   0.10196
1988   35   0.05594   0.04323   0.01320   0.02146   0.09012
1988   36   0.04756   0.03497   0.01113   0.01929   0.07901
1988   37   0.04153   0.02540   0.00882   0.01563   0.07179
1988   38   0.02982   0.01696   0.00659   0.01265   0.05754
1988   39   0.02393   0.01273   0.00548   0.01132   0.05237
1988   40   0.01528   0.00676   0.00293   0.00660   0.03418
1988   41   0.01171   0.00485   0.00274   0.00595   0.03155
1988   42   0.00645   0.00283   0.00155   0.00330   0.02083
1988   43   0.00323   0.00176   0.00086   0.00187   0.01275
1988   44   0.00188   0.00092   0.00045   0.00171   0.00815
1988   45   0.00107   0.00034   0.00018   0.00060   0.00335
1988   46   0.00017   0.00011   0.00009   0.00030   0.00182
1988   47   0.00021   0.00007   0.00003   0.00007   0.00082
1988   48   0.00019   0.00003   0.00001   0.00002   0.00020
1988   49   0.00014   0.00004   0.00000   0.00002   0.00015
1988   50   0.00003   0.00000   0.00001   0.00001   0.00000
1988   51   0.00000   0.00000   0.00000   0.00002   0.00013
1988   52   0.00003   0.00001   0.00001   0.00000   0.00000
1988   53   0.00003   0.00002   0.00001   0.00000   0.00008
1988   54   0.00000   0.00002   0.00000   0.00002   0.00000
1988   55+  0.00026   0.00019   0.00005   0.00000   0.00004
1989   12-  0.00000         .         .         .         .
1989   13   0.00001         .         .         .         .
1989   14   0.00015   0.03304         .         .         .
1989   15   0.00175   0.02744   0.00000         .         .
1989   16   0.01001   0.04000   0.00000         .         .
1989   17   0.03517   0.04927   0.03586   0.13196         .
1989   18   0.09142   0.06000   0.05031   0.07650         .
1989   19   0.16747   0.07643   0.03946   0.04799   0.16882
1989   20   0.23197   0.09210   0.05135   0.07510   0.18540
1989   21   0.26071   0.10547   0.05236   0.06495   0.07897
1989   22   0.27603   0.11903   0.05155   0.07741   0.09960
1989   23   0.26400   0.12613   0.04592   0.07584   0.10495
1989   24   0.22876   0.13126   0.04177   0.07882   0.12910
1989   25   0.20925   0.13765   0.03810   0.07458   0.13811
1989   26   0.19368   0.13488   0.03382   0.06262   0.13868
1989   27   0.19174   0.13177   0.03103   0.05430   0.15571
1989   28   0.19148   0.11986   0.02876   0.05237   0.13078
1989   29   0.18926   0.10985   0.02541   0.04484   0.11515
1989   30   0.15745   0.09758   0.02312   0.03781   0.12330
1989   31   0.11613   0.08891   0.02196   0.03563   0.12083
1989   32   0.08915   0.07307   0.01865   0.03070   0.10249
1989   33   0.07608   0.06154   0.01628   0.02550   0.10159
1989   34   0.07000   0.04972   0.01415   0.02400   0.09046
1989   35   0.05915   0.03917   0.01189   0.02017   0.08256
1989   36   0.04552   0.03014   0.00964   0.01734   0.07090
1989   37   0.03988   0.02247   0.00767   0.01439   0.06575
1989   38   0.03048   0.01631   0.00591   0.01239   0.05358
1989   39   0.02294   0.01033   0.00409   0.00931   0.04467
1989   40   0.01790   0.00751   0.00310   0.00763   0.03469
1989   41   0.01078   0.00407   0.00199   0.00458   0.02365
1989   42   0.00765   0.00242   0.00155   0.00418   0.02037
1989   43   0.00408   0.00150   0.00093   0.00188   0.01298
1989   44   0.00194   0.00069   0.00039   0.00074   0.00685
1989   45   0.00089   0.00026   0.00031   0.00057   0.00428
1989   46   0.00040   0.00016   0.00006   0.00019   0.00123
1989   47   0.00026   0.00009   0.00002   0.00006   0.00064
1989   48   0.00000   0.00001   0.00001   0.00002   0.00044
1989   49   0.00013   0.00002   0.00000   0.00000   0.00020
1989   50   0.00005   0.00000   0.00000   0.00000   0.00000
1989   51   0.00000   0.00000   0.00000   0.00000   0.00003
1989   52   0.00000   0.00000   0.00000   0.00000   0.00000
1989   53   0.00000   0.00000   0.00000   0.00000   0.00000
1989   54   0.00000   0.00000   0.00000   0.00000   0.00000
1989   55+  0.00000   0.00002   0.00001   0.00000   0.00000
1990   12-  0.00000         .         .         .         .
1990   13   0.00001         .         .         .         .
1990   14   0.00020   0.02853         .         .         .
1990   15   0.00223   0.02321   0.15364         .         .
1990   16   0.01212   0.03211   0.07695         .         .
1990   17   0.03957   0.04439   0.02715         .         .
1990   18   0.09645   0.05882   0.04635   0.09223         .
1990   19   0.17215   0.07020   0.04411   0.10933   0.00000
1990   20   0.23591   0.08345   0.04934   0.05423   0.10833
1990   21   0.27061   0.09912   0.05323   0.08201   0.14345
1990   22   0.25961   0.10743   0.04796   0.08105   0.10999
1990   23   0.25375   0.11530   0.04618   0.07502   0.14275
1990   24   0.22935   0.12150   0.04169   0.08354   0.14393
1990   25   0.20134   0.12119   0.03638   0.06952   0.14851
1990   26   0.18354   0.12296   0.03252   0.06289   0.14609
1990   27   0.17236   0.11856   0.02854   0.05469   0.13589
1990   28   0.16710   0.10996   0.02564   0.04795   0.13098
1990   29   0.17845   0.09592   0.02290   0.04009   0.12707
1990   30   0.18235   0.08530   0.02146   0.03606   0.11717
1990   31   0.14525   0.07407   0.01889   0.03277   0.10539
1990   32   0.09865   0.06424   0.01673   0.02788   0.09977
1990   33   0.07625   0.05209   0.01445   0.02494   0.09206
1990   34   0.06494   0.04314   0.01203   0.02189   0.07804
1990   35   0.05619   0.03344   0.01004   0.01924   0.07729
1990   36   0.04655   0.02552   0.00843   0.01566   0.06939
1990   37   0.03723   0.01742   0.00663   0.01336   0.05853
1990   38   0.03001   0.01380   0.00486   0.01018   0.05471
1990   39   0.02146   0.00898   0.00358   0.00818   0.04327
1990   40   0.01603   0.00600   0.00252   0.00607   0.03186
1990   41   0.01188   0.00409   0.00200   0.00418   0.02529
1990   42   0.00588   0.00177   0.00098   0.00315   0.01581
1990   43   0.00430   0.00143   0.00076   0.00219   0.01139
1990   44   0.00158   0.00060   0.00038   0.00089   0.00699
1990   45   0.00073   0.00024   0.00016   0.00033   0.00343
1990   46   0.00039   0.00004   0.00008   0.00027   0.00178
1990   47   0.00023   0.00005   0.00002   0.00019   0.00057
1990   48   0.00009   0.00003   0.00001   0.00002   0.00010
1990   49   0.00007   0.00000   0.00001   0.00000   0.00022
1990   50   0.00000   0.00001   0.00000   0.00000   0.00012
1990   51   0.00003   0.00000   0.00000   0.00000   0.00000
1990   52   0.00003   0.00001   0.00000   0.00000   0.00000
1990   53   0.00000   0.00000   0.00000   0.00000   0.00000
1990   54   0.00000   0.00000   0.00000   0.00000   0.00000
1990   55+  0.00004   0.00000   0.00001   0.00000   0.00004
1991   12-  0.00000         .         .         .         .
1991   13   0.00001         .         .         .         .
1991   14   0.00023   0.03213         .         .         .
1991   15   0.00258   0.02627   0.00000         .         .
1991   16   0.01361   0.03549   0.03306         .         .
1991   17   0.04332   0.04634   0.03702   0.00000         .
1991   18   0.09655   0.05769   0.03935   0.13288         .
1991   19   0.16885   0.06905   0.05049   0.09342   0.00000
1991   20   0.23340   0.08027   0.05040   0.06582   0.08927
1991   21   0.26651   0.09248   0.05027   0.07561   0.22811
1991   22   0.26729   0.09934   0.05117   0.09165   0.17808
1991   23   0.24091   0.10427   0.04592   0.08569   0.15504
1991   24   0.22600   0.10970   0.04163   0.08333   0.11552
1991   25   0.20470   0.11267   0.03565   0.07407   0.14001
1991   26   0.17232   0.10962   0.03135   0.06434   0.14390
1991   27   0.15932   0.10570   0.02859   0.05824   0.13559
1991   28   0.15262   0.09841   0.02481   0.05196   0.12750
1991   29   0.15392   0.08719   0.02259   0.04249   0.12636
1991   30   0.16252   0.07335   0.01959   0.03929   0.11381
1991   31   0.16347   0.06338   0.01731   0.03392   0.10522
1991   32   0.12915   0.05411   0.01456   0.02774   0.09736
1991   33   0.08672   0.04597   0.01351   0.02434   0.08806
1991   34   0.06542   0.03589   0.01125   0.02118   0.08172
1991   35   0.05481   0.02872   0.00914   0.01708   0.06830
1991   36   0.04549   0.02283   0.00744   0.01489   0.06112
1991   37   0.04003   0.01666   0.00622   0.01251   0.05614
1991   38   0.02908   0.01212   0.00441   0.00997   0.04565
1991   39   0.02243   0.00844   0.00356   0.00673   0.03877
1991   40   0.01631   0.00533   0.00258   0.00583   0.02894
1991   41   0.01005   0.00357   0.00162   0.00403   0.02275
1991   42   0.00701   0.00240   0.00118   0.00299   0.01674
1991   43   0.00432   0.00109   0.00066   0.00194   0.00866
1991   44   0.00225   0.00045   0.00039   0.00077   0.00670
1991   45   0.00088   0.00025   0.00017   0.00041   0.00353
1991   46   0.00033   0.00011   0.00001   0.00013   0.00175
1991   47   0.00006   0.00004   0.00002   0.00012   0.00048
1991   48   0.00006   0.00002   0.00000   0.00000   0.00025
1991   49   0.00013   0.00000   0.00001   0.00000   0.00005
1991   50   0.00000   0.00000   0.00000   0.00000   0.00004
1991   51   0.00000   0.00000   0.00000   0.00002   0.00004
1991   52   0.00000   0.00001   0.00000   0.00000   0.00000
1991   53   0.00000   0.00000   0.00000   0.00000   0.00000
1991   54   0.00003   0.00001   0.00000   0.00000   0.00000
1991   55+  0.00000   0.00000   0.00001   0.00000   0.00000
1992   12-  0.00000         .         .         .         .
1992   13   0.00001         .         .         .         .
1992   14   0.00028   0.02735         .         .         .
1992   15   0.00305   0.02611   0.00000         .         .
1992   16   0.01428   0.04346   0.02428         .         .
1992   17   0.04507   0.04996   0.02351   0.56715         .
1992   18   0.09945   0.05808   0.03876   0.14538         .
1992   19   0.16355   0.06808   0.04803   0.03473   0.20703
1992   20   0.21838   0.07705   0.04618   0.07697   0.12782
1992   21   0.25194   0.08372   0.04857   0.08384   0.07844
1992   22   0.25379   0.09063   0.05003   0.08882   0.15518
1992   23   0.23629   0.09682   0.04435   0.08175   0.15906
1992   24   0.20566   0.09762   0.04148   0.08099   0.14121
1992   25   0.19556   0.10027   0.03462   0.06995   0.13423
1992   26   0.17519   0.09742   0.03143   0.06299   0.13591
1992   27   0.14732   0.09248   0.02731   0.05366   0.13130
1992   28   0.13562   0.08805   0.02379   0.04681   0.13056
1992   29   0.12964   0.07791   0.02036   0.04246   0.11685
1992   30   0.13292   0.06819   0.01865   0.03429   0.11105
1992   31   0.13748   0.05463   0.01539   0.02983   0.10323
1992   32   0.14590   0.04671   0.01430   0.02733   0.09036
1992   33   0.11281   0.03864   0.01206   0.02282   0.08716
1992   34   0.07205   0.03288   0.01020   0.01981   0.07512
1992   35   0.05095   0.02550   0.00838   0.01701   0.06451
1992   36   0.04391   0.01953   0.00691   0.01355   0.05903
1992   37   0.03651   0.01438   0.00520   0.01081   0.04584
1992   38   0.02921   0.01033   0.00381   0.00922   0.04042
1992   39   0.02054   0.00698   0.00342   0.00686   0.03215
1992   40   0.01442   0.00494   0.00230   0.00548   0.02924
1992   41   0.01121   0.00325   0.00149   0.00430   0.02065
1992   42   0.00602   0.00184   0.00099   0.00234   0.01410
1992   43   0.00456   0.00107   0.00062   0.00151   0.00948
1992   44   0.00212   0.00037   0.00030   0.00092   0.00535
1992   45   0.00090   0.00017   0.00023   0.00041   0.00297
1992   46   0.00076   0.00017   0.00011   0.00019   0.00157
1992   47   0.00007   0.00002   0.00002   0.00007   0.00084
1992   48   0.00019   0.00002   0.00001   0.00006   0.00027
1992   49   0.00006   0.00000   0.00000   0.00000   0.00006
1992   50   0.00004   0.00000   0.00000   0.00000   0.00005
1992   51   0.00004   0.00000   0.00000   0.00000   0.00004
1992   52   0.00003   0.00000   0.00000   0.00000   0.00000
1992   53   0.00000   0.00000   0.00000   0.00000   0.00000
1992   54   0.00000   0.00000   0.00000   0.00000   0.00000
1992   55+  0.00000   0.00000   0.00000   0.00000   0.00000
1993   12-  0.00000         .         .         .         .
1993   13   0.00001         .         .         .         .
1993   14   0.00033   0.02144         .         .         .
1993   15   0.00350   0.01998   0.00000         .         .
1993   16   0.01501   0.03223   0.02518         .         .
1993   17   0.04541   0.04190   0.02674   0.00000         .
1993   18   0.09676   0.05440   0.03814   0.02410         .
1993   19   0.15337   0.06572   0.04436   0.07025   0.00000
1993   20   0.19594   0.07411   0.04878   0.05616   0.09843
1993   21   0.21968   0.07962   0.05015   0.08043   0.09424
1993   22   0.22552   0.08405   0.04751   0.08354   0.12915
1993   23   0.21952   0.08701   0.04311   0.08881   0.14354
1993   24   0.19752   0.09061   0.03976   0.08335   0.12987
1993   25   0.17396   0.08895   0.03436   0.07140   0.14105
1993   26   0.16641   0.08862   0.03041   0.06568   0.13559
1993   27   0.14686   0.08546   0.02676   0.05247   0.13113
1993   28   0.12338   0.07944   0.02226   0.04551   0.13477
1993   29   0.11115   0.07059   0.01907   0.03976   0.10899
1993   30   0.11301   0.06307   0.01712   0.03317   0.10116
1993   31   0.11479   0.05266   0.01485   0.02994   0.09832
1993   32   0.12473   0.04172   0.01305   0.02388   0.08687
1993   33   0.13067   0.03378   0.01125   0.02128   0.07721
1993   34   0.09454   0.02728   0.00929   0.01963   0.07521
1993   35   0.05624   0.02303   0.00764   0.01664   0.06107
1993   36   0.04097   0.01727   0.00637   0.01426   0.05656
1993   37   0.03342   0.01346   0.00495   0.01041   0.04627
1993   38   0.02618   0.00939   0.00371   0.00956   0.04090
1993   39   0.02279   0.00590   0.00306   0.00631   0.03378
1993   40   0.01390   0.00418   0.00201   0.00491   0.02827
1993   41   0.00959   0.00309   0.00144   0.00287   0.02130
1993   42   0.00698   0.00169   0.00083   0.00214   0.01391
1993   43   0.00337   0.00076   0.00041   0.00127   0.00947
1993   44   0.00184   0.00050   0.00029   0.00085   0.00644
1993   45   0.00085   0.00022   0.00013   0.00037   0.00334
1993   46   0.00040   0.00012   0.00006   0.00036   0.00152
1993   47   0.00023   0.00005   0.00003   0.00013   0.00063
1993   48   0.00013   0.00000   0.00001   0.00000   0.00023
1993   49   0.00000   0.00000   0.00000   0.00000   0.00007
1993   50   0.00000   0.00002   0.00000   0.00000   0.00006
1993   51   0.00000   0.00000   0.00000   0.00000   0.00000
1993   52   0.00000   0.00001   0.00000   0.00000   0.00000
1993   53   0.00000   0.00000   0.00000   0.00000   0.00000
1993   54   0.00000   0.00000   0.00000   0.00000   0.00000
1993   55+  0.00000   0.00000   0.00000   0.00000   0.00000
1994   12-  0.00000         .         .         .         .
1994   13   0.00002         .         .         .         .
1994   14   0.00035   0.04154         .         .         .
1994   15   0.00375   0.03229   0.07346         .         .
1994   16   0.01602   0.03447   0.05140         .         .
1994   17   0.04567   0.04429   0.03084   0.12329         .
1994   18   0.09315   0.05277   0.03571   0.07091         .
1994   19   0.14536   0.06240   0.04525   0.02964   0.11702
1994   20   0.18835   0.06860   0.04807   0.06688   0.16531
1994   21   0.20023   0.07181   0.04722   0.07692   0.13122
1994   22   0.20113   0.07543   0.04738   0.08619   0.10122
1994   23   0.19830   0.07678   0.04265   0.09336   0.12136
1994   24   0.19408   0.07917   0.03684   0.07453   0.11563
1994   25   0.17393   0.07964   0.03279   0.06774   0.12852
1994   26   0.15090   0.07663   0.02809   0.06126   0.13092
1994   27   0.14281   0.07532   0.02489   0.05513   0.13154
1994   28   0.13187   0.06944   0.02107   0.04778   0.12073
1994   29   0.10483   0.06237   0.01906   0.03700   0.11412
1994   30   0.09674   0.05521   0.01654   0.03406   0.10946
1994   31   0.09760   0.04698   0.01401   0.02948   0.08804
1994   32   0.10235   0.03874   0.01175   0.02411   0.09153
1994   33   0.11094   0.03011   0.01052   0.02047   0.07663
1994   34   0.11298   0.02433   0.00880   0.01777   0.06965
1994   35   0.08047   0.02042   0.00695   0.01564   0.05871
1994   36   0.04826   0.01509   0.00586   0.01255   0.05524
1994   37   0.03190   0.01129   0.00444   0.00991   0.04719
1994   38   0.02640   0.00805   0.00323   0.00842   0.03726
1994   39   0.02102   0.00571   0.00257   0.00605   0.03221
1994   40   0.01507   0.00425   0.00172   0.00553   0.02653
1994   41   0.00991   0.00271   0.00124   0.00317   0.01940
1994   42   0.00708   0.00150   0.00092   0.00258   0.01331
1994   43   0.00329   0.00078   0.00048   0.00123   0.00939
1994   44   0.00168   0.00061   0.00026   0.00083   0.00461
1994   45   0.00091   0.00019   0.00015   0.00035   0.00310
1994   46   0.00029   0.00011   0.00008   0.00016   0.00110
1994   47   0.00021   0.00004   0.00003   0.00003   0.00051
1994   48   0.00012   0.00003   0.00000   0.00003   0.00016
1994   49   0.00000   0.00000   0.00000   0.00000   0.00000
1994   50   0.00000   0.00000   0.00000   0.00000   0.00000
1994   51   0.00000   0.00000   0.00000   0.00003   0.00006
1994   52   0.00004   0.00000   0.00000   0.00000   0.00000
1994   53   0.00004   0.00000   0.00000   0.00000   0.00000
1994   54   0.00003   0.00000   0.00000   0.00000   0.00000
1994   55+  0.00000   0.00001   0.00000   0.00000   0.00000
1995   12-  0.00000         .         .         .         .
1995   13   0.00002         .         .         .         .
1995   14   0.00043   0.04475         .         .         .
1995   15   0.00439   0.03363   0.05147         .         .
1995   16   0.01675   0.03240   0.03280         .         .
1995   17   0.04526   0.04251   0.03004   0.10620         .
1995   18   0.08992   0.05184   0.04003   0.09217         .
1995   19   0.13698   0.06064   0.04597   0.05218   0.42355
1995   20   0.17468   0.06480   0.04798   0.07083   0.24171
1995   21   0.18800   0.06840   0.04790   0.07931   0.12080
1995   22   0.18333   0.07175   0.04771   0.08718   0.11200
1995   23   0.18041   0.07309   0.04304   0.09118   0.12724
1995   24   0.17815   0.07226   0.03627   0.07525   0.11613
1995   25   0.17215   0.07333   0.03256   0.07021   0.13701
1995   26   0.15402   0.07102   0.02838   0.06299   0.13508
1995   27   0.12945   0.06727   0.02402   0.05434   0.12706
1995   28   0.12826   0.06391   0.02111   0.04878   0.12082
1995   29   0.11147   0.05770   0.01863   0.03764   0.11234
1995   30   0.08877   0.05033   0.01585   0.03328   0.10623
1995   31   0.08230   0.04248   0.01330   0.02858   0.08753
1995   32   0.08180   0.03550   0.01098   0.02319   0.08731
1995   33   0.08126   0.02842   0.00977   0.01992   0.07534
1995   34   0.08860   0.02187   0.00793   0.01638   0.06599
1995   35   0.09306   0.01736   0.00639   0.01473   0.05576
1995   36   0.06364   0.01371   0.00540   0.01203   0.05092
1995   37   0.03499   0.01040   0.00417   0.00939   0.04377
1995   38   0.02295   0.00688   0.00291   0.00750   0.03279
1995   39   0.01760   0.00494   0.00233   0.00536   0.02752
1995   40   0.01258   0.00354   0.00149   0.00454   0.02199
1995   41   0.00907   0.00237   0.00114   0.00290   0.01753
1995   42   0.00571   0.00124   0.00079   0.00226   0.01151
1995   43   0.00320   0.00071   0.00045   0.00116   0.00846
1995   44   0.00180   0.00056   0.00027   0.00083   0.00438
1995   45   0.00076   0.00015   0.00012   0.00025   0.00215
1995   46   0.00026   0.00007   0.00007   0.00013   0.00135
1995   47   0.00014   0.00002   0.00002   0.00005   0.00061
1995   48   0.00005   0.00001   0.00000   0.00000   0.00007
1995   49   0.00000   0.00000   0.00000   0.00000   0.00000
1995   50   0.00007   0.00000   0.00000   0.00003   0.00000
1995   51   0.00000   0.00000   0.00000   0.00000   0.00000
1995   52   0.00000   0.00000   0.00000   0.00000   0.00000
1995   53   0.00000   0.00000   0.00000   0.00000   0.00000
1995   54   0.00000   0.00000   0.00000   0.00000   0.00000
1995   55+  0.00000   0.00000   0.00000   0.00000   0.00000
1996   12-  0.00000         .         .         .         .
1996   13   0.00002         .         .         .         .
1996   14   0.00040   0.04381         .         .         .
1996   15   0.00411   0.03162   0.04824         .         .
1996   16   0.01557   0.02856   0.03207         .         .
1996   17   0.04175   0.03942   0.02775   0.10385         .
1996   18   0.08586   0.05144   0.04346   0.08751         .
1996   19   0.12908   0.05845   0.04560   0.07774   0.28809
1996   20   0.16323   0.06295   0.04921   0.07657   0.19646
1996   21   0.17706   0.06557   0.04850   0.08242   0.13243
1996   22   0.17613   0.06856   0.04777   0.08773   0.12054
1996   23   0.16598   0.06913   0.04269   0.08785   0.13370
1996   24   0.16096   0.06808   0.03643   0.07646   0.11878
1996   25   0.15541   0.06673   0.03168   0.07005   0.13960
1996   26   0.14868   0.06436   0.02782   0.06279   0.13561
1996   27   0.13302   0.06261   0.02416   0.05632   0.13034
1996   28   0.11357   0.05686   0.02023   0.04734   0.11614
1996   29   0.10620   0.05295   0.01833   0.03863   0.11089
1996   30   0.09507   0.04714   0.01584   0.03418   0.10634
1996   31   0.07484   0.03923   0.01308   0.02851   0.09009
1996   32   0.06958   0.03316   0.01075   0.02298   0.08627
1996   33   0.06419   0.02680   0.00932   0.01995   0.07568
1996   34   0.06594   0.02120   0.00759   0.01597   0.06556
1996   35   0.07211   0.01559   0.00611   0.01445   0.05586
1996   36   0.07549   0.01236   0.00503   0.01180   0.04883
1996   37   0.04702   0.00934   0.00399   0.00919   0.04244
1996   38   0.02687   0.00671   0.00302   0.00784   0.03409
1996   39   0.01586   0.00432   0.00222   0.00531   0.02696
1996   40   0.01126   0.00341   0.00153   0.00450   0.02255
1996   41   0.00812   0.00211   0.00104   0.00253   0.01507
1996   42   0.00504   0.00108   0.00073   0.00227   0.01110
1996   43   0.00291   0.00064   0.00043   0.00110   0.00768
1996   44   0.00141   0.00038   0.00021   0.00070   0.00383
1996   45   0.00066   0.00014   0.00011   0.00029   0.00214
1996   46   0.00013   0.00006   0.00004   0.00011   0.00078
1996   47   0.00004   0.00001   0.00001   0.00005   0.00036
1996   48   0.00005   0.00000   0.00000   0.00000   0.00000
1996   49   0.00000   0.00000   0.00000   0.00000   0.00000
1996   50   0.00006   0.00000   0.00000   0.00003   0.00000
1996   51   0.00000   0.00000   0.00000   0.00000   0.00000
1996   52   0.00000   0.00000   0.00000   0.00000   0.00000
1996   53   0.00000   0.00000   0.00000   0.00000   0.00000
1996   54   0.00000   0.00000   0.00000   0.00000   0.00000
1996   55+  0.00000   0.00000   0.00000   0.00000   0.00000
1997   12-  0.00000         .         .         .         .
1997   13   0.00001         .         .         .         .
1997   14   0.00033   0.04405         .         .         .
1997   15   0.00351   0.03090   0.05262         .         .
1997   16   0.01420   0.02691   0.03461         .         .
1997   17   0.03753   0.03788   0.02698   0.00000         .
1997   18   0.07579   0.04882   0.04556   0.06419         .
1997   19   0.11687   0.05597   0.04564   0.08649   0.42925
1997   20   0.14756   0.05903   0.04842   0.07726   0.28994
1997   21   0.16219   0.06177   0.04823   0.08377   0.13003
1997   22   0.16555   0.06484   0.04734   0.08828   0.12687
1997   23   0.15985   0.06677   0.04355   0.08815   0.14378
1997   24   0.14955   0.06494   0.03675   0.07849   0.12461
1997   25   0.14038   0.06337   0.03147   0.07082   0.14490
1997   26   0.13682   0.06108   0.02831   0.06442   0.13749
1997   27   0.13039   0.05790   0.02391   0.05764   0.13215
1997   28   0.11755   0.05402   0.02089   0.05022   0.12212
1997   29   0.09609   0.04944   0.01815   0.03981   0.10969
1997   30   0.09159   0.04420   0.01592   0.03532   0.10572
1997   31   0.08104   0.03751   0.01354   0.03026   0.09691
1997   32   0.06361   0.03134   0.01086   0.02353   0.08821
1997   33   0.05483   0.02583   0.00922   0.02033   0.07661
1997   34   0.05341   0.02051   0.00753   0.01637   0.06768
1997   35   0.05804   0.01651   0.00668   0.01611   0.06233
1997   36   0.05874   0.01193   0.00492   0.01211   0.04934
1997   37   0.06078   0.00887   0.00403   0.00949   0.04343
1997   38   0.03816   0.00620   0.00304   0.00782   0.03380
1997   39   0.02056   0.00452   0.00250   0.00606   0.02998
1997   40   0.01025   0.00306   0.00149   0.00433   0.02236
1997   41   0.00705   0.00191   0.00103   0.00257   0.01574
1997   42   0.00487   0.00108   0.00073   0.00227   0.01086
1997   43   0.00287   0.00057   0.00041   0.00106   0.00697
1997   44   0.00151   0.00034   0.00023   0.00083   0.00455
1997   45   0.00046   0.00009   0.00008   0.00022   0.00154
1997   46   0.00018   0.00005   0.00005   0.00007   0.00070
1997   47   0.00009   0.00002   0.00001   0.00011   0.00061
1997   48   0.00004   0.00001   0.00000   0.00000   0.00030
1997   49   0.00000   0.00000   0.00000   0.00000   0.00000
1997   50   0.00005   0.00000   0.00000   0.00000   0.00000
1997   51   0.00000   0.00000   0.00000   0.00000   0.00000
1997   52   0.00000   0.00000   0.00000   0.00000   0.00000
1997   53   0.00000   0.00000   0.00000   0.00000   0.00000
1997   54   0.00000   0.00000   0.00000   0.00000   0.00000
1997   55+  0.00000   0.00000   0.00000   0.00000   0.00000
1998   12-  0.00000         .         .         .         .
1998   13   0.00001         .         .         .         .
1998   14   0.00030   0.04884         .         .         .
1998   15   0.00308   0.03204   0.04802         .         .
1998   16   0.01280   0.02618   0.01304         .         .
1998   17   0.03360   0.03769   0.02686   0.00000         .
1998   18   0.06643   0.04812   0.04790   0.08672         .
1998   19   0.10561   0.05512   0.04617   0.10163   0.49283
1998   20   0.13679   0.05864   0.05061   0.08470   0.24711
1998   21   0.14857   0.05932   0.04899   0.08728   0.12760
1998   22   0.15151   0.06165   0.04746   0.08847   0.13760
1998   23   0.15238   0.06348   0.04324   0.08430   0.15350
1998   24   0.14215   0.06120   0.03681   0.07996   0.12850
1998   25   0.12942   0.06024   0.03106   0.07143   0.15089
1998   26   0.12035   0.05803   0.02826   0.06419   0.13713
1998   27   0.11558   0.05391   0.02362   0.05853   0.13199
1998   28   0.11302   0.04970   0.02053   0.05076   0.12350
1998   29   0.09927   0.04726   0.01837   0.04243   0.11261
1998   30   0.07972   0.04070   0.01585   0.03625   0.10506
1998   31   0.07744   0.03531   0.01358   0.03082   0.09936
1998   32   0.06714   0.02941   0.01107   0.02440   0.09030
1998   33   0.05172   0.02573   0.00962   0.02183   0.08228
1998   34   0.04526   0.01964   0.00757   0.01666   0.06929
1998   35   0.04441   0.01506   0.00652   0.01618   0.06206
1998   36   0.04179   0.01202   0.00495   0.01285   0.05076
1998   37   0.04536   0.00819   0.00391   0.00942   0.04345
1998   38   0.04856   0.00573   0.00310   0.00807   0.03528
1998   39   0.03124   0.00429   0.00261   0.00637   0.03037
1998   40   0.01310   0.00317   0.00162   0.00454   0.02306
1998   41   0.00749   0.00197   0.00114   0.00283   0.01709
1998   42   0.00472   0.00111   0.00077   0.00240   0.01129
1998   43   0.00310   0.00062   0.00043   0.00113   0.00710
1998   44   0.00161   0.00032   0.00023   0.00081   0.00397
1998   45   0.00074   0.00013   0.00014   0.00035   0.00216
1998   46   0.00014   0.00004   0.00006   0.00013   0.00095
1998   47   0.00004   0.00001   0.00002   0.00009   0.00058
1998   48   0.00004   0.00000   0.00000   0.00000   0.00022
1998   49   0.00009   0.00000   0.00000   0.00000   0.00000
1998   50   0.00005   0.00000   0.00000   0.00003   0.00000
1998   51   0.00000   0.00000   0.00000   0.00000   0.00000
1998   52   0.00000   0.00000   0.00000   0.00000   0.00000
1998   53   0.00000   0.00000   0.00000   0.00000   0.00000
1998   54   0.00000   0.00000   0.00000   0.00000   0.00000
1998   55+  0.00000   0.00000   0.00000   0.00000   0.00000
1999   12-  0.00000         .         .         .         .
1999   13   0.00001         .         .         .         .
1999   14   0.00025   0.05569         .         .         .
1999   15   0.00251   0.03438   0.05267         .         .
1999   16   0.01008   0.02454   0.01443         .         .
1999   17   0.02723   0.03559   0.02522   0.00000         .
1999   18   0.05608   0.04789   0.05022   0.11853         .
1999   19   0.08997   0.05320   0.04573   0.12948   0.22744
1999   20   0.11758   0.05593   0.05045   0.08454   0.21035
1999   21   0.13506   0.05715   0.04964   0.08894   0.12884
1999   22   0.13676   0.05745   0.04636   0.08743   0.13793
1999   23   0.13457   0.05819   0.04188   0.07962   0.14937
1999   24   0.13772   0.05786   0.03635   0.08041   0.13215
1999   25   0.12453   0.05738   0.03081   0.07258   0.15493
1999   26   0.10732   0.05496   0.02814   0.06372   0.13764
1999   27   0.10051   0.05158   0.02343   0.05899   0.13189
1999   28   0.10065   0.04744   0.02063   0.05192   0.12503
1999   29   0.09260   0.04285   0.01738   0.04245   0.10913
1999   30   0.08309   0.03923   0.01599   0.03759   0.10642
1999   31   0.06585   0.03244   0.01364   0.03168   0.10299
1999   32   0.06507   0.02853   0.01146   0.02556   0.09197
1999   33   0.05103   0.02280   0.00900   0.02112   0.07920
1999   34   0.04313   0.01953   0.00791   0.01754   0.07304
1999   35   0.03673   0.01397   0.00658   0.01637   0.06198
1999   36   0.03210   0.01171   0.00497   0.01367   0.05184
1999   37   0.03265   0.00825   0.00403   0.00985   0.04430
1999   38   0.03657   0.00530   0.00304   0.00786   0.03446
1999   39   0.03758   0.00359   0.00244   0.00612   0.02867
1999   40   0.01847   0.00285   0.00164   0.00457   0.02359
1999   41   0.00922   0.00199   0.00122   0.00303   0.01799
1999   42   0.00411   0.00097   0.00070   0.00236   0.01113
1999   43   0.00306   0.00063   0.00048   0.00130   0.00798
1999   44   0.00159   0.00027   0.00023   0.00084   0.00378
1999   45   0.00048   0.00010   0.00009   0.00023   0.00171
1999   46   0.00019   0.00004   0.00006   0.00012   0.00096
1999   47   0.00000   0.00001   0.00000   0.00004   0.00030
1999   48   0.00004   0.00001   0.00001   0.00000   0.00035
1999   49   0.00004   0.00000   0.00001   0.00000   0.00000
1999   50   0.00005   0.00000   0.00000   0.00000   0.00006
1999   51   0.00005   0.00000   0.00000   0.00000   0.00000
1999   52   0.00000   0.00000   0.00000   0.00000   0.00000
1999   53   0.00006   0.00000   0.00000   0.00000   0.00000
1999   54   0.00000   0.00000   0.00000   0.00000   0.00000
1999   55+  0.00000   0.00000   0.00000   0.00000   0.00000
2000   12-  0.00000         .         .         .         .
2000   13   0.00001         .         .         .         .
2000   14   0.00022   0.02171         .         .         .
2000   15   0.00219   0.01867   0.00000         .         .
2000   16   0.00919   0.02594   0.03310         .         .
2000   17   0.02478   0.03193   0.04756   0.00000         .
2000   18   0.05162   0.04646   0.04494   0.14862         .
2000   19   0.08167   0.05011   0.04454   0.07737   0.08302
2000   20   0.11221   0.05428   0.04937   0.07893   0.16493
2000   21   0.12708   0.05631   0.04839   0.07735   0.06728
2000   22   0.13579   0.05760   0.04444   0.07206   0.09936
2000   23   0.13503   0.05764   0.04031   0.08965   0.10008
2000   24   0.13055   0.05652   0.03554   0.08792   0.10830
2000   25   0.12334   0.05722   0.03228   0.07561   0.13682
2000   26   0.11146   0.05405   0.02826   0.07021   0.13916
2000   27   0.09662   0.05256   0.02386   0.05312   0.12991
2000   28   0.09126   0.04794   0.02168   0.04617   0.11324
2000   29   0.08509   0.04364   0.01827   0.04252   0.11836
2000   30   0.08379   0.03886   0.01604   0.03722   0.10029
2000   31   0.06947   0.03400   0.01371   0.03342   0.09570
2000   32   0.05834   0.02774   0.01227   0.02523   0.08967
2000   33   0.05226   0.02330   0.00997   0.02295   0.08009
2000   34   0.04303   0.01790   0.00826   0.01940   0.06965
2000   35   0.03460   0.01457   0.00619   0.01627   0.06020
2000   36   0.02760   0.01112   0.00575   0.01365   0.05394
2000   37   0.02547   0.00821   0.00423   0.00941   0.04333
2000   38   0.02225   0.00575   0.00338   0.00741   0.03861
2000   39   0.01956   0.00398   0.00228   0.00598   0.02920
2000   40   0.01688   0.00263   0.00162   0.00439   0.02199
2000   41   0.01156   0.00170   0.00115   0.00291   0.01722
2000   42   0.00494   0.00118   0.00081   0.00187   0.01200
2000   43   0.00223   0.00068   0.00048   0.00130   0.00698
2000   44   0.00122   0.00035   0.00022   0.00083   0.00374
2000   45         .         .         .         .         .
2000   46         .         .         .         .         .
2000   47         .         .         .         .         .
2000   48         .         .         .         .         .
2000   49         .         .         .         .         .
2000   50         .         .         .         .         .
2000   51         .         .         .         .         .
2000   52         .         .         .         .         .
2000   53         .         .         .         .         .
2000   54         .         .         .         .         .
2000   55+        .         .         .         .         .
2001   12-  0.00000         .         .         .         .
2001   13   0.00001         .         .         .         .
2001   14   0.00025   0.03011         .         .         .
2001   15   0.00227   0.02250   0.15845         .         .
2001   16   0.00833   0.02312   0.00000         .         .
2001   17   0.02213   0.03541   0.03246   0.00000         .
2001   18   0.04557   0.04541   0.04100   0.15424         .
2001   19   0.07338   0.04999   0.04755   0.05418   0.11278
2001   20   0.09817   0.05099   0.04999   0.09189   0.06375
2001   21   0.11539   0.05538   0.04657   0.09266   0.05868
2001   22   0.12534   0.05534   0.04017   0.07541   0.07950
2001   23   0.13481   0.05682   0.04298   0.08923   0.18867
2001   24   0.12508   0.05480   0.03334   0.07892   0.12559
2001   25   0.11911   0.05628   0.02960   0.07360   0.12709
2001   26   0.11422   0.05621   0.02676   0.07307   0.12735
2001   27   0.09736   0.05182   0.02357   0.05518   0.12340
2001   28   0.08250   0.04859   0.02155   0.04678   0.13348
2001   29   0.07816   0.04505   0.01928   0.04575   0.10464
2001   30   0.07305   0.03859   0.01611   0.03788   0.10070
2001   31   0.07490   0.03449   0.01417   0.03511   0.09034
2001   32   0.06279   0.02921   0.01282   0.02596   0.08410
2001   33   0.05102   0.02472   0.01069   0.02386   0.07929
2001   34   0.04253   0.01893   0.00891   0.01965   0.06990
2001   35   0.03779   0.01499   0.00709   0.01494   0.06122
2001   36   0.03010   0.01171   0.00556   0.01308   0.05772
2001   37   0.02281   0.00876   0.00425   0.01044   0.04701
2001   38   0.02008   0.00628   0.00326   0.00766   0.03344
2001   39   0.01565   0.00409   0.00226   0.00668   0.03151
2001   40   0.01306   0.00268   0.00181   0.00422   0.02083
2001   41   0.01001   0.00198   0.00125   0.00302   0.01749
2001   42   0.00804   0.00109   0.00082   0.00219   0.01021
2001   43   0.00221   0.00059   0.00049   0.00100   0.00792
2001   44   0.00122   0.00033   0.00021   0.00064   0.00386
2001   45   0.00041   0.00009   0.00009   0.00044   0.00187
2001   46         .         .         .         .         .
2001   47         .         .         .         .         .
2001   48         .         .         .         .         .
2001   49         .         .         .         .         .
2001   50         .         .         .         .         .
2001   51         .         .         .         .         .
2001   52         .         .         .         .         .
2001   53         .         .         .         .         .
2001   54         .         .         .         .         .
2001   55+        .         .         .         .         .
2002   12-  0.00000         .         .         .         .
2002   13   0.00001         .         .         .         .
2002   14   0.00025   0.03461         .         .         .
2002   15   0.00228   0.02778   0.00000         .         .
2002   16   0.00827   0.03159   0.02097         .         .
2002   17   0.02204   0.03582   0.04066   0.00000         .
2002   18   0.04421   0.04742   0.06585   0.08612         .
2002   19   0.07001   0.05188   0.05258   0.12583   0.10331
2002   20   0.09513   0.05604   0.04836   0.10304   0.10791
2002   21   0.11048   0.05546   0.04931   0.09014   0.09030
2002   22   0.11978   0.05781   0.04780   0.09034   0.08648
2002   23   0.12724   0.05828   0.04274   0.08828   0.12403
2002   24   0.13057   0.05899   0.04030   0.08365   0.15029
2002   25   0.12243   0.05905   0.03328   0.07873   0.12900
2002   26   0.11116   0.05776   0.03070   0.06161   0.12295
2002   27   0.10207   0.05820   0.02619   0.05759   0.14992
2002   28   0.08632   0.05362   0.02295   0.05532   0.14104
2002   29   0.07349   0.05000   0.02071   0.04416   0.11465
2002   30   0.06867   0.04525   0.01835   0.04130   0.10420
2002   31   0.06490   0.03823   0.01611   0.03454   0.10330
2002   32   0.06102   0.03204   0.01327   0.03057   0.08805
2002   33   0.04871   0.02661   0.01176   0.02760   0.08413
2002   34   0.04007   0.02069   0.01028   0.02121   0.07848
2002   35   0.03748   0.01632   0.00812   0.01866   0.06634
2002   36   0.02882   0.01231   0.00629   0.01498   0.05894
2002   37   0.02039   0.00953   0.00482   0.01268   0.04923
2002   38   0.01715   0.00672   0.00385   0.00874   0.03806
2002   39   0.01400   0.00489   0.00263   0.00669   0.03442
2002   40   0.01095   0.00323   0.00210   0.00473   0.02259
2002   41   0.00776   0.00177   0.00121   0.00339   0.01720
2002   42   0.00626   0.00111   0.00074   0.00223   0.01216
2002   43   0.00332   0.00058   0.00056   0.00126   0.00621
2002   44   0.00175   0.00028   0.00023   0.00055   0.00418
2002   45   0.00036   0.00017   0.00009   0.00028   0.00114
2002   46   0.00045   0.00005   0.00006   0.00016   0.00071
2002   47         .         .         .         .         .
2002   48         .         .         .         .         .
2002   49         .         .         .         .         .
2002   50         .         .         .         .         .
2002   51         .         .         .         .         .
2002   52         .         .         .         .         .
2002   53         .         .         .         .         .
2002   54         .         .         .         .         .
2002   55+        .         .         .         .         .
2003   12-  0.00000         .         .         .         .
2003   13   0.00001         .         .         .         .
2003   14   0.00026   0.01687         .         .         .
2003   15   0.00233   0.01635   0.00000         .         .
2003   16   0.00860   0.02889   0.04073         .         .
2003   17   0.02090   0.04080   0.02999   0.00000         .
2003   18   0.04207   0.05016   0.04146   0.03426         .
2003   19   0.06827   0.05357   0.04642   0.06368   0.00000
2003   20   0.09356   0.05534   0.04975   0.09025   0.13786
2003   21   0.11061   0.05718   0.05130   0.10400   0.08415
2003   22   0.11680   0.05829   0.04601   0.10600   0.11322
2003   23   0.12537   0.06058   0.04390   0.09325   0.13819
2003   24   0.12922   0.06078   0.03829   0.09126   0.15199
2003   25   0.13051   0.06199   0.03734   0.08459   0.13952
2003   26   0.11711   0.06136   0.03169   0.07457   0.15793
2003   27   0.10426   0.05896   0.02744   0.05972   0.14367
2003   28   0.09133   0.05809   0.02505   0.05561   0.12987
2003   29   0.07952   0.05461   0.02273   0.04809   0.12650
2003   30   0.06765   0.05044   0.02056   0.04210   0.13373
2003   31   0.05937   0.04404   0.01748   0.03402   0.10455
2003   32   0.05727   0.03485   0.01518   0.02973   0.09867
2003   33   0.05403   0.02951   0.01299   0.02696   0.09203
2003   34   0.04489   0.02335   0.01145   0.02391   0.07821
2003   35   0.03501   0.01840   0.00931   0.02071   0.06754
2003   36   0.02999   0.01461   0.00710   0.01674   0.05866
2003   37   0.02561   0.01057   0.00547   0.01224   0.05368
2003   38   0.01617   0.00763   0.00435   0.00905   0.04051
2003   39   0.01379   0.00516   0.00303   0.00769   0.03144
2003   40   0.01094   0.00339   0.00221   0.00505   0.02680
2003   41   0.00780   0.00215   0.00146   0.00323   0.01780
2003   42   0.00614   0.00120   0.00086   0.00246   0.01303
2003   43   0.00447   0.00057   0.00052   0.00122   0.00691
2003   44   0.00245   0.00033   0.00024   0.00069   0.00427
2003   45   0.00083   0.00012   0.00009   0.00042   0.00218
2003   46   0.00024   0.00013   0.00005   0.00016   0.00051
2003   47   0.00011   0.00003   0.00001   0.00000   0.00033
2003   48         .         .         .         .         .
2003   49         .         .         .         .         .
2003   50         .         .         .         .         .
2003   51         .         .         .         .         .
2003   52         .         .         .         .         .
2003   53         .         .         .         .         .
2003   54         .         .         .         .         .
2003   55+        .         .         .         .         .
2004   12-  0.00000         .         .         .         .
2004   13   0.00001         .         .         .         .
2004   14   0.00028   0.05080         .         .         .
2004   15   0.00246   0.03574   0.06368         .         .
2004   16   0.00881   0.03103   0.00000         .         .
2004   17   0.02233   0.03960   0.04282   0.00000         .
2004   18   0.04281   0.04609   0.05527   0.21571         .
2004   19   0.06716   0.05312   0.04978   0.10543   0.00000
2004   20   0.09138   0.05519   0.05178   0.09891   0.12176
2004   21   0.10982   0.05738   0.05310   0.08705   0.02848
2004   22   0.12046   0.05972   0.05350   0.09229   0.09098
2004   23   0.12593   0.05761   0.04545   0.11114   0.14822
2004   24   0.13055   0.05980   0.04225   0.08638   0.13162
2004   25   0.13291   0.06178   0.03859   0.07952   0.16840
2004   26   0.12734   0.06294   0.03190   0.08175   0.17305
2004   27   0.11191   0.06216   0.02931   0.06714   0.15074
2004   28   0.09636   0.05981   0.02455   0.05730   0.13686
2004   29   0.08388   0.05642   0.02265   0.04940   0.12780
2004   30   0.07339   0.05329   0.02039   0.04724   0.11977
2004   31   0.06255   0.04661   0.01842   0.03873   0.11332
2004   32   0.05450   0.03951   0.01613   0.03319   0.10849
2004   33   0.05272   0.03164   0.01346   0.02858   0.08671
2004   34   0.04943   0.02674   0.01195   0.02561   0.07843
2004   35   0.04192   0.02061   0.01064   0.02181   0.07589
2004   36   0.02985   0.01557   0.00840   0.01648   0.06899
2004   37   0.02459   0.01223   0.00642   0.01545   0.05284
2004   38   0.01996   0.00781   0.00487   0.01160   0.04430
2004   39   0.01369   0.00535   0.00382   0.00781   0.03431
2004   40   0.01187   0.00372   0.00247   0.00645   0.02952
2004   41   0.00720   0.00221   0.00173   0.00381   0.01889
2004   42   0.00556   0.00140   0.00105   0.00245   0.01188
2004   43   0.00386   0.00077   0.00054   0.00157   0.00789
2004   44   0.00214   0.00041   0.00031   0.00071   0.00359
2004   45   0.00067   0.00013   0.00012   0.00033   0.00281
2004   46   0.00044   0.00004   0.00006   0.00023   0.00115
2004   47   0.00012   0.00002   0.00003   0.00002   0.00064
2004   48   0.00008   0.00001   0.00002   0.00002   0.00020
2004   49         .         .         .         .         .
2004   50         .         .         .         .         .
2004   51         .         .         .         .         .
2004   52         .         .         .         .         .
2004   53         .         .         .         .         .
2004   54         .         .         .         .         .
2004   55+        .         .         .         .         .
2005   12-  0.00000         .         .         .         .
2005   13   0.00001         .         .         .         .
2005   14   0.00025   0.01242         .         .         .
2005   15   0.00228   0.01413   0.00000         .         .
2005   16   0.00836   0.03607   0.05667         .         .
2005   17   0.02104   0.04341   0.02502         .         .
2005   18   0.04123   0.05257   0.06438   0.12095         .
2005   19   0.06266   0.05356   0.05854   0.04678   0.00000
2005   20   0.08416   0.05628   0.06051   0.12408   0.18528
2005   21   0.09846   0.05591   0.05768   0.11216   0.05590
2005   22   0.11057   0.05813   0.05084   0.11404   0.13234
2005   23   0.11762   0.05986   0.05041   0.10287   0.10835
2005   24   0.12291   0.06085   0.04413   0.09199   0.15675
2005   25   0.12290   0.06256   0.03962   0.09020   0.15690
2005   26   0.12140   0.06372   0.03510   0.07856   0.15472
2005   27   0.11352   0.06260   0.03050   0.07308   0.15802
2005   28   0.09882   0.06185   0.02727   0.06033   0.14859
2005   29   0.08277   0.05882   0.02379   0.05363   0.13321
2005   30   0.07526   0.05463   0.02172   0.04553   0.13427
2005   31   0.06433   0.05008   0.02047   0.04422   0.12725
2005   32   0.05214   0.04310   0.01773   0.03667   0.10793
2005   33   0.04636   0.03553   0.01582   0.03102   0.09718
2005   34   0.04446   0.02861   0.01302   0.02802   0.08516
2005   35   0.03954   0.02157   0.01156   0.02357   0.07966
2005   36   0.03312   0.01754   0.00913   0.02187   0.06644
2005   37   0.02330   0.01219   0.00724   0.01538   0.05710
2005   38   0.02135   0.00954   0.00561   0.01164   0.04665
2005   39   0.01582   0.00631   0.00374   0.00903   0.03619
2005   40   0.00986   0.00417   0.00289   0.00671   0.02878
2005   41   0.00727   0.00262   0.00180   0.00468   0.02085
2005   42   0.00466   0.00148   0.00111   0.00266   0.01362
2005   43   0.00364   0.00085   0.00062   0.00167   0.01009
2005   44   0.00228   0.00043   0.00028   0.00096   0.00450
2005   45   0.00086   0.00009   0.00014   0.00026   0.00255
2005   46   0.00045   0.00009   0.00007   0.00033   0.00071
2005   47   0.00055   0.00002   0.00003   0.00002   0.00019
2005   48   0.00012   0.00001   0.00002   0.00002   0.00006
2005   49   0.00000   0.00001   0.00001   0.00002   0.00020
2005   50         .         .         .         .         .
2005   51         .         .         .         .         .
2005   52         .         .         .         .         .
2005   53         .         .         .         .         .
2005   54         .         .         .         .         .
2005   55+        .         .         .         .         .
2006   12-  0.00000         .         .         .         .
2006   13   0.00001         .         .         .         .
2006   14   0.00028   0.05807         .         .         .
2006   15   0.00241   0.04521   0.00000         .         .
2006   16   0.00824   0.04548   0.07484         .         .
2006   17   0.02031   0.04757   0.03607   0.30987         .
2006   18   0.04128   0.05866   0.07524   0.14154         .
2006   19   0.06454   0.06323   0.06883   0.07802   0.00000
2006   20   0.08399   0.06373   0.06138   0.14867   0.09436
2006   21   0.09841   0.06518   0.06471   0.10847   0.12637
2006   22   0.10872   0.06759   0.05946   0.11032   0.14655
2006   23   0.11916   0.06762   0.05175   0.10339   0.15934
2006   24   0.12473   0.07094   0.04885   0.11132   0.18668
2006   25   0.12610   0.07094   0.04359   0.10012   0.16679
2006   26   0.12116   0.07280   0.03955   0.07899   0.17403
2006   27   0.11476   0.07195   0.03612   0.07599   0.16472
2006   28   0.10464   0.07319   0.03295   0.07163   0.15684
2006   29   0.08981   0.06772   0.02866   0.06494   0.15503
2006   30   0.07491   0.06340   0.02679   0.05164   0.13366
2006   31   0.06619   0.05728   0.02326   0.04625   0.12192
2006   32   0.05529   0.04962   0.02080   0.04068   0.12321
2006   33   0.04546   0.04174   0.01892   0.03866   0.10933
2006   34   0.04145   0.03388   0.01585   0.03115   0.09664
2006   35   0.03779   0.02665   0.01320   0.02622   0.08785
2006   36   0.03528   0.02023   0.01138   0.02578   0.08035
2006   37   0.02611   0.01460   0.00871   0.01873   0.06477
2006   38   0.01650   0.01017   0.00652   0.01467   0.04924
2006   39   0.01617   0.00723   0.00474   0.01121   0.04168
2006   40   0.00993   0.00440   0.00306   0.00713   0.03460
2006   41   0.00687   0.00280   0.00199   0.00468   0.02368
2006   42   0.00469   0.00193   0.00126   0.00329   0.01643
2006   43   0.00281   0.00090   0.00074   0.00168   0.00929
2006   44   0.00235   0.00049   0.00033   0.00112   0.00531
2006   45   0.00099   0.00011   0.00018   0.00052   0.00201
2006   46   0.00072   0.00010   0.00006   0.00009   0.00118
2006   47   0.00038   0.00003   0.00002   0.00002   0.00052
2006   48   0.00000   0.00005   0.00000   0.00000   0.00019
2006   49   0.00012   0.00003   0.00001   0.00000   0.00000
2006   50   0.00000   0.00001   0.00000   0.00000   0.00000
2006   51         .         .         .         .         .
2006   52         .         .         .         .         .
2006   53         .         .         .         .         .
2006   54         .         .         .         .         .
2006   55+        .         .         .         .         .
2007   12-  0.00000         .         .         .         .
2007   13   0.00001         .         .         .         .
2007   14   0.00029   0.03684         .         .         .
2007   15   0.00252   0.03155   0.00000         .         .
2007   16   0.00911   0.04053   0.01673         .         .
2007   17   0.02150   0.04766   0.06084   0.00000         .
2007   18   0.04172   0.06099   0.05859   0.19538         .
2007   19   0.06510   0.06668   0.06364   0.10043   0.00000
2007   20   0.08517   0.06869   0.07142   0.11338   0.05924
2007   21   0.09564   0.06735   0.06194   0.11130   0.09039
2007   22   0.10709   0.06850   0.05837   0.12477   0.14635
2007   23   0.11488   0.07017   0.05488   0.09387   0.16027
2007   24   0.12423   0.07046   0.04921   0.10271   0.14966
2007   25   0.12677   0.07519   0.04580   0.09661   0.15023
2007   26   0.11891   0.07358   0.03948   0.08923   0.16411
2007   27   0.11262   0.07518   0.03593   0.07777   0.16675
2007   28   0.10378   0.07361   0.03322   0.06213   0.15591
2007   29   0.09654   0.07172   0.02961   0.06582   0.15420
2007   30   0.08402   0.06654   0.02711   0.05844   0.13749
2007   31   0.06944   0.06036   0.02406   0.04947   0.12288
2007   32   0.05893   0.05176   0.02175   0.04262   0.11357
2007   33   0.04935   0.04633   0.01974   0.03776   0.11611
2007   34   0.03893   0.03711   0.01655   0.03498   0.09691
2007   35   0.03752   0.02909   0.01443   0.03020   0.08622
2007   36   0.03473   0.02188   0.01178   0.02336   0.06932
2007   37   0.03114   0.01586   0.00961   0.02078   0.06948
2007   38   0.02129   0.01091   0.00726   0.01548   0.06150
2007   39   0.01525   0.00770   0.00548   0.01214   0.04554
2007   40   0.01248   0.00511   0.00366   0.00869   0.03358
2007   41   0.00905   0.00308   0.00234   0.00615   0.02794
2007   42   0.00390   0.00184   0.00135   0.00368   0.01658
2007   43   0.00284   0.00121   0.00083   0.00221   0.01230
2007   44   0.00224   0.00059   0.00043   0.00098   0.00533
2007   45   0.00060   0.00025   0.00014   0.00056   0.00212
2007   46   0.00050   0.00011   0.00004   0.00017   0.00090
2007   47   0.00051   0.00003   0.00001   0.00005   0.00040
2007   48   0.00015   0.00008   0.00001   0.00007   0.00006
2007   49   0.00006   0.00002   0.00002   0.00000   0.00013
2007   50   0.00020   0.00006   0.00000   0.00000   0.00000
2007   51   0.00000   0.00002   0.00001   0.00000   0.00000
2007   52         .         .         .         .         .
2007   53         .         .         .         .         .
2007   54         .         .         .         .         .
2007   55+        .         .         .         .         .
2008   12-  0.00000         .         .         .         .
2008   13   0.00002         .         .         .         .
2008   14   0.00039   0.05341         .         .         .
2008   15   0.00318   0.04576   0.00000         .         .
2008   16   0.00980   0.05169   0.01529         .         .
2008   17   0.02337   0.05386   0.09159   0.00000         .
2008   18   0.04411   0.06636   0.08582   0.14858         .
2008   19   0.06647   0.07003   0.08274   0.10527   0.25846
2008   20   0.08810   0.07550   0.08026   0.13769   0.07194
2008   21   0.10154   0.07682   0.07978   0.12131   0.09966
2008   22   0.11004   0.07463   0.06943   0.11486   0.12518
2008   23   0.11868   0.07668   0.06383   0.12601   0.19508
2008   24   0.12765   0.07763   0.05781   0.11326   0.18752
2008   25   0.13137   0.08034   0.05114   0.11396   0.18148
2008   26   0.12578   0.08071   0.04558   0.08739   0.17130
2008   27   0.11578   0.08047   0.04188   0.08562   0.17000
2008   28   0.10681   0.08182   0.03807   0.07446   0.17215
2008   29   0.09978   0.07872   0.03441   0.06229   0.17415
2008   30   0.09120   0.07458   0.03280   0.06335   0.15775
2008   31   0.07415   0.06787   0.02872   0.05340   0.13755
2008   32   0.06098   0.05985   0.02582   0.04638   0.12510
2008   33   0.05205   0.05221   0.02380   0.03963   0.12838
2008   34   0.04348   0.04375   0.02076   0.03795   0.10444
2008   35   0.03651   0.03421   0.01769   0.03374   0.09959
2008   36   0.03329   0.02667   0.01529   0.02925   0.09212
2008   37   0.02824   0.01873   0.01171   0.02449   0.07023
2008   38   0.02445   0.01312   0.00946   0.01985   0.06136
2008   39   0.01893   0.00888   0.00669   0.01427   0.05164
2008   40   0.00992   0.00600   0.00446   0.01042   0.03854
2008   41   0.00824   0.00389   0.00289   0.00714   0.03142
2008   42   0.00454   0.00200   0.00161   0.00391   0.01893
2008   43   0.00329   0.00105   0.00097   0.00226   0.01184
2008   44   0.00212   0.00069   0.00041   0.00150   0.00556
2008   45   0.00095   0.00025   0.00023   0.00055   0.00287
2008   46   0.00111   0.00014   0.00010   0.00013   0.00084
2008   47   0.00031   0.00007   0.00005   0.00010   0.00042
2008   48   0.00051   0.00007   0.00003   0.00002   0.00020
2008   49   0.00023   0.00002   0.00000   0.00000   0.00006
2008   50   0.00017   0.00000   0.00000   0.00000   0.00000
2008   51   0.00004   0.00000   0.00000   0.00000   0.00000
2008   52   0.00000   0.00000   0.00000   0.00000   0.00000
2008   53         .         .         .         .         .
2008   54         .         .         .         .         .
2008   55+        .         .         .         .         .
2009   12-  0.00000         .         .         .         .
2009   13   0.00002         .         .         .         .
2009   14   0.00036   0.08296         .         .         .
2009   15   0.00305   0.05797   0.06271         .         .
2009   16   0.00982   0.04764   0.11349         .         .
2009   17   0.02266   0.06063   0.09735   0.06864         .
2009   18   0.04271   0.06774   0.07163   0.14576         .
2009   19   0.06335   0.07256   0.07693   0.11666   0.06414
2009   20   0.08100   0.07775   0.08081   0.08992   0.11059
2009   21   0.09546   0.07705   0.07921   0.11774   0.12260
2009   22   0.10683   0.08075   0.07156   0.11138   0.15733
2009   23   0.11539   0.07799   0.06702   0.12387   0.13975
2009   24   0.12068   0.08051   0.06105   0.10833   0.16234
2009   25   0.12635   0.08091   0.05698   0.09433   0.18642
2009   26   0.12265   0.08457   0.04874   0.09500   0.16629
2009   27   0.11482   0.08435   0.04484   0.08866   0.17598
2009   28   0.10321   0.08390   0.04169   0.08280   0.17373
2009   29   0.09402   0.08231   0.03718   0.07372   0.16814
2009   30   0.09146   0.07787   0.03372   0.06182   0.15950
2009   31   0.07859   0.07358   0.03222   0.05673   0.15355
2009   32   0.06520   0.06435   0.02955   0.05021   0.13823
2009   33   0.05265   0.05420   0.02566   0.04517   0.12055
2009   34   0.04537   0.04638   0.02268   0.04228   0.11505
2009   35   0.03882   0.03777   0.02027   0.03550   0.10154
2009   36   0.03100   0.03000   0.01699   0.03057   0.09358
2009   37   0.02446   0.02144   0.01391   0.02587   0.08506
2009   38   0.02358   0.01461   0.01010   0.01854   0.06694
2009   39   0.01988   0.00997   0.00747   0.01683   0.05798
2009   40   0.01457   0.00669   0.00541   0.01261   0.04141
2009   41   0.00933   0.00421   0.00356   0.00725   0.02966
2009   42   0.00565   0.00244   0.00219   0.00512   0.02175
2009   43   0.00350   0.00133   0.00111   0.00330   0.01120
2009   44   0.00151   0.00064   0.00051   0.00145   0.00620
2009   45   0.00088   0.00040   0.00026   0.00064   0.00395
2009   46   0.00060   0.00018   0.00012   0.00041   0.00091
2009   47   0.00017   0.00002   0.00005   0.00008   0.00053
2009   48   0.00000   0.00002   0.00001   0.00000   0.00028
2009   49   0.00022   0.00003   0.00001   0.00002   0.00007
2009   50   0.00008   0.00002   0.00001   0.00005   0.00013
2009   51   0.00000   0.00001   0.00000   0.00000   0.00000
2009   52   0.00004   0.00000   0.00001   0.00000   0.00000
2009   53   0.00004   0.00001   0.00000   0.00000   0.00000
2009   54         .         .         .         .         .
2009   55+        .         .         .         .         .
2010   12-  0.00002         .         .         .         .
2010   13   0.00006   0.15449         .         .         .
2010   14   0.00053   0.07031         .         .         .
2010   15   0.00262   0.05472   0.14366         .         .
2010   16   0.00893   0.05208   0.11338         .         .
2010   17   0.02094   0.06124   0.07981   0.17143         .
2010   18   0.03833   0.07241   0.08444   0.18988   0.31643
2010   19   0.05729   0.07857   0.08816   0.13813   0.10736
2010   20   0.07199   0.08401   0.08250   0.10873   0.21032
2010   21   0.08523   0.08211   0.08470   0.12898   0.11491
2010   22   0.09707   0.08223   0.07332   0.11916   0.14806
2010   23   0.10704   0.08275   0.07264   0.11891   0.16366
2010   24   0.11536   0.08045   0.06336   0.11645   0.16320
2010   25   0.11847   0.08240   0.05731   0.10268   0.20566
2010   26   0.11651   0.08252   0.05153   0.09305   0.16615
2010   27   0.11001   0.08468   0.04529   0.09202   0.18760
2010   28   0.10182   0.08559   0.04493   0.08370   0.17518
2010   29   0.09130   0.08216   0.03867   0.07422   0.15445
2010   30   0.08298   0.07868   0.03674   0.07137   0.16051
2010   31   0.07581   0.07397   0.03330   0.06014   0.15009
2010   32   0.06614   0.06596   0.03102   0.05425   0.14007
2010   33   0.05271   0.05696   0.02730   0.04781   0.12887
2010   34   0.04508   0.04622   0.02438   0.04073   0.11825
2010   35   0.03940   0.03794   0.02178   0.03828   0.11481
2010   36   0.03150   0.03041   0.01878   0.03599   0.09826
2010   37   0.02401   0.02152   0.01509   0.02756   0.08110
2010   38   0.01983   0.01574   0.01137   0.02263   0.07128
2010   39   0.01689   0.01016   0.00784   0.01829   0.06397
2010   40   0.01254   0.00713   0.00580   0.01577   0.04521
2010   41   0.01001   0.00435   0.00382   0.00957   0.03379
2010   42   0.00504   0.00249   0.00239   0.00543   0.02323
2010   43   0.00374   0.00137   0.00108   0.00360   0.01499
2010   44   0.00269   0.00075   0.00060   0.00158   0.00757
2010   45   0.00106   0.00034   0.00030   0.00071   0.00315
2010   46   0.00061   0.00016   0.00010   0.00026   0.00144
2010   47   0.00066   0.00012   0.00006   0.00018   0.00074
2010   48   0.00022   0.00006   0.00003   0.00005   0.00038
2010   49   0.00038   0.00004   0.00001   0.00010   0.00000
2010   50   0.00022   0.00003   0.00000   0.00000   0.00000
2010   51   0.00046   0.00005   0.00000   0.00000   0.00000
2010   52   0.00000   0.00001   0.00000   0.00000   0.00000
2010   53   0.00004   0.00001   0.00001   0.00002   0.00000
2010   54   0.00004   0.00001   0.00000   0.00000   0.00000
2010   55+  0.00016   0.00003   0.00001   0.00005   0.00000
2011   12-  0.00003         .         .         .         .
2011   13   0.00013   0.00000         .         .         .
2011   14   0.00047   0.10952         .         .         .
2011   15   0.00258   0.05591   0.00000         .         .
2011   16   0.00884   0.05979   0.13469   0.16185         .
2011   17   0.02004   0.06569   0.10582   0.18858         .
2011   18   0.03771   0.07686   0.09957   0.13794   0.26538
2011   19   0.05582   0.08500   0.08357   0.09801   0.13907
2011   20   0.07077   0.08637   0.09471   0.11475   0.10999
2011   21   0.08353   0.08845   0.08844   0.12884   0.14271
2011   22   0.09217   0.08562   0.08167   0.12880   0.17014
2011   23   0.10471   0.08544   0.07715   0.11435   0.17225
2011   24   0.11302   0.08560   0.06803   0.11463   0.17872
2011   25   0.11623   0.08620   0.06192   0.10825   0.17276
2011   26   0.11359   0.08769   0.05476   0.10182   0.19008
2011   27   0.10654   0.08665   0.04927   0.09170   0.18937
2011   28   0.09918   0.08701   0.04503   0.08685   0.19144
2011   29   0.08957   0.08796   0.04249   0.07375   0.17232
2011   30   0.07992   0.08229   0.03865   0.06939   0.14456
2011   31   0.07075   0.07803   0.03756   0.06446   0.15345
2011   32   0.06582   0.07084   0.03337   0.05611   0.14591
2011   33   0.05515   0.06101   0.03105   0.05274   0.14826
2011   34   0.04621   0.05013   0.02682   0.04572   0.12431
2011   35   0.03942   0.04126   0.02292   0.04408   0.11375
2011   36   0.03371   0.03359   0.02031   0.03731   0.10393
2011   37   0.02484   0.02529   0.01600   0.03246   0.09197
2011   38   0.01972   0.01806   0.01278   0.02591   0.07608
2011   39   0.01429   0.01190   0.00979   0.02003   0.06766
2011   40   0.01203   0.00781   0.00677   0.01437   0.04688
2011   41   0.00960   0.00429   0.00430   0.01089   0.04081
2011   42   0.00593   0.00280   0.00305   0.00594   0.02748
2011   43   0.00303   0.00135   0.00140   0.00377   0.01686
2011   44   0.00196   0.00062   0.00074   0.00178   0.00988
2011   45   0.00109   0.00039   0.00033   0.00079   0.00501
2011   46   0.00056   0.00014   0.00017   0.00036   0.00108
2011   47   0.00051   0.00015   0.00007   0.00013   0.00072
2011   48   0.00015   0.00003   0.00004   0.00006   0.00017
2011   49   0.00028   0.00009   0.00002   0.00003   0.00015
2011   50   0.00013   0.00003   0.00001   0.00003   0.00007
2011   51   0.00015   0.00001   0.00000   0.00000   0.00000
2011   52   0.00039   0.00003   0.00000   0.00000   0.00000
2011   53   0.00006   0.00001   0.00000   0.00000   0.00000
2011   54   0.00004   0.00001   0.00001   0.00000   0.00000
2011   55+  0.00019   0.00002   0.00002   0.00005   0.00000
2012   12-  0.00001         .         .         .         .
2012   13   0.00011   0.00000         .         .         .
2012   14   0.00063   0.12251         .         .         .
2012   15   0.00279   0.03762   0.05879         .         .
2012   16   0.00916   0.06666   0.19227   0.00000         .
2012   17   0.02066   0.06374   0.07312   0.14599         .
2012   18   0.03779   0.07827   0.09743   0.19160   0.00000
2012   19   0.05783   0.08690   0.08413   0.13841   0.33136
2012   20   0.07331   0.09024   0.09290   0.13267   0.23022
2012   21   0.08556   0.09294   0.09301   0.10672   0.19330
2012   22   0.09509   0.09043   0.08776   0.12313   0.15885
2012   23   0.10629   0.09200   0.08036   0.12828   0.18026
2012   24   0.11796   0.09297   0.07083   0.11501   0.21314
2012   25   0.12342   0.09272   0.06565   0.11071   0.18988
2012   26   0.11833   0.09278   0.05651   0.09235   0.17544
2012   27   0.10819   0.09229   0.05097   0.09447   0.18399
2012   28   0.10006   0.09301   0.04941   0.08745   0.18277
2012   29   0.09242   0.09390   0.04505   0.08356   0.17593
2012   30   0.08391   0.08983   0.04328   0.07184   0.17986
2012   31   0.07024   0.08295   0.04002   0.06878   0.14981
2012   32   0.06256   0.07490   0.03458   0.05741   0.14321
2012   33   0.05612   0.06510   0.03309   0.05386   0.14141
2012   34   0.04940   0.05530   0.03090   0.05086   0.12883
2012   35   0.04091   0.04650   0.02613   0.04446   0.12135
2012   36   0.03438   0.03662   0.02150   0.03496   0.10321
2012   37   0.02646   0.02586   0.01791   0.03506   0.09620
2012   38   0.01934   0.01911   0.01414   0.02701   0.08252
2012   39   0.01429   0.01270   0.01081   0.02133   0.06571
2012   40   0.01131   0.00839   0.00750   0.01627   0.05173
2012   41   0.00930   0.00480   0.00502   0.01115   0.03884
2012   42   0.00642   0.00293   0.00304   0.00690   0.02905
2012   43   0.00338   0.00155   0.00148   0.00436   0.01767
2012   44   0.00196   0.00094   0.00080   0.00172   0.00929
2012   45   0.00177   0.00040   0.00044   0.00107   0.00472
2012   46   0.00084   0.00018   0.00015   0.00030   0.00225
2012   47   0.00042   0.00010   0.00006   0.00014   0.00069
2012   48   0.00061   0.00009   0.00004   0.00010   0.00027
2012   49   0.00031   0.00004   0.00002   0.00006   0.00000
2012   50   0.00034   0.00003   0.00002   0.00003   0.00000
2012   51   0.00038   0.00005   0.00000   0.00003   0.00000
2012   52   0.00007   0.00003   0.00000   0.00002   0.00000
2012   53   0.00023   0.00003   0.00001   0.00005   0.00013
2012   54   0.00006   0.00000   0.00000   0.00000   0.00000
2012   55+  0.00033   0.00004   0.00000   0.00000   0.00000
2013   12-  0.00001         .         .         .         .
2013   13   0.00013   0.00000         .         .         .
2013   14   0.00060   0.06006         .         .         .
2013   15   0.00287   0.07945   0.10298         .         .
2013   16   0.00908   0.06807   0.14663   0.14850         .
2013   17   0.01929   0.06590   0.12328   0.17397         .
2013   18   0.03617   0.07834   0.10857   0.08813   0.23744
2013   19   0.05359   0.08967   0.09689   0.17231   0.30756
2013   20   0.07112   0.09330   0.09820   0.13652   0.25556
2013   21   0.08079   0.09401   0.09068   0.11351   0.14300
2013   22   0.09170   0.09574   0.09169   0.13371   0.16917
2013   23   0.10231   0.09136   0.07888   0.12475   0.18502
2013   24   0.11097   0.09157   0.06939   0.12232   0.15754
2013   25   0.12062   0.09252   0.06247   0.11074   0.16600
2013   26   0.11373   0.09232   0.05846   0.09936   0.17557
2013   27   0.10670   0.09330   0.05187   0.09157   0.17884
2013   28   0.09648   0.09255   0.05071   0.07897   0.17268
2013   29   0.08507   0.09125   0.04387   0.07715   0.15197
2013   30   0.08268   0.08999   0.04071   0.06408   0.16191
2013   31   0.07095   0.08462   0.04102   0.05960   0.14620
2013   32   0.05873   0.07401   0.03641   0.05803   0.13347
2013   33   0.05277   0.06497   0.03380   0.05274   0.13543
2013   34   0.05023   0.05706   0.02949   0.04635   0.12651
2013   35   0.04389   0.04774   0.02730   0.04337   0.11843
2013   36   0.03510   0.03705   0.02246   0.03894   0.10332
2013   37   0.02670   0.02849   0.01804   0.03324   0.08628
2013   38   0.02078   0.01998   0.01428   0.02705   0.08260
2013   39   0.01484   0.01369   0.01112   0.02120   0.06637
2013   40   0.01134   0.00870   0.00757   0.01582   0.05206
2013   41   0.00839   0.00562   0.00529   0.01174   0.03887
2013   42   0.00505   0.00301   0.00319   0.00732   0.02654
2013   43   0.00445   0.00149   0.00172   0.00511   0.01779
2013   44   0.00228   0.00087   0.00081   0.00203   0.00856
2013   45   0.00162   0.00039   0.00040   0.00111   0.00501
2013   46   0.00147   0.00020   0.00016   0.00032   0.00178
2013   47   0.00047   0.00012   0.00006   0.00011   0.00082
2013   48   0.00019   0.00006   0.00005   0.00014   0.00010
2013   49   0.00014   0.00004   0.00002   0.00010   0.00009
2013   50   0.00036   0.00006   0.00001   0.00006   0.00000
2013   51   0.00023   0.00002   0.00002   0.00000   0.00008
2013   52   0.00013   0.00001   0.00000   0.00000   0.00000
2013   53   0.00007   0.00001   0.00000   0.00000   0.00007
2013   54   0.00008   0.00001   0.00001   0.00000   0.00000
2013   55+  0.00038   0.00006   0.00001   0.00000   0.00000
