Russian Federation, Period fertility rates by calendar year, age reached during the year (ARDY) and birth cohort (vertical parallelograms)
Last modified: 22/10/2020
Year    ARDY   Cohort        ASFR
1959     12-    1947+     0.00000
1959     13     1946      0.00000
1959     14     1945      0.00002
1959     15     1944      0.00025
1959     16     1943      0.00133
1959     17     1942      0.00504
1959     18     1941      0.01919
1959     19     1940      0.04887
1959     20     1939      0.09368
1959     21     1938      0.13386
1959     22     1937      0.15848
1959     23     1936      0.18194
1959     24     1935      0.18836
1959     25     1934      0.18490
1959     26     1933      0.16844
1959     27     1932      0.15815
1959     28     1931      0.15137
1959     29     1930      0.13724
1959     30     1929      0.13123
1959     31     1928      0.11816
1959     32     1927      0.10295
1959     33     1926      0.09258
1959     34     1925      0.08053
1959     35     1924      0.07564
1959     36     1923      0.06622
1959     37     1922      0.05633
1959     38     1921      0.05085
1959     39     1920      0.04204
1959     40     1919      0.03606
1959     41     1918      0.03011
1959     42     1917      0.02204
1959     43     1916      0.01579
1959     44     1915      0.01046
1959     45     1914      0.00741
1959     46     1913      0.00452
1959     47     1912      0.00254
1959     48     1911      0.00155
1959     49     1910      0.00113
1959     50     1909      0.00075
1959     51     1908      0.00035
1959     52     1907      0.00023
1959     53     1906      0.00020
1959     54     1905      0.00022
1959     55+    1904-     0.00085
1960     12-    1948+     0.00000
1960     13     1947      0.00000
1960     14     1946      0.00002
1960     15     1945      0.00022
1960     16     1944      0.00155
1960     17     1943      0.00617
1960     18     1942      0.02005
1960     19     1941      0.05038
1960     20     1940      0.09500
1960     21     1939      0.13331
1960     22     1938      0.15429
1960     23     1937      0.17453
1960     24     1936      0.18305
1960     25     1935      0.18399
1960     26     1934      0.17218
1960     27     1933      0.15133
1960     28     1932      0.14752
1960     29     1931      0.13887
1960     30     1930      0.13130
1960     31     1929      0.11604
1960     32     1928      0.10259
1960     33     1927      0.09574
1960     34     1926      0.08077
1960     35     1925      0.07364
1960     36     1924      0.06648
1960     37     1923      0.05593
1960     38     1922      0.04968
1960     39     1921      0.04224
1960     40     1920      0.03510
1960     41     1919      0.02644
1960     42     1918      0.02083
1960     43     1917      0.01655
1960     44     1916      0.00965
1960     45     1915      0.00644
1960     46     1914      0.00428
1960     47     1913      0.00233
1960     48     1912      0.00151
1960     49     1911      0.00093
1960     50     1910      0.00049
1960     51     1909      0.00035
1960     52     1908      0.00027
1960     53     1907      0.00025
1960     54     1906      0.00025
1960     55+    1905-     0.00086
1961     12-    1949+     0.00000
1961     13     1948      0.00000
1961     14     1947      0.00002
1961     15     1946      0.00024
1961     16     1945      0.00180
1961     17     1944      0.00817
1961     18     1943      0.02673
1961     19     1942      0.05864
1961     20     1941      0.10496
1961     21     1940      0.14789
1961     22     1939      0.16133
1961     23     1938      0.17033
1961     24     1937      0.17339
1961     25     1936      0.17123
1961     26     1935      0.16554
1961     27     1934      0.15161
1961     28     1933      0.13529
1961     29     1932      0.12276
1961     30     1931      0.12224
1961     31     1930      0.11464
1961     32     1929      0.09497
1961     33     1928      0.08392
1961     34     1927      0.07439
1961     35     1926      0.06639
1961     36     1925      0.05935
1961     37     1924      0.05086
1961     38     1923      0.04253
1961     39     1922      0.03498
1961     40     1921      0.03122
1961     41     1920      0.02477
1961     42     1919      0.01727
1961     43     1918      0.01357
1961     44     1917      0.00894
1961     45     1916      0.00571
1961     46     1915      0.00360
1961     47     1914      0.00191
1961     48     1913      0.00111
1961     49     1912      0.00070
1961     50     1911      0.00042
1961     51     1910      0.00025
1961     52     1909      0.00018
1961     53     1908      0.00016
1961     54     1907      0.00016
1961     55+    1906-     0.00053
1962     12-    1950+     0.00000
1962     13     1949      0.00000
1962     14     1948      0.00002
1962     15     1947      0.00020
1962     16     1946      0.00160
1962     17     1945      0.00805
1962     18     1944      0.02821
1962     19     1943      0.05896
1962     20     1942      0.09741
1962     21     1941      0.13644
1962     22     1940      0.15477
1962     23     1939      0.16482
1962     24     1938      0.16497
1962     25     1937      0.16263
1962     26     1936      0.15578
1962     27     1935      0.14666
1962     28     1934      0.13381
1962     29     1933      0.11310
1962     30     1932      0.11272
1962     31     1931      0.10814
1962     32     1930      0.09352
1962     33     1929      0.08162
1962     34     1928      0.07031
1962     35     1927      0.06393
1962     36     1926      0.05467
1962     37     1925      0.04733
1962     38     1924      0.04150
1962     39     1923      0.03379
1962     40     1922      0.02856
1962     41     1921      0.02266
1962     42     1920      0.01703
1962     43     1919      0.01220
1962     44     1918      0.00827
1962     45     1917      0.00587
1962     46     1916      0.00318
1962     47     1915      0.00161
1962     48     1914      0.00098
1962     49     1913      0.00059
1962     50     1912      0.00033
1962     51     1911      0.00022
1962     52     1910      0.00017
1962     53     1909      0.00015
1962     54     1908      0.00015
1962     55+    1907-     0.00049
1963     12-    1951+     0.00000
1963     13     1950      0.00000
1963     14     1949      0.00001
1963     15     1948      0.00017
1963     16     1947      0.00151
1963     17     1946      0.00811
1963     18     1945      0.02922
1963     19     1944      0.06765
1963     20     1943      0.10924
1963     21     1942      0.13765
1963     22     1941      0.15280
1963     23     1940      0.16391
1963     24     1939      0.16249
1963     25     1938      0.15558
1963     26     1937      0.14614
1963     27     1936      0.13815
1963     28     1935      0.13088
1963     29     1934      0.11545
1963     30     1933      0.10626
1963     31     1932      0.10006
1963     32     1931      0.08948
1963     33     1930      0.08034
1963     34     1929      0.06727
1963     35     1928      0.05962
1963     36     1927      0.05254
1963     37     1926      0.04401
1963     38     1925      0.03798
1963     39     1924      0.03120
1963     40     1923      0.02619
1963     41     1922      0.02082
1963     42     1921      0.01576
1963     43     1920      0.01205
1963     44     1919      0.00743
1963     45     1918      0.00497
1963     46     1917      0.00328
1963     47     1916      0.00163
1963     48     1915      0.00087
1963     49     1914      0.00049
1963     50     1913      0.00030
1963     51     1912      0.00021
1963     52     1911      0.00016
1963     53     1910      0.00014
1963     54     1909      0.00013
1963     55+    1908-     0.00037
1964     12-    1952+     0.00000
1964     13     1951      0.00000
1964     14     1950      0.00002
1964     15     1949      0.00019
1964     16     1948      0.00125
1964     17     1947      0.00692
1964     18     1946      0.02801
1964     19     1945      0.06738
1964     20     1944      0.11469
1964     21     1943      0.13388
1964     22     1942      0.13894
1964     23     1941      0.15493
1964     24     1940      0.15581
1964     25     1939      0.14865
1964     26     1938      0.13675
1964     27     1937      0.12622
1964     28     1936      0.12073
1964     29     1935      0.11125
1964     30     1934      0.10386
1964     31     1933      0.09092
1964     32     1932      0.08286
1964     33     1931      0.07638
1964     34     1930      0.06464
1964     35     1929      0.05617
1964     36     1928      0.04878
1964     37     1927      0.04166
1964     38     1926      0.03480
1964     39     1925      0.02877
1964     40     1924      0.02456
1964     41     1923      0.01877
1964     42     1922      0.01392
1964     43     1921      0.01101
1964     44     1920      0.00754
1964     45     1919      0.00457
1964     46     1918      0.00284
1964     47     1917      0.00176
1964     48     1916      0.00086
1964     49     1915      0.00045
1964     50     1914      0.00027
1964     51     1913      0.00018
1964     52     1912      0.00013
1964     53     1911      0.00011
1964     54     1910      0.00009
1964     55+    1909-     0.00026
1965     12-    1953+     0.00000
1965     13     1952      0.00000
1965     14     1951      0.00002
1965     15     1950      0.00018
1965     16     1949      0.00132
1965     17     1948      0.00613
1965     18     1947      0.02482
1965     19     1946      0.06561
1965     20     1945      0.11084
1965     21     1944      0.13876
1965     22     1943      0.13637
1965     23     1942      0.13928
1965     24     1941      0.14727
1965     25     1940      0.14437
1965     26     1939      0.13479
1965     27     1938      0.12193
1965     28     1937      0.11432
1965     29     1936      0.10627
1965     30     1935      0.10301
1965     31     1934      0.09192
1965     32     1933      0.07807
1965     33     1932      0.07248
1965     34     1931      0.06324
1965     35     1930      0.05663
1965     36     1929      0.04782
1965     37     1928      0.04013
1965     38     1927      0.03428
1965     39     1926      0.02737
1965     40     1925      0.02315
1965     41     1924      0.01777
1965     42     1923      0.01287
1965     43     1922      0.01004
1965     44     1921      0.00677
1965     45     1920      0.00465
1965     46     1919      0.00267
1965     47     1918      0.00144
1965     48     1917      0.00096
1965     49     1916      0.00050
1965     50     1915      0.00026
1965     51     1914      0.00015
1965     52     1913      0.00010
1965     53     1912      0.00009
1965     54     1911      0.00008
1965     55+    1910-     0.00025
1966     12-    1954+     0.00000
1966     13     1953      0.00000
1966     14     1952      0.00002
1966     15     1951      0.00021
1966     16     1950      0.00148
1966     17     1949      0.00735
1966     18     1948      0.02441
1966     19     1947      0.06078
1966     20     1946      0.11279
1966     21     1945      0.14193
1966     22     1944      0.15104
1966     23     1943      0.14551
1966     24     1942      0.13816
1966     25     1941      0.14236
1966     26     1940      0.13685
1966     27     1939      0.12452
1966     28     1938      0.11389
1966     29     1937      0.10368
1966     30     1936      0.10129
1966     31     1935      0.09361
1966     32     1934      0.08105
1966     33     1933      0.07180
1966     34     1932      0.06405
1966     35     1931      0.05725
1966     36     1930      0.04885
1966     37     1929      0.03955
1966     38     1928      0.03327
1966     39     1927      0.02748
1966     40     1926      0.02210
1966     41     1925      0.01678
1966     42     1924      0.01232
1966     43     1923      0.00924
1966     44     1922      0.00615
1966     45     1921      0.00416
1966     46     1920      0.00272
1966     47     1919      0.00139
1966     48     1918      0.00073
1966     49     1917      0.00048
1966     50     1916      0.00025
1966     51     1915      0.00015
1966     52     1914      0.00010
1966     53     1913      0.00008
1966     54     1912      0.00007
1966     55+    1911-     0.00020
1967     12-    1955+     0.00000
1967     13     1954      0.00000
1967     14     1953      0.00002
1967     15     1952      0.00021
1967     16     1951      0.00144
1967     17     1950      0.00668
1967     18     1949      0.02533
1967     19     1948      0.05818
1967     20     1947      0.10326
1967     21     1946      0.14140
1967     22     1945      0.14824
1967     23     1944      0.15211
1967     24     1943      0.13689
1967     25     1942      0.12739
1967     26     1941      0.12994
1967     27     1940      0.12123
1967     28     1939      0.10929
1967     29     1938      0.09798
1967     30     1937      0.09411
1967     31     1936      0.08766
1967     32     1935      0.07728
1967     33     1934      0.06898
1967     34     1933      0.05827
1967     35     1932      0.05239
1967     36     1931      0.04591
1967     37     1930      0.03779
1967     38     1929      0.03032
1967     39     1928      0.02482
1967     40     1927      0.02082
1967     41     1926      0.01541
1967     42     1925      0.01122
1967     43     1924      0.00832
1967     44     1923      0.00537
1967     45     1922      0.00351
1967     46     1921      0.00223
1967     47     1920      0.00139
1967     48     1919      0.00073
1967     49     1918      0.00037
1967     50     1917      0.00022
1967     51     1916      0.00011
1967     52     1915      0.00007
1967     53     1914      0.00006
1967     54     1913      0.00007
1967     55+    1912-     0.00026
1968     12-    1956+     0.00000
1968     13     1955      0.00000
1968     14     1954      0.00002
1968     15     1953      0.00023
1968     16     1952      0.00151
1968     17     1951      0.00682
1968     18     1950      0.02434
1968     19     1949      0.06208
1968     20     1948      0.10111
1968     21     1947      0.13023
1968     22     1946      0.15063
1968     23     1945      0.15175
1968     24     1944      0.14488
1968     25     1943      0.12995
1968     26     1942      0.11985
1968     27     1941      0.11658
1968     28     1940      0.10795
1968     29     1939      0.09714
1968     30     1938      0.09068
1968     31     1937      0.08222
1968     32     1936      0.07449
1968     33     1935      0.06811
1968     34     1934      0.05872
1968     35     1933      0.04980
1968     36     1932      0.04328
1968     37     1931      0.03711
1968     38     1930      0.03101
1968     39     1929      0.02406
1968     40     1928      0.01964
1968     41     1927      0.01497
1968     42     1926      0.01055
1968     43     1925      0.00780
1968     44     1924      0.00506
1968     45     1923      0.00322
1968     46     1922      0.00188
1968     47     1921      0.00108
1968     48     1920      0.00079
1968     49     1919      0.00042
1968     50     1918      0.00015
1968     51     1917      0.00010
1968     52     1916      0.00007
1968     53     1915      0.00006
1968     54     1914      0.00005
1968     55+    1913-     0.00015
1969     12-    1957+     0.00000
1969     13     1956      0.00000
1969     14     1955      0.00003
1969     15     1954      0.00027
1969     16     1953      0.00159
1969     17     1952      0.00679
1969     18     1951      0.02477
1969     19     1950      0.06064
1969     20     1949      0.10997
1969     21     1948      0.13779
1969     22     1947      0.14830
1969     23     1946      0.15938
1969     24     1945      0.14815
1969     25     1944      0.13867
1969     26     1943      0.12103
1969     27     1942      0.10939
1969     28     1941      0.10688
1969     29     1940      0.09667
1969     30     1939      0.09123
1969     31     1938      0.08233
1969     32     1937      0.07197
1969     33     1936      0.06647
1969     34     1935      0.05876
1969     35     1934      0.05084
1969     36     1933      0.04203
1969     37     1932      0.03590
1969     38     1931      0.02981
1969     39     1930      0.02333
1969     40     1929      0.01855
1969     41     1928      0.01395
1969     42     1927      0.00992
1969     43     1926      0.00698
1969     44     1925      0.00446
1969     45     1924      0.00291
1969     46     1923      0.00180
1969     47     1922      0.00095
1969     48     1921      0.00058
1969     49     1920      0.00046
1969     50     1919      0.00027
1969     51     1918      0.00011
1969     52     1917      0.00006
1969     53     1916      0.00004
1969     54     1915      0.00003
1969     55+    1914-     0.00008
1970     12-    1958+     0.00000
1970     13     1957      0.00000
1970     14     1956      0.00003
1970     15     1955      0.00027
1970     16     1954      0.00172
1970     17     1953      0.00721
1970     18     1952      0.02557
1970     19     1951      0.06576
1970     20     1950      0.11318
1970     21     1949      0.15308
1970     22     1948      0.15993
1970     23     1947      0.15720
1970     24     1946      0.15370
1970     25     1945      0.13428
1970     26     1944      0.12178
1970     27     1943      0.10523
1970     28     1942      0.09973
1970     29     1941      0.09810
1970     30     1940      0.08945
1970     31     1939      0.08137
1970     32     1938      0.07128
1970     33     1937      0.06292
1970     34     1936      0.05582
1970     35     1935      0.05005
1970     36     1934      0.04259
1970     37     1933      0.03408
1970     38     1932      0.02882
1970     39     1931      0.02340
1970     40     1930      0.01834
1970     41     1929      0.01342
1970     42     1928      0.00953
1970     43     1927      0.00653
1970     44     1926      0.00400
1970     45     1925      0.00253
1970     46     1924      0.00149
1970     47     1923      0.00078
1970     48     1922      0.00044
1970     49     1921      0.00031
1970     50     1920      0.00018
1970     51     1919      0.00009
1970     52     1918      0.00005
1970     53     1917      0.00003
1970     54     1916      0.00002
1970     55+    1915-     0.00006
1971     12-    1959+     0.00000
1971     13     1958      0.00000
1971     14     1957      0.00003
1971     15     1956      0.00028
1971     16     1955      0.00179
1971     17     1954      0.00797
1971     18     1953      0.02732
1971     19     1952      0.06757
1971     20     1951      0.11980
1971     21     1950      0.15609
1971     22     1949      0.17088
1971     23     1948      0.15918
1971     24     1947      0.14712
1971     25     1946      0.13887
1971     26     1945      0.12100
1971     27     1944      0.11282
1971     28     1943      0.10068
1971     29     1942      0.09437
1971     30     1941      0.09252
1971     31     1940      0.08259
1971     32     1939      0.07310
1971     33     1938      0.06343
1971     34     1937      0.05473
1971     35     1936      0.04881
1971     36     1935      0.04259
1971     37     1934      0.03497
1971     38     1933      0.02775
1971     39     1932      0.02254
1971     40     1931      0.01840
1971     41     1930      0.01326
1971     42     1929      0.00878
1971     43     1928      0.00615
1971     44     1927      0.00379
1971     45     1926      0.00214
1971     46     1925      0.00116
1971     47     1924      0.00059
1971     48     1923      0.00032
1971     49     1922      0.00019
1971     50     1921      0.00012
1971     51     1920      0.00007
1971     52     1919      0.00004
1971     53     1918      0.00002
1971     54     1917      0.00001
1971     55+    1916-     0.00004
1972     12-    1960+     0.00000
1972     13     1959      0.00000
1972     14     1958      0.00003
1972     15     1957      0.00029
1972     16     1956      0.00190
1972     17     1955      0.00834
1972     18     1954      0.02872
1972     19     1953      0.06893
1972     20     1952      0.12057
1972     21     1951      0.15788
1972     22     1950      0.16698
1972     23     1949      0.16792
1972     24     1948      0.14736
1972     25     1947      0.13362
1972     26     1946      0.12681
1972     27     1945      0.11066
1972     28     1944      0.10468
1972     29     1943      0.09266
1972     30     1942      0.08832
1972     31     1941      0.08327
1972     32     1940      0.07146
1972     33     1939      0.06395
1972     34     1938      0.05407
1972     35     1937      0.04693
1972     36     1936      0.04164
1972     37     1935      0.03537
1972     38     1934      0.02837
1972     39     1933      0.02196
1972     40     1932      0.01759
1972     41     1931      0.01299
1972     42     1930      0.00922
1972     43     1929      0.00599
1972     44     1928      0.00359
1972     45     1927      0.00214
1972     46     1926      0.00109
1972     47     1925      0.00057
1972     48     1924      0.00030
1972     49     1923      0.00018
1972     50     1922      0.00012
1972     51     1921      0.00008
1972     52     1920      0.00006
1972     53     1919      0.00004
1972     54     1918      0.00002
1972     55+    1917-     0.00008
1973     12-    1961+     0.00000
1973     13     1960      0.00000
1973     14     1959      0.00003
1973     15     1958      0.00029
1973     16     1957      0.00197
1973     17     1956      0.00833
1973     18     1955      0.02791
1973     19     1954      0.07076
1973     20     1953      0.11980
1973     21     1952      0.15404
1973     22     1951      0.16509
1973     23     1950      0.15741
1973     24     1949      0.14964
1973     25     1948      0.13133
1973     26     1947      0.11959
1973     27     1946      0.11214
1973     28     1945      0.09764
1973     29     1944      0.08912
1973     30     1943      0.08047
1973     31     1942      0.07652
1973     32     1941      0.07009
1973     33     1940      0.06046
1973     34     1939      0.05318
1973     35     1938      0.04464
1973     36     1937      0.03783
1973     37     1936      0.03296
1973     38     1935      0.02757
1973     39     1934      0.02170
1973     40     1933      0.01656
1973     41     1932      0.01250
1973     42     1931      0.00865
1973     43     1930      0.00578
1973     44     1929      0.00362
1973     45     1928      0.00201
1973     46     1927      0.00100
1973     47     1926      0.00050
1973     48     1925      0.00026
1973     49     1924      0.00013
1973     50     1923      0.00007
1973     51     1922      0.00005
1973     52     1921      0.00003
1973     53     1920      0.00002
1973     54     1919      0.00002
1973     55+    1918-     0.00005
1974     12-    1962+     0.00000
1974     13     1961      0.00000
1974     14     1960      0.00003
1974     15     1959      0.00033
1974     16     1958      0.00213
1974     17     1957      0.00906
1974     18     1956      0.02967
1974     19     1955      0.07321
1974     20     1954      0.12742
1974     21     1953      0.15846
1974     22     1952      0.16907
1974     23     1951      0.16478
1974     24     1950      0.15072
1974     25     1949      0.14136
1974     26     1948      0.12276
1974     27     1947      0.11203
1974     28     1946      0.10398
1974     29     1945      0.08851
1974     30     1944      0.08230
1974     31     1943      0.07117
1974     32     1942      0.06484
1974     33     1941      0.05967
1974     34     1940      0.05059
1974     35     1939      0.04487
1974     36     1938      0.03758
1974     37     1937      0.03116
1974     38     1936      0.02644
1974     39     1935      0.02175
1974     40     1934      0.01676
1974     41     1933      0.01189
1974     42     1932      0.00879
1974     43     1931      0.00598
1974     44     1930      0.00360
1974     45     1929      0.00205
1974     46     1928      0.00107
1974     47     1927      0.00053
1974     48     1926      0.00025
1974     49     1925      0.00014
1974     50     1924      0.00008
1974     51     1923      0.00005
1974     52     1922      0.00003
1974     53     1921      0.00002
1974     54     1920      0.00001
1974     55+    1919-     0.00002
1975     12-    1963+     0.00000
1975     13     1962      0.00000
1975     14     1961      0.00003
1975     15     1960      0.00036
1975     16     1959      0.00228
1975     17     1958      0.00964
1975     18     1957      0.03147
1975     19     1956      0.07496
1975     20     1955      0.12812
1975     21     1954      0.16311
1975     22     1953      0.16708
1975     23     1952      0.16165
1975     24     1951      0.15097
1975     25     1950      0.13561
1975     26     1949      0.12696
1975     27     1948      0.11039
1975     28     1947      0.09998
1975     29     1946      0.09197
1975     30     1945      0.07855
1975     31     1944      0.07159
1975     32     1943      0.06217
1975     33     1942      0.05617
1975     34     1941      0.04942
1975     35     1940      0.04171
1975     36     1939      0.03636
1975     37     1938      0.02942
1975     38     1937      0.02376
1975     39     1936      0.02016
1975     40     1935      0.01634
1975     41     1934      0.01173
1975     42     1933      0.00798
1975     43     1932      0.00548
1975     44     1931      0.00332
1975     45     1930      0.00195
1975     46     1929      0.00100
1975     47     1928      0.00046
1975     48     1927      0.00025
1975     49     1926      0.00014
1975     50     1925      0.00008
1975     51     1924      0.00005
1975     52     1923      0.00003
1975     53     1922      0.00002
1975     54     1921      0.00001
1975     55+    1920-     0.00005
1976     12-    1964+     0.00000
1976     13     1963      0.00000
1976     14     1962      0.00004
1976     15     1961      0.00042
1976     16     1960      0.00258
1976     17     1959      0.01045
1976     18     1958      0.03277
1976     19     1957      0.07857
1976     20     1956      0.13151
1976     21     1955      0.16228
1976     22     1954      0.17034
1976     23     1953      0.16152
1976     24     1952      0.15069
1976     25     1951      0.13820
1976     26     1950      0.12448
1976     27     1949      0.11609
1976     28     1948      0.09934
1976     29     1947      0.08828
1976     30     1946      0.08074
1976     31     1945      0.06651
1976     32     1944      0.05861
1976     33     1943      0.04990
1976     34     1942      0.04442
1976     35     1941      0.04018
1976     36     1940      0.03353
1976     37     1939      0.02806
1976     38     1938      0.02208
1976     39     1937      0.01792
1976     40     1936      0.01487
1976     41     1935      0.01122
1976     42     1934      0.00784
1976     43     1933      0.00510
1976     44     1932      0.00318
1976     45     1931      0.00183
1976     46     1930      0.00104
1976     47     1929      0.00052
1976     48     1928      0.00023
1976     49     1927      0.00011
1976     50     1926      0.00005
1976     51     1925      0.00003
1976     52     1924      0.00002
1976     53     1923      0.00001
1976     54     1922      0.00001
1976     55+    1921-     0.00004
1977     12-    1965+     0.00000
1977     13     1964      0.00000
1977     14     1963      0.00005
1977     15     1962      0.00044
1977     16     1961      0.00267
1977     17     1960      0.01138
1977     18     1959      0.03411
1977     19     1958      0.07953
1977     20     1957      0.13396
1977     21     1956      0.16094
1977     22     1955      0.16627
1977     23     1954      0.16087
1977     24     1953      0.14537
1977     25     1952      0.13354
1977     26     1951      0.12329
1977     27     1950      0.11097
1977     28     1949      0.10244
1977     29     1948      0.08806
1977     30     1947      0.07818
1977     31     1946      0.06870
1977     32     1945      0.05546
1977     33     1944      0.04887
1977     34     1943      0.04120
1977     35     1942      0.03676
1977     36     1941      0.03240
1977     37     1940      0.02603
1977     38     1939      0.02153
1977     39     1938      0.01660
1977     40     1937      0.01287
1977     41     1936      0.01010
1977     42     1935      0.00719
1977     43     1934      0.00485
1977     44     1933      0.00294
1977     45     1932      0.00174
1977     46     1931      0.00092
1977     47     1930      0.00045
1977     48     1929      0.00023
1977     49     1928      0.00012
1977     50     1927      0.00006
1977     51     1926      0.00002
1977     52     1925      0.00001
1977     53     1924      0.00001
1977     54     1923      0.00000
1977     55+    1922-     0.00000
1978     12-    1966+     0.00000
1978     13     1965      0.00000
1978     14     1964      0.00005
1978     15     1963      0.00046
1978     16     1962      0.00290
1978     17     1961      0.01200
1978     18     1960      0.03604
1978     19     1959      0.08256
1978     20     1958      0.13517
1978     21     1957      0.16586
1978     22     1956      0.16701
1978     23     1955      0.15689
1978     24     1954      0.14441
1978     25     1953      0.13031
1978     26     1952      0.12084
1978     27     1951      0.11141
1978     28     1950      0.09929
1978     29     1949      0.09064
1978     30     1948      0.07667
1978     31     1947      0.06595
1978     32     1946      0.05713
1978     33     1945      0.04642
1978     34     1944      0.04007
1978     35     1943      0.03267
1978     36     1942      0.02904
1978     37     1941      0.02479
1978     38     1940      0.01932
1978     39     1939      0.01571
1978     40     1938      0.01181
1978     41     1937      0.00873
1978     42     1936      0.00659
1978     43     1935      0.00450
1978     44     1934      0.00277
1978     45     1933      0.00155
1978     46     1932      0.00085
1978     47     1931      0.00043
1978     48     1930      0.00023
1978     49     1929      0.00011
1978     50     1928      0.00005
1978     51     1927      0.00002
1978     52     1926      0.00001
1978     53     1925      0.00001
1978     54     1924      0.00000
1978     55+    1923-     0.00001
1979     12-    1967+     0.00000
1979     13     1966      0.00000
1979     14     1965      0.00007
1979     15     1964      0.00059
1979     16     1963      0.00316
1979     17     1962      0.01231
1979     18     1961      0.03734
1979     19     1960      0.08588
1979     20     1959      0.13941
1979     21     1958      0.16655
1979     22     1957      0.16936
1979     23     1956      0.15525
1979     24     1955      0.14037
1979     25     1954      0.12965
1979     26     1953      0.11599
1979     27     1952      0.10607
1979     28     1951      0.09610
1979     29     1950      0.08454
1979     30     1949      0.07764
1979     31     1948      0.06334
1979     32     1947      0.05326
1979     33     1946      0.04640
1979     34     1945      0.03649
1979     35     1944      0.03151
1979     36     1943      0.02597
1979     37     1942      0.02228
1979     38     1941      0.01876
1979     39     1940      0.01440
1979     40     1939      0.01129
1979     41     1938      0.00806
1979     42     1937      0.00567
1979     43     1936      0.00401
1979     44     1935      0.00258
1979     45     1934      0.00152
1979     46     1933      0.00081
1979     47     1932      0.00041
1979     48     1931      0.00020
1979     49     1930      0.00013
1979     50     1929      0.00006
1979     51     1928      0.00002
1979     52     1927      0.00002
1979     53     1926      0.00001
1979     54     1925      0.00001
1979     55+    1924-     0.00001
1980     12-    1968+     0.00000
1980     13     1967      0.00000
1980     14     1966      0.00005
1980     15     1965      0.00056
1980     16     1964      0.00339
1980     17     1963      0.01305
1980     18     1962      0.03763
1980     19     1961      0.08663
1980     20     1960      0.14301
1980     21     1959      0.17060
1980     22     1958      0.17158
1980     23     1957      0.15880
1980     24     1956      0.14046
1980     25     1955      0.12719
1980     26     1954      0.11643
1980     27     1953      0.10458
1980     28     1952      0.09497
1980     29     1951      0.08467
1980     30     1950      0.07366
1980     31     1949      0.06527
1980     32     1948      0.05277
1980     33     1947      0.04440
1980     34     1946      0.03791
1980     35     1945      0.02989
1980     36     1944      0.02549
1980     37     1943      0.02045
1980     38     1942      0.01692
1980     39     1941      0.01347
1980     40     1940      0.01002
1980     41     1939      0.00758
1980     42     1938      0.00515
1980     43     1937      0.00353
1980     44     1936      0.00227
1980     45     1935      0.00133
1980     46     1934      0.00071
1980     47     1933      0.00034
1980     48     1932      0.00017
1980     49     1931      0.00009
1980     50     1930      0.00004
1980     51     1929      0.00002
1980     52     1928      0.00001
1980     53     1927      0.00001
1980     54     1926      0.00000
1980     55+    1925-     0.00001
1981     12-    1969+     0.00000
1981     13     1968      0.00000
1981     14     1967      0.00007
1981     15     1966      0.00062
1981     16     1965      0.00361
1981     17     1964      0.01391
1981     18     1963      0.03829
1981     19     1962      0.08414
1981     20     1961      0.13795
1981     21     1960      0.16875
1981     22     1959      0.17032
1981     23     1958      0.15875
1981     24     1957      0.14449
1981     25     1956      0.12885
1981     26     1955      0.11730
1981     27     1954      0.10803
1981     28     1953      0.09693
1981     29     1952      0.08738
1981     30     1951      0.07794
1981     31     1950      0.06624
1981     32     1949      0.05732
1981     33     1948      0.04619
1981     34     1947      0.03821
1981     35     1946      0.03209
1981     36     1945      0.02532
1981     37     1944      0.02119
1981     38     1943      0.01631
1981     39     1942      0.01305
1981     40     1941      0.01033
1981     41     1940      0.00742
1981     42     1939      0.00520
1981     43     1938      0.00324
1981     44     1937      0.00196
1981     45     1936      0.00123
1981     46     1935      0.00068
1981     47     1934      0.00032
1981     48     1933      0.00014
1981     49     1932      0.00009
1981     50     1931      0.00005
1981     51     1930      0.00002
1981     52     1929      0.00001
1981     53     1928      0.00001
1981     54     1927      0.00000
1981     55+    1926-     0.00000
1982     12-    1970+     0.00000
1982     13     1969      0.00000
1982     14     1968      0.00009
1982     15     1967      0.00069
1982     16     1966      0.00379
1982     17     1965      0.01474
1982     18     1964      0.03956
1982     19     1963      0.08515
1982     20     1962      0.13753
1982     21     1961      0.16932
1982     22     1960      0.17621
1982     23     1959      0.16562
1982     24     1958      0.15056
1982     25     1957      0.13735
1982     26     1956      0.12272
1982     27     1955      0.11160
1982     28     1954      0.10254
1982     29     1953      0.09023
1982     30     1952      0.08060
1982     31     1951      0.07061
1982     32     1950      0.05941
1982     33     1949      0.05181
1982     34     1948      0.04116
1982     35     1947      0.03440
1982     36     1946      0.02892
1982     37     1945      0.02179
1982     38     1944      0.01742
1982     39     1943      0.01301
1982     40     1942      0.01035
1982     41     1941      0.00779
1982     42     1940      0.00517
1982     43     1939      0.00343
1982     44     1938      0.00196
1982     45     1937      0.00109
1982     46     1936      0.00057
1982     47     1935      0.00031
1982     48     1934      0.00017
1982     49     1933      0.00009
1982     50     1932      0.00005
1982     51     1931      0.00003
1982     52     1930      0.00003
1982     53     1929      0.00001
1982     54     1928      0.00000
1982     55+    1927-     0.00001
1983     12-    1971+     0.00000
1983     13     1970      0.00000
1983     14     1969      0.00008
1983     15     1968      0.00069
1983     16     1967      0.00400
1983     17     1966      0.01586
1983     18     1965      0.04272
1983     19     1964      0.08969
1983     20     1963      0.14157
1983     21     1962      0.17041
1983     22     1961      0.17869
1983     23     1960      0.17439
1983     24     1959      0.16101
1983     25     1958      0.14770
1983     26     1957      0.13554
1983     27     1956      0.12158
1983     28     1955      0.11089
1983     29     1954      0.10100
1983     30     1953      0.08851
1983     31     1952      0.07774
1983     32     1951      0.06715
1983     33     1950      0.05605
1983     34     1949      0.04800
1983     35     1948      0.03775
1983     36     1947      0.03053
1983     37     1946      0.02477
1983     38     1945      0.01812
1983     39     1944      0.01415
1983     40     1943      0.01027
1983     41     1942      0.00752
1983     42     1941      0.00532
1983     43     1940      0.00338
1983     44     1939      0.00202
1983     45     1938      0.00104
1983     46     1937      0.00053
1983     47     1936      0.00029
1983     48     1935      0.00014
1983     49     1934      0.00008
1983     50     1933      0.00005
1983     51     1932      0.00002
1983     52     1931      0.00002
1983     53     1930      0.00001
1983     54     1929      0.00001
1983     55+    1928-     0.00001
1984     12-    1972+     0.00000
1984     13     1971      0.00000
1984     14     1970      0.00008
1984     15     1969      0.00071
1984     16     1968      0.00426
1984     17     1967      0.01685
1984     18     1966      0.04542
1984     19     1965      0.09401
1984     20     1964      0.14564
1984     21     1963      0.17254
1984     22     1962      0.17727
1984     23     1961      0.17080
1984     24     1960      0.15906
1984     25     1959      0.14443
1984     26     1958      0.13040
1984     27     1957      0.11854
1984     28     1956      0.10425
1984     29     1955      0.09354
1984     30     1954      0.08477
1984     31     1953      0.07280
1984     32     1952      0.06344
1984     33     1951      0.05492
1984     34     1950      0.04560
1984     35     1949      0.03874
1984     36     1948      0.02990
1984     37     1947      0.02354
1984     38     1946      0.01840
1984     39     1945      0.01308
1984     40     1944      0.01013
1984     41     1943      0.00704
1984     42     1942      0.00495
1984     43     1941      0.00326
1984     44     1940      0.00185
1984     45     1939      0.00099
1984     46     1938      0.00046
1984     47     1937      0.00023
1984     48     1936      0.00011
1984     49     1935      0.00007
1984     50     1934      0.00005
1984     51     1933      0.00002
1984     52     1932      0.00001
1984     53     1931      0.00001
1984     54     1930      0.00001
1984     55+    1929-     0.00001
1985     12-    1973+     0.00000
1985     13     1972      0.00000
1985     14     1971      0.00006
1985     15     1970      0.00067
1985     16     1969      0.00438
1985     17     1968      0.01757
1985     18     1967      0.04690
1985     19     1966      0.09640
1985     20     1965      0.14698
1985     21     1964      0.17229
1985     22     1963      0.17644
1985     23     1962      0.16822
1985     24     1961      0.15687
1985     25     1960      0.14509
1985     26     1959      0.13091
1985     27     1958      0.11770
1985     28     1957      0.10625
1985     29     1956      0.09298
1985     30     1955      0.08276
1985     31     1954      0.07318
1985     32     1953      0.06218
1985     33     1952      0.05387
1985     34     1951      0.04609
1985     35     1950      0.03787
1985     36     1949      0.03148
1985     37     1948      0.02376
1985     38     1947      0.01821
1985     39     1946      0.01411
1985     40     1945      0.00988
1985     41     1944      0.00712
1985     42     1943      0.00453
1985     43     1942      0.00297
1985     44     1941      0.00188
1985     45     1940      0.00103
1985     46     1939      0.00054
1985     47     1938      0.00023
1985     48     1937      0.00011
1985     49     1936      0.00006
1985     50     1935      0.00002
1985     51     1934      0.00002
1985     52     1933      0.00002
1985     53     1932      0.00001
1985     54     1931      0.00001
1985     55+    1930-     0.00001
1986     12-    1974+     0.00000
1986     13     1973      0.00000
1986     14     1972      0.00007
1986     15     1971      0.00070
1986     16     1970      0.00454
1986     17     1969      0.01813
1986     18     1968      0.04819
1986     19     1967      0.09830
1986     20     1966      0.15058
1986     21     1965      0.17709
1986     22     1964      0.18112
1986     23     1963      0.17382
1986     24     1962      0.16164
1986     25     1961      0.15085
1986     26     1960      0.13957
1986     27     1959      0.12672
1986     28     1958      0.11438
1986     29     1957      0.10259
1986     30     1956      0.08975
1986     31     1955      0.07925
1986     32     1954      0.07023
1986     33     1953      0.05998
1986     34     1952      0.05178
1986     35     1951      0.04416
1986     36     1950      0.03581
1986     37     1949      0.02926
1986     38     1948      0.02122
1986     39     1947      0.01580
1986     40     1946      0.01182
1986     41     1945      0.00768
1986     42     1944      0.00535
1986     43     1943      0.00334
1986     44     1942      0.00198
1986     45     1941      0.00111
1986     46     1940      0.00054
1986     47     1939      0.00023
1986     48     1938      0.00009
1986     49     1937      0.00006
1986     50     1936      0.00003
1986     51     1935      0.00002
1986     52     1934      0.00001
1986     53     1933      0.00001
1986     54     1932      0.00001
1986     55+    1931-     0.00001
1987     12-    1975+     0.00000
1987     13     1974      0.00000
1987     14     1973      0.00007
1987     15     1972      0.00076
1987     16     1971      0.00480
1987     17     1970      0.01939
1987     18     1969      0.05195
1987     19     1968      0.10448
1987     20     1967      0.15593
1987     21     1966      0.18138
1987     22     1965      0.18481
1987     23     1964      0.17594
1987     24     1963      0.16325
1987     25     1962      0.15115
1987     26     1961      0.13985
1987     27     1960      0.12872
1987     28     1959      0.11582
1987     29     1958      0.10407
1987     30     1957      0.09320
1987     31     1956      0.08054
1987     32     1955      0.07071
1987     33     1954      0.06252
1987     34     1953      0.05318
1987     35     1952      0.04523
1987     36     1951      0.03801
1987     37     1950      0.03002
1987     38     1949      0.02338
1987     39     1948      0.01664
1987     40     1947      0.01218
1987     41     1946      0.00861
1987     42     1945      0.00543
1987     43     1944      0.00358
1987     44     1943      0.00206
1987     45     1942      0.00109
1987     46     1941      0.00055
1987     47     1940      0.00024
1987     48     1939      0.00010
1987     49     1938      0.00006
1987     50     1937      0.00003
1987     51     1936      0.00002
1987     52     1935      0.00001
1987     53     1934      0.00001
1987     54     1933      0.00000
1987     55+    1932-     0.00001
1988     12-    1976+     0.00000
1988     13     1975      0.00000
1988     14     1974      0.00004
1988     15     1973      0.00051
1988     16     1972      0.00434
1988     17     1971      0.01893
1988     18     1970      0.05260
1988     19     1969      0.10801
1988     20     1968      0.15892
1988     21     1967      0.18212
1988     22     1966      0.18340
1988     23     1965      0.17222
1988     24     1964      0.15724
1988     25     1963      0.14382
1988     26     1962      0.13145
1988     27     1961      0.11975
1988     28     1960      0.10870
1988     29     1959      0.09695
1988     30     1958      0.08564
1988     31     1957      0.07504
1988     32     1956      0.06370
1988     33     1955      0.05561
1988     34     1954      0.04909
1988     35     1953      0.04142
1988     36     1952      0.03458
1988     37     1951      0.02786
1988     38     1950      0.02125
1988     39     1949      0.01642
1988     40     1948      0.01144
1988     41     1947      0.00780
1988     42     1946      0.00541
1988     43     1945      0.00334
1988     44     1944      0.00211
1988     45     1943      0.00111
1988     46     1942      0.00048
1988     47     1941      0.00021
1988     48     1940      0.00011
1988     49     1939      0.00007
1988     50     1938      0.00004
1988     51     1937      0.00004
1988     52     1936      0.00003
1988     53     1935      0.00002
1988     54     1934      0.00003
1988     55+    1933-     0.00018
1989     12-    1977+     0.00000
1989     13     1976      0.00000
1989     14     1975      0.00005
1989     15     1974      0.00067
1989     16     1973      0.00513
1989     17     1972      0.02105
1989     18     1971      0.05638
1989     19     1970      0.11208
1989     20     1969      0.16111
1989     21     1968      0.18002
1989     22     1967      0.17646
1989     23     1966      0.16398
1989     24     1965      0.14876
1989     25     1964      0.13386
1989     26     1963      0.12121
1989     27     1962      0.10912
1989     28     1961      0.09763
1989     29     1960      0.08709
1989     30     1959      0.07686
1989     31     1958      0.06660
1989     32     1957      0.05753
1989     33     1956      0.04881
1989     34     1955      0.04199
1989     35     1954      0.03629
1989     36     1953      0.02951
1989     37     1952      0.02399
1989     38     1951      0.01905
1989     39     1950      0.01391
1989     40     1949      0.01043
1989     41     1948      0.00699
1989     42     1947      0.00459
1989     43     1946      0.00309
1989     44     1945      0.00173
1989     45     1944      0.00094
1989     46     1943      0.00044
1989     47     1942      0.00018
1989     48     1941      0.00008
1989     49     1940      0.00005
1989     50     1939      0.00003
1989     51     1938      0.00001
1989     52     1937      0.00001
1989     53     1936      0.00001
1989     54     1935      0.00001
1989     55+    1934-     0.00003
1990     12-    1978+     0.00000
1990     13     1977      0.00000
1990     14     1976      0.00007
1990     15     1975      0.00091
1990     16     1974      0.00663
1990     17     1973      0.02447
1990     18     1972      0.06023
1990     19     1971      0.11459
1990     20     1970      0.16038
1990     21     1969      0.17574
1990     22     1968      0.16911
1990     23     1967      0.15310
1990     24     1966      0.13784
1990     25     1965      0.12398
1990     26     1964      0.11073
1990     27     1963      0.09939
1990     28     1962      0.08846
1990     29     1961      0.07803
1990     30     1960      0.06866
1990     31     1959      0.05937
1990     32     1958      0.05076
1990     33     1957      0.04332
1990     34     1956      0.03613
1990     35     1955      0.03077
1990     36     1954      0.02612
1990     37     1953      0.02080
1990     38     1952      0.01643
1990     39     1951      0.01256
1990     40     1950      0.00898
1990     41     1949      0.00645
1990     42     1948      0.00410
1990     43     1947      0.00254
1990     44     1946      0.00155
1990     45     1945      0.00077
1990     46     1944      0.00035
1990     47     1943      0.00016
1990     48     1942      0.00008
1990     49     1941      0.00004
1990     50     1940      0.00002
1990     51     1939      0.00001
1990     52     1938      0.00001
1990     53     1937      0.00001
1990     54     1936      0.00000
1990     55+    1935-     0.00001
1991     12-    1979+     0.00000
1991     13     1978      0.00000
1991     14     1977      0.00007
1991     15     1976      0.00099
1991     16     1975      0.00703
1991     17     1974      0.02550
1991     18     1973      0.06046
1991     19     1972      0.11054
1991     20     1971      0.15235
1991     21     1970      0.16551
1991     22     1969      0.15792
1991     23     1968      0.14217
1991     24     1967      0.12562
1991     25     1966      0.11221
1991     26     1965      0.09991
1991     27     1964      0.08838
1991     28     1963      0.07828
1991     29     1962      0.06820
1991     30     1961      0.05949
1991     31     1960      0.05168
1991     32     1959      0.04394
1991     33     1958      0.03723
1991     34     1957      0.03161
1991     35     1956      0.02612
1991     36     1955      0.02175
1991     37     1954      0.01798
1991     38     1953      0.01396
1991     39     1952      0.01083
1991     40     1951      0.00825
1991     41     1950      0.00577
1991     42     1949      0.00389
1991     43     1948      0.00232
1991     44     1947      0.00134
1991     45     1946      0.00073
1991     46     1945      0.00035
1991     47     1944      0.00016
1991     48     1943      0.00007
1991     49     1942      0.00004
1991     50     1941      0.00001
1991     51     1940      0.00000
1991     52     1939      0.00000
1991     53     1938      0.00000
1991     54     1937      0.00000
1991     55+    1936-     0.00001
1992     12-    1980+     0.00000
1992     13     1979      0.00000
1992     14     1978      0.00007
1992     15     1977      0.00093
1992     16     1976      0.00663
1992     17     1975      0.02435
1992     18     1974      0.05852
1992     19     1973      0.10348
1992     20     1972      0.13869
1992     21     1971      0.15109
1992     22     1970      0.14379
1992     23     1969      0.12864
1992     24     1968      0.11333
1992     25     1967      0.09994
1992     26     1966      0.08836
1992     27     1965      0.07763
1992     28     1964      0.06762
1992     29     1963      0.05869
1992     30     1962      0.05108
1992     31     1961      0.04363
1992     32     1960      0.03694
1992     33     1959      0.03133
1992     34     1958      0.02631
1992     35     1957      0.02229
1992     36     1956      0.01820
1992     37     1955      0.01483
1992     38     1954      0.01207
1992     39     1953      0.00922
1992     40     1952      0.00696
1992     41     1951      0.00511
1992     42     1950      0.00339
1992     43     1949      0.00215
1992     44     1948      0.00123
1992     45     1947      0.00060
1992     46     1946      0.00028
1992     47     1945      0.00014
1992     48     1944      0.00007
1992     49     1943      0.00004
1992     50     1942      0.00002
1992     51     1941      0.00001
1992     52     1940      0.00001
1992     53     1939      0.00000
1992     54     1938      0.00000
1992     55+    1937-     0.00001
1993     12-    1981+     0.00000
1993     13     1980      0.00000
1993     14     1979      0.00007
1993     15     1978      0.00100
1993     16     1977      0.00658
1993     17     1976      0.02285
1993     18     1975      0.05429
1993     19     1974      0.09676
1993     20     1973      0.12759
1993     21     1972      0.13537
1993     22     1971      0.12770
1993     23     1970      0.11412
1993     24     1969      0.10135
1993     25     1968      0.08945
1993     26     1967      0.07806
1993     27     1966      0.06823
1993     28     1965      0.05951
1993     29     1964      0.05124
1993     30     1963      0.04383
1993     31     1962      0.03692
1993     32     1961      0.03078
1993     33     1960      0.02571
1993     34     1959      0.02141
1993     35     1958      0.01786
1993     36     1957      0.01482
1993     37     1956      0.01175
1993     38     1955      0.00924
1993     39     1954      0.00730
1993     40     1953      0.00543
1993     41     1952      0.00393
1993     42     1951      0.00274
1993     43     1950      0.00173
1993     44     1949      0.00104
1993     45     1948      0.00052
1993     46     1947      0.00023
1993     47     1946      0.00012
1993     48     1945      0.00006
1993     49     1944      0.00003
1993     50     1943      0.00001
1993     51     1942      0.00001
1993     52     1941      0.00000
1993     53     1940      0.00000
1993     54     1939      0.00000
1993     55+    1938-     0.00000
1994     12-    1982+     0.00000
1994     13     1981      0.00000
1994     14     1980      0.00008
1994     15     1979      0.00116
1994     16     1978      0.00739
1994     17     1977      0.02460
1994     18     1976      0.05672
1994     19     1975      0.09863
1994     20     1974      0.12924
1994     21     1973      0.13539
1994     22     1972      0.12642
1994     23     1971      0.11461
1994     24     1970      0.10243
1994     25     1969      0.09158
1994     26     1968      0.08132
1994     27     1967      0.07129
1994     28     1966      0.06242
1994     29     1965      0.05368
1994     30     1964      0.04568
1994     31     1963      0.03836
1994     32     1962      0.03152
1994     33     1961      0.02617
1994     34     1960      0.02185
1994     35     1959      0.01774
1994     36     1958      0.01444
1994     37     1957      0.01163
1994     38     1956      0.00874
1994     39     1955      0.00668
1994     40     1954      0.00516
1994     41     1953      0.00362
1994     42     1952      0.00242
1994     43     1951      0.00155
1994     44     1950      0.00091
1994     45     1949      0.00049
1994     46     1948      0.00022
1994     47     1947      0.00009
1994     48     1946      0.00004
1994     49     1945      0.00002
1994     50     1944      0.00001
1994     51     1943      0.00001
1994     52     1942      0.00000
1994     53     1941      0.00000
1994     54     1940      0.00000
1994     55+    1939-     0.00000
1995     12-    1983+     0.00000
1995     13     1982      0.00000
1995     14     1981      0.00008
1995     15     1980      0.00107
1995     16     1979      0.00680
1995     17     1978      0.02289
1995     18     1977      0.05184
1995     19     1976      0.08868
1995     20     1975      0.11793
1995     21     1974      0.12739
1995     22     1973      0.11993
1995     23     1972      0.10786
1995     24     1971      0.09836
1995     25     1970      0.08907
1995     26     1969      0.07972
1995     27     1968      0.07060
1995     28     1967      0.06159
1995     29     1966      0.05400
1995     30     1965      0.04638
1995     31     1964      0.03907
1995     32     1963      0.03241
1995     33     1962      0.02643
1995     34     1961      0.02175
1995     35     1960      0.01784
1995     36     1959      0.01443
1995     37     1958      0.01148
1995     38     1957      0.00885
1995     39     1956      0.00663
1995     40     1955      0.00493
1995     41     1954      0.00354
1995     42     1953      0.00234
1995     43     1952      0.00148
1995     44     1951      0.00086
1995     45     1950      0.00044
1995     46     1949      0.00021
1995     47     1948      0.00008
1995     48     1947      0.00003
1995     49     1946      0.00002
1995     50     1945      0.00001
1995     51     1944      0.00000
1995     52     1943      0.00000
1995     53     1942      0.00000
1995     54     1941      0.00000
1995     55+    1940-     0.00000
1996     12-    1984+     0.00000
1996     13     1983      0.00000
1996     14     1982      0.00006
1996     15     1981      0.00085
1996     16     1980      0.00561
1996     17     1979      0.01944
1996     18     1978      0.04503
1996     19     1977      0.07791
1996     20     1976      0.10514
1996     21     1975      0.11634
1996     22     1974      0.11312
1996     23     1973      0.10300
1996     24     1972      0.09361
1996     25     1971      0.08587
1996     26     1970      0.07728
1996     27     1969      0.06915
1996     28     1968      0.06139
1996     29     1967      0.05329
1996     30     1966      0.04642
1996     31     1965      0.03994
1996     32     1964      0.03286
1996     33     1963      0.02701
1996     34     1962      0.02206
1996     35     1961      0.01806
1996     36     1960      0.01474
1996     37     1959      0.01169
1996     38     1958      0.00909
1996     39     1957      0.00680
1996     40     1956      0.00495
1996     41     1955      0.00360
1996     42     1954      0.00248
1996     43     1953      0.00157
1996     44     1952      0.00091
1996     45     1951      0.00047
1996     46     1950      0.00021
1996     47     1949      0.00009
1996     48     1948      0.00004
1996     49     1947      0.00001
1996     50     1946      0.00001
1996     51     1945      0.00000
1996     52     1944      0.00000
1996     53     1943      0.00000
1996     54     1942      0.00000
1996     55+    1941-     0.00001
1997     12-    1985+     0.00000
1997     13     1984      0.00000
1997     14     1983      0.00010
1997     15     1982      0.00127
1997     16     1981      0.00634
1997     17     1980      0.01860
1997     18     1979      0.04154
1997     19     1978      0.07064
1997     20     1977      0.09449
1997     21     1976      0.10503
1997     22     1975      0.10440
1997     23     1974      0.09795
1997     24     1973      0.08978
1997     25     1972      0.08231
1997     26     1971      0.07521
1997     27     1970      0.06791
1997     28     1969      0.06073
1997     29     1968      0.05372
1997     30     1967      0.04735
1997     31     1966      0.04073
1997     32     1965      0.03378
1997     33     1964      0.02843
1997     34     1963      0.02323
1997     35     1962      0.01852
1997     36     1961      0.01498
1997     37     1960      0.01170
1997     38     1959      0.00893
1997     39     1958      0.00677
1997     40     1957      0.00503
1997     41     1956      0.00342
1997     42     1955      0.00229
1997     43     1954      0.00145
1997     44     1953      0.00083
1997     45     1952      0.00041
1997     46     1951      0.00020
1997     47     1950      0.00009
1997     48     1949      0.00003
1997     49     1948      0.00002
1997     50     1947      0.00001
1997     51     1946      0.00000
1997     52     1945      0.00000
1997     53     1944      0.00000
1997     54     1943      0.00000
1997     55+    1942-     0.00001
1998     12-    1986+     0.00000
1998     13     1985      0.00000
1998     14     1984      0.00009
1998     15     1983      0.00116
1998     16     1982      0.00584
1998     17     1981      0.01739
1998     18     1980      0.03879
1998     19     1979      0.06711
1998     20     1978      0.09211
1998     21     1977      0.10319
1998     22     1976      0.10329
1998     23     1975      0.09849
1998     24     1974      0.09220
1998     25     1973      0.08439
1998     26     1972      0.07639
1998     27     1971      0.06966
1998     28     1970      0.06265
1998     29     1969      0.05598
1998     30     1968      0.04962
1998     31     1967      0.04294
1998     32     1966      0.03611
1998     33     1965      0.02958
1998     34     1964      0.02456
1998     35     1963      0.02010
1998     36     1962      0.01604
1998     37     1961      0.01259
1998     38     1960      0.00963
1998     39     1959      0.00728
1998     40     1958      0.00534
1998     41     1957      0.00369
1998     42     1956      0.00239
1998     43     1955      0.00149
1998     44     1954      0.00089
1998     45     1953      0.00045
1998     46     1952      0.00021
1998     47     1951      0.00009
1998     48     1950      0.00004
1998     49     1949      0.00002
1998     50     1948      0.00000
1998     51     1947      0.00000
1998     52     1946      0.00000
1998     53     1945      0.00001
1998     54     1944      0.00001
1998     55+    1943-     0.00002
1999     12-    1987+     0.00000
1999     13     1986      0.00000
1999     14     1985      0.00008
1999     15     1984      0.00091
1999     16     1983      0.00477
1999     17     1982      0.01454
1999     18     1981      0.03315
1999     19     1980      0.05863
1999     20     1979      0.08229
1999     21     1978      0.09456
1999     22     1977      0.09675
1999     23     1976      0.09332
1999     24     1975      0.08797
1999     25     1974      0.08166
1999     26     1973      0.07365
1999     27     1972      0.06636
1999     28     1971      0.05995
1999     29     1970      0.05308
1999     30     1969      0.04726
1999     31     1968      0.04146
1999     32     1967      0.03483
1999     33     1966      0.02893
1999     34     1965      0.02399
1999     35     1964      0.01988
1999     36     1963      0.01590
1999     37     1962      0.01224
1999     38     1961      0.00939
1999     39     1960      0.00700
1999     40     1959      0.00512
1999     41     1958      0.00363
1999     42     1957      0.00245
1999     43     1956      0.00147
1999     44     1955      0.00083
1999     45     1954      0.00045
1999     46     1953      0.00021
1999     47     1952      0.00010
1999     48     1951      0.00005
1999     49     1950      0.00002
1999     50     1949      0.00001
1999     51     1948      0.00001
1999     52     1947      0.00001
1999     53     1946      0.00000
1999     54     1945      0.00000
1999     55+    1944-     0.00001
2000     12-    1988+     0.00000
2000     13     1987      0.00000
2000     14     1986      0.00007
2000     15     1985      0.00083
2000     16     1984      0.00429
2000     17     1983      0.01329
2000     18     1982      0.03112
2000     19     1981      0.05596
2000     20     1980      0.07946
2000     21     1979      0.09448
2000     22     1978      0.09879
2000     23     1977      0.09639
2000     24     1976      0.09155
2000     25     1975      0.08504
2000     26     1974      0.07793
2000     27     1973      0.06983
2000     28     1972      0.06280
2000     29     1971      0.05727
2000     30     1970      0.05143
2000     31     1969      0.04461
2000     32     1968      0.03760
2000     33     1967      0.03155
2000     34     1966      0.02620
2000     35     1965      0.02130
2000     36     1964      0.01693
2000     37     1963      0.01330
2000     38     1962      0.01019
2000     39     1961      0.00762
2000     40     1960      0.00552
2000     41     1959      0.00390
2000     42     1958      0.00257
2000     43     1957      0.00156
2000     44     1956      0.00087
2000     45     1955      0.00046
2000     46     1954      0.00022
2000     47     1953      0.00009
2000     48     1952      0.00005
2000     49     1951      0.00003
2000     50     1950      0.00001
2000     51     1949      0.00000
2000     52     1948      0.00000
2000     53     1947      0.00000
2000     54     1946      0.00000
2000     55+    1945-     0.00000
2001     12-    1989+     0.00000
2001     13     1988      0.00000
2001     14     1987      0.00008
2001     15     1986      0.00090
2001     16     1985      0.00444
2001     17     1984      0.01323
2001     18     1983      0.03027
2001     19     1982      0.05428
2001     20     1981      0.07804
2001     21     1980      0.09224
2001     22     1979      0.09767
2001     23     1978      0.09656
2001     24     1977      0.09263
2001     25     1976      0.08756
2001     26     1975      0.08055
2001     27     1974      0.07357
2001     28     1973      0.06623
2001     29     1972      0.05903
2001     30     1971      0.05365
2001     31     1970      0.04750
2001     32     1969      0.04066
2001     33     1968      0.03419
2001     34     1967      0.02823
2001     35     1966      0.02333
2001     36     1965      0.01880
2001     37     1964      0.01462
2001     38     1963      0.01092
2001     39     1962      0.00807
2001     40     1961      0.00589
2001     41     1960      0.00399
2001     42     1959      0.00259
2001     43     1958      0.00161
2001     44     1957      0.00090
2001     45     1956      0.00046
2001     46     1955      0.00022
2001     47     1954      0.00009
2001     48     1953      0.00005
2001     49     1952      0.00003
2001     50     1951      0.00002
2001     51     1950      0.00001
2001     52     1949      0.00000
2001     53     1948      0.00000
2001     54     1947      0.00000
2001     55+    1946-     0.00001
2002     12-    1990+     0.00000
2002     13     1989      0.00000
2002     14     1988      0.00009
2002     15     1987      0.00099
2002     16     1986      0.00466
2002     17     1985      0.01331
2002     18     1984      0.02973
2002     19     1983      0.05343
2002     20     1982      0.07708
2002     21     1981      0.09274
2002     22     1980      0.09849
2002     23     1979      0.10023
2002     24     1978      0.09872
2002     25     1977      0.09273
2002     26     1976      0.08551
2002     27     1975      0.07853
2002     28     1974      0.07187
2002     29     1973      0.06391
2002     30     1972      0.05690
2002     31     1971      0.05122
2002     32     1970      0.04421
2002     33     1969      0.03780
2002     34     1968      0.03198
2002     35     1967      0.02615
2002     36     1966      0.02119
2002     37     1965      0.01660
2002     38     1964      0.01240
2002     39     1963      0.00916
2002     40     1962      0.00652
2002     41     1961      0.00433
2002     42     1960      0.00271
2002     43     1959      0.00166
2002     44     1958      0.00093
2002     45     1957      0.00046
2002     46     1956      0.00022
2002     47     1955      0.00010
2002     48     1954      0.00005
2002     49     1953      0.00003
2002     50     1952      0.00001
2002     51     1951      0.00001
2002     52     1950      0.00001
2002     53     1949      0.00000
2002     54     1948      0.00000
2002     55+    1947-     0.00001
2003     12-    1991+     0.00000
2003     13     1990      0.00000
2003     14     1989      0.00010
2003     15     1988      0.00107
2003     16     1987      0.00507
2003     17     1986      0.01402
2003     18     1985      0.03038
2003     19     1984      0.05337
2003     20     1983      0.07613
2003     21     1982      0.09174
2003     22     1981      0.09928
2003     23     1980      0.10063
2003     24     1979      0.10006
2003     25     1978      0.09664
2003     26     1977      0.09010
2003     27     1976      0.08239
2003     28     1975      0.07478
2003     29     1974      0.06801
2003     30     1973      0.06093
2003     31     1972      0.05411
2003     32     1971      0.04756
2003     33     1970      0.04049
2003     34     1969      0.03419
2003     35     1968      0.02880
2003     36     1967      0.02347
2003     37     1966      0.01806
2003     38     1965      0.01342
2003     39     1964      0.00991
2003     40     1963      0.00699
2003     41     1962      0.00475
2003     42     1961      0.00310
2003     43     1960      0.00181
2003     44     1959      0.00094
2003     45     1958      0.00050
2003     46     1957      0.00023
2003     47     1956      0.00009
2003     48     1955      0.00005
2003     49     1954      0.00003
2003     50     1953      0.00001
2003     51     1952      0.00000
2003     52     1951      0.00001
2003     53     1950      0.00001
2003     54     1949      0.00000
2003     55+    1948-     0.00000
2004     12-    1992+     0.00000
2004     13     1991      0.00001
2004     14     1990      0.00015
2004     15     1989      0.00114
2004     16     1988      0.00514
2004     17     1987      0.01465
2004     18     1986      0.03103
2004     19     1985      0.05301
2004     20     1984      0.07426
2004     21     1983      0.08886
2004     22     1982      0.09672
2004     23     1981      0.09927
2004     24     1980      0.09833
2004     25     1979      0.09626
2004     26     1978      0.09104
2004     27     1977      0.08390
2004     28     1976      0.07647
2004     29     1975      0.06899
2004     30     1974      0.06269
2004     31     1973      0.05578
2004     32     1972      0.04864
2004     33     1971      0.04196
2004     34     1970      0.03516
2004     35     1969      0.02978
2004     36     1968      0.02510
2004     37     1967      0.01972
2004     38     1966      0.01483
2004     39     1965      0.01082
2004     40     1964      0.00762
2004     41     1963      0.00518
2004     42     1962      0.00331
2004     43     1961      0.00198
2004     44     1960      0.00109
2004     45     1959      0.00054
2004     46     1958      0.00024
2004     47     1957      0.00011
2004     48     1956      0.00005
2004     49     1955      0.00003
2004     50     1954      0.00002
2004     51     1953      0.00001
2004     52     1952      0.00000
2004     53     1951      0.00000
2004     54     1950      0.00000
2004     55+    1949-     0.00000
2005     12-    1993+     0.00000
2005     13     1992      0.00003
2005     14     1991      0.00016
2005     15     1990      0.00111
2005     16     1989      0.00491
2005     17     1988      0.01398
2005     18     1987      0.02988
2005     19     1986      0.05026
2005     20     1985      0.06892
2005     21     1984      0.08249
2005     22     1983      0.08992
2005     23     1982      0.09330
2005     24     1981      0.09381
2005     25     1980      0.09087
2005     26     1979      0.08706
2005     27     1978      0.08169
2005     28     1977      0.07522
2005     29     1976      0.06798
2005     30     1975      0.06101
2005     31     1974      0.05509
2005     32     1973      0.04813
2005     33     1972      0.04147
2005     34     1971      0.03559
2005     35     1970      0.02954
2005     36     1969      0.02448
2005     37     1968      0.01966
2005     38     1967      0.01502
2005     39     1966      0.01126
2005     40     1965      0.00790
2005     41     1964      0.00534
2005     42     1963      0.00347
2005     43     1962      0.00207
2005     44     1961      0.00115
2005     45     1960      0.00059
2005     46     1959      0.00026
2005     47     1958      0.00014
2005     48     1957      0.00007
2005     49     1956      0.00004
2005     50     1955      0.00001
2005     51     1954      0.00001
2005     52     1953      0.00001
2005     53     1952      0.00000
2005     54     1951      0.00000
2005     55+    1950-     0.00000
2006     12-    1994+     0.00000
2006     13     1993      0.00002
2006     14     1992      0.00015
2006     15     1991      0.00105
2006     16     1990      0.00491
2006     17     1989      0.01391
2006     18     1988      0.02955
2006     19     1987      0.05065
2006     20     1986      0.06937
2006     21     1985      0.08090
2006     22     1984      0.08820
2006     23     1983      0.09273
2006     24     1982      0.09440
2006     25     1981      0.09210
2006     26     1980      0.08623
2006     27     1979      0.08114
2006     28     1978      0.07600
2006     29     1977      0.06969
2006     30     1976      0.06324
2006     31     1975      0.05585
2006     32     1974      0.04924
2006     33     1973      0.04280
2006     34     1972      0.03661
2006     35     1971      0.03107
2006     36     1970      0.02527
2006     37     1969      0.02010
2006     38     1968      0.01571
2006     39     1967      0.01176
2006     40     1966      0.00838
2006     41     1965      0.00555
2006     42     1964      0.00354
2006     43     1963      0.00214
2006     44     1962      0.00114
2006     45     1961      0.00057
2006     46     1960      0.00026
2006     47     1959      0.00012
2006     48     1958      0.00006
2006     49     1957      0.00004
2006     50     1956      0.00002
2006     51     1955      0.00001
2006     52     1954      0.00001
2006     53     1953      0.00000
2006     54     1952      0.00000
2006     55+    1951-     0.00001
2007     12-    1995+     0.00000
2007     13     1994      0.00002
2007     14     1993      0.00017
2007     15     1992      0.00125
2007     16     1991      0.00502
2007     17     1990      0.01367
2007     18     1989      0.02904
2007     19     1988      0.05021
2007     20     1987      0.06958
2007     21     1986      0.08137
2007     22     1985      0.08764
2007     23     1984      0.09325
2007     24     1983      0.09790
2007     25     1982      0.09931
2007     26     1981      0.09561
2007     27     1980      0.08839
2007     28     1979      0.08366
2007     29     1978      0.07932
2007     30     1977      0.07284
2007     31     1976      0.06522
2007     32     1975      0.05711
2007     33     1974      0.04988
2007     34     1973      0.04285
2007     35     1972      0.03681
2007     36     1971      0.03083
2007     37     1970      0.02437
2007     38     1969      0.01889
2007     39     1968      0.01441
2007     40     1967      0.01036
2007     41     1966      0.00692
2007     42     1965      0.00427
2007     43     1964      0.00254
2007     44     1963      0.00143
2007     45     1962      0.00069
2007     46     1961      0.00032
2007     47     1960      0.00014
2007     48     1959      0.00007
2007     49     1958      0.00003
2007     50     1957      0.00002
2007     51     1956      0.00001
2007     52     1955      0.00001
2007     53     1954      0.00000
2007     54     1953      0.00000
2007     55+    1952-     0.00001
2008     12-    1996+     0.00001
2008     13     1995      0.00003
2008     14     1994      0.00020
2008     15     1993      0.00133
2008     16     1992      0.00538
2008     17     1991      0.01481
2008     18     1990      0.02998
2008     19     1989      0.04992
2008     20     1988      0.06980
2008     21     1987      0.08311
2008     22     1986      0.08976
2008     23     1985      0.09416
2008     24     1984      0.09975
2008     25     1983      0.10298
2008     26     1982      0.10141
2008     27     1981      0.09554
2008     28     1980      0.08830
2008     29     1979      0.08354
2008     30     1978      0.07889
2008     31     1977      0.07238
2008     32     1976      0.06348
2008     33     1975      0.05479
2008     34     1974      0.04818
2008     35     1973      0.04162
2008     36     1972      0.03510
2008     37     1971      0.02821
2008     38     1970      0.02144
2008     39     1969      0.01637
2008     40     1968      0.01199
2008     41     1967      0.00822
2008     42     1966      0.00515
2008     43     1965      0.00294
2008     44     1964      0.00157
2008     45     1963      0.00082
2008     46     1962      0.00037
2008     47     1961      0.00016
2008     48     1960      0.00008
2008     49     1959      0.00005
2008     50     1958      0.00002
2008     51     1957      0.00001
2008     52     1956      0.00001
2008     53     1955      0.00001
2008     54     1954      0.00001
2008     55+    1953-     0.00001
2009     12-    1997+     0.00000
2009     13     1996      0.00003
2009     14     1995      0.00021
2009     15     1994      0.00126
2009     16     1993      0.00527
2009     17     1992      0.01477
2009     18     1991      0.02944
2009     19     1990      0.04790
2009     20     1989      0.06599
2009     21     1988      0.07963
2009     22     1987      0.08908
2009     23     1986      0.09574
2009     24     1985      0.10008
2009     25     1984      0.10390
2009     26     1983      0.10463
2009     27     1982      0.10080
2009     28     1981      0.09373
2009     29     1980      0.08564
2009     30     1979      0.08114
2009     31     1978      0.07564
2009     32     1977      0.06791
2009     33     1976      0.05968
2009     34     1975      0.05122
2009     35     1974      0.04416
2009     36     1973      0.03735
2009     37     1972      0.03029
2009     38     1971      0.02344
2009     39     1970      0.01755
2009     40     1969      0.01299
2009     41     1968      0.00906
2009     42     1967      0.00575
2009     43     1966      0.00338
2009     44     1965      0.00186
2009     45     1964      0.00095
2009     46     1963      0.00044
2009     47     1962      0.00019
2009     48     1961      0.00010
2009     49     1960      0.00005
2009     50     1959      0.00003
2009     51     1958      0.00002
2009     52     1957      0.00002
2009     53     1956      0.00001
2009     54     1955      0.00001
2009     55+    1954-     0.00001
2010     12-    1998+     0.00001
2010     13     1997      0.00003
2010     14     1996      0.00017
2010     15     1995      0.00118
2010     16     1994      0.00485
2010     17     1993      0.01336
2010     18     1992      0.02818
2010     19     1991      0.04611
2010     20     1990      0.06185
2010     21     1989      0.07404
2010     22     1988      0.08455
2010     23     1987      0.09289
2010     24     1986      0.09938
2010     25     1985      0.10306
2010     26     1984      0.10502
2010     27     1983      0.10375
2010     28     1982      0.09920
2010     29     1981      0.09197
2010     30     1980      0.08407
2010     31     1979      0.07875
2010     32     1978      0.07204
2010     33     1977      0.06365
2010     34     1976      0.05514
2010     35     1975      0.04738
2010     36     1974      0.04062
2010     37     1973      0.03266
2010     38     1972      0.02545
2010     39     1971      0.01943
2010     40     1970      0.01400
2010     41     1969      0.00983
2010     42     1968      0.00649
2010     43     1967      0.00391
2010     44     1966      0.00216
2010     45     1965      0.00106
2010     46     1964      0.00049
2010     47     1963      0.00026
2010     48     1962      0.00012
2010     49     1961      0.00007
2010     50     1960      0.00004
2010     51     1959      0.00002
2010     52     1958      0.00001
2010     53     1957      0.00001
2010     54     1956      0.00001
2010     55+    1955-     0.00001
2011     12-    1999+     0.00000
2011     13     1998      0.00004
2011     14     1997      0.00022
2011     15     1996      0.00128
2011     16     1995      0.00510
2011     17     1994      0.01407
2011     18     1993      0.02908
2011     19     1992      0.04809
2011     20     1991      0.06440
2011     21     1990      0.07188
2011     22     1989      0.08365
2011     23     1988      0.09237
2011     24     1987      0.10092
2011     25     1986      0.10560
2011     26     1985      0.10255
2011     27     1984      0.10348
2011     28     1983      0.09969
2011     29     1982      0.09280
2011     30     1981      0.08827
2011     31     1980      0.07514
2011     32     1979      0.07271
2011     33     1978      0.06381
2011     34     1977      0.05729
2011     35     1976      0.04896
2011     36     1975      0.04083
2011     37     1974      0.03433
2011     38     1973      0.02655
2011     39     1972      0.02013
2011     40     1971      0.01496
2011     41     1970      0.00979
2011     42     1969      0.00662
2011     43     1968      0.00406
2011     44     1967      0.00222
2011     45     1966      0.00110
2011     46     1965      0.00052
2011     47     1964      0.00024
2011     48     1963      0.00012
2011     49     1962      0.00007
2011     50     1961      0.00005
2011     51     1960      0.00003
2011     52     1959      0.00002
2011     53     1958      0.00002
2011     54     1957      0.00001
2011     55+    1956-     0.00001
2012     12-    2000+     0.00000
2012     13     1999      0.00003
2012     14     1998      0.00021
2012     15     1997      0.00133
2012     16     1996      0.00513
2012     17     1995      0.01440
2012     18     1994      0.02955
2012     19     1993      0.05111
2012     20     1992      0.06680
2012     21     1991      0.07969
2012     22     1990      0.08270
2012     23     1989      0.09450
2012     24     1988      0.10561
2012     25     1987      0.11253
2012     26     1986      0.11330
2012     27     1985      0.10625
2012     28     1984      0.10628
2012     29     1983      0.10027
2012     30     1982      0.09387
2012     31     1981      0.08815
2012     32     1980      0.07333
2012     33     1979      0.06994
2012     34     1978      0.06213
2012     35     1977      0.05485
2012     36     1976      0.04667
2012     37     1975      0.03682
2012     38     1974      0.03021
2012     39     1973      0.02254
2012     40     1972      0.01657
2012     41     1971      0.01129
2012     42     1970      0.00701
2012     43     1969      0.00446
2012     44     1968      0.00236
2012     45     1967      0.00124
2012     46     1966      0.00058
2012     47     1965      0.00025
2012     48     1964      0.00015
2012     49     1963      0.00008
2012     50     1962      0.00003
2012     51     1961      0.00003
2012     52     1960      0.00001
2012     53     1959      0.00001
2012     54     1958      0.00001
2012     55+    1957-     0.00002
2013     12-    2001+     0.00000
2013     13     2000      0.00002
2013     14     1999      0.00023
2013     15     1998      0.00127
2013     16     1997      0.00528
2013     17     1996      0.01394
2013     18     1995      0.02868
2013     19     1994      0.05036
2013     20     1993      0.06688
2013     21     1992      0.07789
2013     22     1991      0.08624
2013     23     1990      0.09008
2013     24     1989      0.10241
2013     25     1988      0.11018
2013     26     1987      0.11414
2013     27     1986      0.11211
2013     28     1985      0.10328
2013     29     1984      0.10185
2013     30     1983      0.09581
2013     31     1982      0.08883
2013     32     1981      0.08109
2013     33     1980      0.06682
2013     34     1979      0.06385
2013     35     1978      0.05626
2013     36     1977      0.04968
2013     37     1976      0.04006
2013     38     1975      0.03063
2013     39     1974      0.02420
2013     40     1973      0.01785
2013     41     1972      0.01193
2013     42     1971      0.00796
2013     43     1970      0.00443
2013     44     1969      0.00252
2013     45     1968      0.00125
2013     46     1967      0.00062
2013     47     1966      0.00029
2013     48     1965      0.00014
2013     49     1964      0.00009
2013     50     1963      0.00006
2013     51     1962      0.00003
2013     52     1961      0.00003
2013     53     1960      0.00001
2013     54     1959      0.00001
2013     55+    1958-     0.00002
2014     12-    2002+     0.00000
2014     13     2001      0.00002
2014     14     2000      0.00019
2014     15     1999      0.00116
2014     16     1998      0.00494
2014     17     1997      0.01398
2014     18     1996      0.02847
2014     19     1995      0.04865
2014     20     1994      0.06651
2014     21     1993      0.07820
2014     22     1992      0.08502
2014     23     1991      0.09364
2014     24     1990      0.09775
2014     25     1989      0.10973
2014     26     1988      0.11602
2014     27     1987      0.11542
2014     28     1986      0.11112
2014     29     1985      0.10162
2014     30     1984      0.09907
2014     31     1983      0.09314
2014     32     1982      0.08377
2014     33     1981      0.07621
2014     34     1980      0.06253
2014     35     1979      0.05992
2014     36     1978      0.05124
2014     37     1977      0.04289
2014     38     1976      0.03364
2014     39     1975      0.02530
2014     40     1974      0.01909
2014     41     1973      0.01299
2014     42     1972      0.00857
2014     43     1971      0.00522
2014     44     1970      0.00270
2014     45     1969      0.00144
2014     46     1968      0.00073
2014     47     1967      0.00036
2014     48     1966      0.00017
2014     49     1965      0.00012
2014     50     1964      0.00006
2014     51     1963      0.00004
2014     52     1962      0.00002
2014     53     1961      0.00002
2014     54     1960      0.00002
2014     55+    1959-     0.00002
2015     12-    2003+     0.00001
2015     13     2002      0.00000
2015     14     2001      0.00019
2015     15     2000      0.00092
2015     16     1999      0.00414
2015     17     1998      0.01197
2015     18     1997      0.02639
2015     19     1996      0.04560
2015     20     1995      0.06222
2015     21     1994      0.07715
2015     22     1993      0.08505
2015     23     1992      0.09231
2015     24     1991      0.10310
2015     25     1990      0.10587
2015     26     1989      0.11504
2015     27     1988      0.11751
2015     28     1987      0.11574
2015     29     1986      0.10951
2015     30     1985      0.10041
2015     31     1984      0.09735
2015     32     1983      0.08782
2015     33     1982      0.07819
2015     34     1981      0.07021
2015     35     1980      0.05728
2015     36     1979      0.05296
2015     37     1978      0.04384
2015     38     1977      0.03555
2015     39     1976      0.02710
2015     40     1975      0.01928
2015     41     1974      0.01386
2015     42     1973      0.00896
2015     43     1972      0.00533
2015     44     1971      0.00294
2015     45     1970      0.00149
2015     46     1969      0.00077
2015     47     1968      0.00041
2015     48     1967      0.00021
2015     49     1966      0.00011
2015     50     1965      0.00007
2015     51     1964      0.00005
2015     52     1963      0.00003
2015     53     1962      0.00001
2015     54     1961      0.00001
2015     55+    1960-     0.00002
2016     12-    2004+     0.00000
2016     13     2003      0.00002
2016     14     2002      0.00016
2016     15     2001      0.00086
2016     16     2000      0.00307
2016     17     1999      0.01038
2016     18     1998      0.02335
2016     19     1997      0.04284
2016     20     1996      0.05851
2016     21     1995      0.07201
2016     22     1994      0.08286
2016     23     1993      0.09143
2016     24     1992      0.09923
2016     25     1991      0.10787
2016     26     1990      0.10844
2016     27     1989      0.11345
2016     28     1988      0.11380
2016     29     1987      0.11084
2016     30     1986      0.10566
2016     31     1985      0.09464
2016     32     1984      0.08999
2016     33     1983      0.08080
2016     34     1982      0.07082
2016     35     1981      0.06352
2016     36     1980      0.05111
2016     37     1979      0.04563
2016     38     1978      0.03615
2016     39     1977      0.02845
2016     40     1976      0.02100
2016     41     1975      0.01404
2016     42     1974      0.00946
2016     43     1973      0.00576
2016     44     1972      0.00312
2016     45     1971      0.00174
2016     46     1970      0.00079
2016     47     1969      0.00042
2016     48     1968      0.00023
2016     49     1967      0.00012
2016     50     1966      0.00008
2016     51     1965      0.00006
2016     52     1964      0.00004
2016     53     1963      0.00002
2016     54     1962      0.00002
2016     55+    1961-     0.00003
2017     12-    2005+     0.00000
2017     13     2004      0.00002
2017     14     2003      0.00015
2017     15     2002      0.00069
2017     16     2001      0.00276
2017     17     2000      0.00754
2017     18     1999      0.01963
2017     19     1998      0.03803
2017     20     1997      0.05438
2017     21     1996      0.06579
2017     22     1995      0.07664
2017     23     1994      0.08753
2017     24     1993      0.09434
2017     25     1992      0.09931
2017     26     1991      0.10378
2017     27     1990      0.09837
2017     28     1989      0.10007
2017     29     1988      0.09954
2017     30     1987      0.09475
2017     31     1986      0.08886
2017     32     1985      0.07807
2017     33     1984      0.07409
2017     34     1983      0.06650
2017     35     1982      0.05870
2017     36     1981      0.05209
2017     37     1980      0.04083
2017     38     1979      0.03522
2017     39     1978      0.02744
2017     40     1977      0.02094
2017     41     1976      0.01434
2017     42     1975      0.00911
2017     43     1974      0.00564
2017     44     1973      0.00306
2017     45     1972      0.00159
2017     46     1971      0.00083
2017     47     1970      0.00040
2017     48     1969      0.00024
2017     49     1968      0.00012
2017     50     1967      0.00010
2017     51     1966      0.00006
2017     52     1965      0.00003
2017     53     1964      0.00003
2017     54     1963      0.00002
2017     55+    1962-     0.00006
2018     12-    2006+     0.00000
2018     13     2005      0.00002
2018     14     2004      0.00014
2018     15     2003      0.00066
2018     16     2002      0.00245
2018     17     2001      0.00732
2018     18     2000      0.01639
2018     19     1999      0.03332
2018     20     1998      0.04997
2018     21     1997      0.06483
2018     22     1996      0.07318
2018     23     1995      0.08260
2018     24     1994      0.09321
2018     25     1993      0.09829
2018     26     1992      0.09950
2018     27     1991      0.10005
2018     28     1990      0.09349
2018     29     1989      0.09399
2018     30     1988      0.09254
2018     31     1987      0.08785
2018     32     1986      0.08032
2018     33     1985      0.07004
2018     34     1984      0.06577
2018     35     1983      0.05842
2018     36     1982      0.05172
2018     37     1981      0.04426
2018     38     1980      0.03293
2018     39     1979      0.02819
2018     40     1978      0.02121
2018     41     1977      0.01486
2018     42     1976      0.00972
2018     43     1975      0.00562
2018     44     1974      0.00337
2018     45     1973      0.00170
2018     46     1972      0.00092
2018     47     1971      0.00046
2018     48     1970      0.00024
2018     49     1969      0.00016
2018     50     1968      0.00011
2018     51     1967      0.00008
2018     52     1966      0.00004
2018     53     1965      0.00002
2018     54     1964      0.00002
2018     55+    1963-     0.00005
