Russian Federation, Live births by calendar year and age (Lexis squares, age in completed years (ACY))
Last modified: 22/10/2020
Year    Age        Total
1959     12-        0.23
1959     13         3.48
1959     14        31.14
1959     15       260.98
1959     16      1296.64
1959     17      8142.89
1959     18     36734.26
1959     19     79689.00
1959     20    160907.30
1959     21    187185.16
1959     22    217722.00
1959     23    202020.86
1959     24    179887.65
1959     25    155574.31
1959     26    154786.09
1959     27    161355.56
1959     28    163805.45
1959     29    155848.08
1959     30    168710.23
1959     31    134295.50
1959     32    122447.19
1959     33    100411.25
1959     34     85663.79
1959     35     76493.02
1959     36     55692.55
1959     37     41583.89
1959     38     34002.58
1959     39     25343.24
1959     40     26309.96
1959     41     17657.64
1959     42     11409.07
1959     43      9227.94
1959     44      7420.85
1959     45      5914.62
1959     46      2930.23
1959     47      1893.32
1959     48      1042.94
1959     49       952.68
1959     50       374.62
1959     51       211.81
1959     52       150.53
1959     53       148.84
1959     54       166.15
1959     55+      522.47
1960     12-        0.19
1960     13         3.22
1960     14        35.97
1960     15       280.28
1960     16      1322.78
1960     17      5741.09
1960     18     28790.62
1960     19     77658.50
1960     20    144132.46
1960     21    186566.80
1960     22    220035.26
1960     23    222887.27
1960     24    199997.07
1960     25    171444.97
1960     26    140251.29
1960     27    138275.13
1960     28    154587.47
1960     29    143250.60
1960     30    159272.33
1960     31    128192.90
1960     32    134095.33
1960     33    103215.31
1960     34     91468.58
1960     35     77262.67
1960     36     65240.36
1960     37     46741.41
1960     38     37708.39
1960     39     25685.08
1960     40     22745.89
1960     41     15498.63
1960     42     14430.38
1960     43      7364.51
1960     44      5370.31
1960     45      4761.02
1960     46      3011.34
1960     47      1590.35
1960     48      1204.53
1960     49       540.14
1960     50       355.92
1960     51       242.28
1960     52       203.96
1960     53       189.04
1960     54       186.27
1960     55+      515.08
1961     12-        0.20
1961     13         3.53
1961     14        49.75
1961     15       448.53
1961     16      1851.70
1961     17      6242.48
1961     18     22653.28
1961     19     65496.91
1961     20    149342.50
1961     21    184344.46
1961     22    218845.42
1961     23    227649.02
1961     24    213070.88
1961     25    182327.43
1961     26    151293.40
1961     27    122463.78
1961     28    123601.05
1961     29    120530.91
1961     30    140012.85
1961     31    121962.77
1961     32    113437.73
1961     33    100374.63
1961     34     84361.62
1961     35     74402.71
1961     36     61003.94
1961     37     48421.79
1961     38     35954.87
1961     39     24538.05
1961     40     21121.21
1961     41     13388.76
1961     42     11420.83
1961     43      8113.22
1961     44      3937.87
1961     45      3443.88
1961     46      2191.38
1961     47      1336.67
1961     48       813.62
1961     49       501.00
1961     50       282.61
1961     51       176.40
1961     52       133.69
1961     53       125.07
1961     54       121.92
1961     55+      340.68
1962     12-        0.18
1962     13         3.63
1962     14        48.51
1962     15       501.60
1962     16      2491.17
1962     17      7462.50
1962     18     19031.90
1962     19     38839.08
1962     20    105155.21
1962     21    159302.95
1962     22    194298.59
1962     23    215274.74
1962     24    216643.03
1962     25    195912.29
1962     26    162891.96
1962     27    132028.24
1962     28    107571.26
1962     29     98671.34
1962     30    123205.46
1962     31    104884.76
1962     32    109749.91
1962     33     91197.82
1962     34     87457.55
1962     35     70357.90
1962     36     60120.75
1962     37     48071.56
1962     38     40532.92
1962     39     26967.19
1962     40     21225.57
1962     41     12749.36
1962     42     10573.71
1962     43      6847.47
1962     44      5094.54
1962     45      2587.34
1962     46      1535.57
1962     47      1020.71
1962     48       759.27
1962     49       386.65
1962     50       240.79
1962     51       166.70
1962     52       132.03
1962     53       119.20
1962     54       115.58
1962     55+      310.52
1963     12-        0.16
1963     13         3.10
1963     14        44.38
1963     15       470.21
1963     16      3299.37
1963     17     11076.03
1963     18     23725.61
1963     19     37627.23
1963     20     67809.34
1963     21    120708.43
1963     22    176652.46
1963     23    194901.16
1963     24    208561.38
1963     25    197804.88
1963     26    173107.69
1963     27    144175.61
1963     28    117116.58
1963     29     90487.24
1963     30    100585.68
1963     31     94561.88
1963     32     94850.35
1963     33     88046.27
1963     34     77745.51
1963     35     72704.31
1963     36     56868.54
1963     37     47953.03
1963     38     38265.27
1963     39     28986.17
1963     40     22340.35
1963     41     13502.98
1963     42      9763.89
1963     43      6644.81
1963     44      4050.59
1963     45      3055.97
1963     46      1314.14
1963     47       800.30
1963     48       563.92
1963     49       343.56
1963     50       229.56
1963     51       158.37
1963     52       128.58
1963     53       112.79
1963     54       101.90
1963     55+      255.41
1964     12-        0.18
1964     13         4.00
1964     14        57.19
1964     15       531.51
1964     16      2630.97
1964     17     13830.90
1964     18     33687.89
1964     19     45435.65
1964     20     57928.52
1964     21     67287.66
1964     22    126669.38
1964     23    170472.56
1964     24    181852.75
1964     25    186287.45
1964     26    170762.99
1964     27    149283.54
1964     28    125998.36
1964     29     96770.21
1964     30     86536.74
1964     31     75648.29
1964     32     85922.82
1964     33     74108.97
1964     34     73310.77
1964     35     64188.98
1964     36     58367.18
1964     37     44410.09
1964     38     37943.33
1964     39     27781.98
1964     40     24182.54
1964     41     13476.36
1964     42     10102.26
1964     43      6130.26
1964     44      4130.24
1964     45      2415.65
1964     46      1660.51
1964     47       693.05
1964     48       418.63
1964     49       290.44
1964     50       202.33
1964     51       139.41
1964     52       106.27
1964     53        89.26
1964     54        75.67
1964     55+      170.26
1965     12-        0.17
1965     13         3.71
1965     14        52.62
1965     15       535.21
1965     16      3095.72
1965     17     11625.98
1965     18     42996.69
1965     19     65266.46
1965     20     66627.10
1965     21     59961.09
1965     22     69376.41
1965     23    122288.01
1965     24    158878.00
1965     25    166535.20
1965     26    166758.48
1965     27    151576.22
1965     28    136405.99
1965     29    106819.42
1965     30     95603.94
1965     31     67493.14
1965     32     71477.93
1965     33     68450.29
1965     34     64428.45
1965     35     63544.39
1965     36     53181.94
1965     37     47488.09
1965     38     36538.93
1965     39     28513.27
1965     40     23405.14
1965     41     14961.99
1965     42     10462.58
1965     43      6536.85
1965     44      3604.33
1965     45      2617.14
1965     46      1230.48
1965     47       846.02
1965     48       401.49
1965     49       240.29
1965     50       161.45
1965     51       110.90
1965     52        84.63
1965     53        75.71
1965     54        72.91
1965     55+      185.22
1966     12-        0.20
1966     13         4.22
1966     14        62.70
1966     15       621.52
1966     16      3620.36
1966     17     15454.35
1966     18     38875.12
1966     19     85921.83
1966     20    101041.88
1966     21     73285.09
1966     22     66266.57
1966     23     70480.48
1966     24    118368.98
1966     25    152446.64
1966     26    154773.80
1966     27    153304.44
1966     28    142580.47
1966     29    119610.14
1966     30    108257.59
1966     31     77155.69
1966     32     65386.75
1966     33     60788.48
1966     34     62683.25
1966     35     56466.46
1966     36     53473.68
1966     37     43147.09
1966     38     39711.90
1966     39     27916.94
1966     40     23765.08
1966     41     14600.56
1966     42     11673.85
1966     43      6628.16
1966     44      3919.64
1966     45      2242.08
1966     46      1397.30
1966     47       612.57
1966     48       433.40
1966     49       192.18
1966     50       129.38
1966     51       103.27
1966     52        82.66
1966     53        70.02
1966     54        63.08
1966     55+      143.13
1967     12-        0.21
1967     13         4.47
1967     14        63.66
1967     15       631.17
1967     16      3394.42
1967     17     14796.56
1967     18     47095.61
1967     19     76240.41
1967     20    130573.18
1967     21    107953.04
1967     22     76881.86
1967     23     63645.42
1967     24     65113.47
1967     25    108524.45
1967     26    137210.92
1967     27    134331.87
1967     28    135516.71
1967     29    119779.48
1967     30    114942.03
1967     31     83481.58
1967     32     68457.86
1967     33     52131.21
1967     34     49939.64
1967     35     50353.93
1967     36     44635.86
1967     37     40243.72
1967     38     33459.88
1967     39     28417.28
1967     40     22042.73
1967     41     14493.34
1967     42     10813.72
1967     43      6972.97
1967     44      3772.69
1967     45      2214.58
1967     46      1117.80
1967     47       731.52
1967     48       321.23
1967     49       209.15
1967     50        81.65
1967     51        57.20
1967     52        54.18
1967     53        58.42
1967     54        66.77
1967     55+      213.15
1968     12-        0.21
1968     13         4.79
1968     14        69.08
1968     15       665.39
1968     16      3632.32
1968     17     14517.26
1968     18     47615.38
1968     19     95262.78
1968     20    116837.54
1968     21    141459.26
1968     22    115552.72
1968     23     74537.55
1968     24     59929.24
1968     25     62128.64
1968     26     99527.50
1968     27    120096.63
1968     28    121218.34
1968     29    118804.80
1968     30    115076.42
1968     31     91060.10
1968     32     76314.69
1968     33     56992.36
1968     34     45111.78
1968     35     41280.34
1968     36     41171.27
1968     37     35473.63
1968     38     33605.44
1968     39     24968.93
1968     40     23246.83
1968     41     13687.73
1968     42     10989.01
1968     43      6636.24
1968     44      4240.70
1968     45      2174.39
1968     46      1086.69
1968     47       548.34
1968     48       465.29
1968     49       146.10
1968     50        82.10
1968     51        47.54
1968     52        42.94
1968     53        46.11
1968     54        44.46
1968     55+      110.07
1969     12-        0.24
1969     13         6.09
1969     14        90.62
1969     15       800.61
1969     16      3614.22
1969     17     14918.15
1969     18     47498.13
1969     19     96457.15
1969     20    153023.84
1969     21    136476.70
1969     22    158725.34
1969     23    114635.30
1969     24     71892.09
1969     25     56655.74
1969     26     56789.82
1969     27     90566.54
1969     28    109888.39
1969     29    106450.28
1969     30    117570.09
1969     31     94834.16
1969     32     84858.04
1969     33     64137.33
1969     34     50233.81
1969     35     37721.13
1969     36     34703.28
1969     37     33236.38
1969     38     27920.12
1969     39     24179.83
1969     40     20294.44
1969     41     14267.75
1969     42      9949.10
1969     43      6418.94
1969     44      3754.31
1969     45      2448.51
1969     46      1145.70
1969     47       533.32
1969     48       324.20
1969     49       265.16
1969     50       108.32
1969     51        53.08
1969     52        28.75
1969     53        24.62
1969     54        25.37
1969     55+       67.04
1970     12-        0.22
1970     13         5.57
1970     14        88.17
1970     15       836.45
1970     16      4148.90
1970     17     15291.99
1970     18     51103.38
1970     19    104167.66
1970     20    159688.06
1970     21    185552.90
1970     22    154122.52
1970     23    160547.45
1970     24    106779.85
1970     25     64743.62
1970     26     49826.80
1970     27     50003.88
1970     28     84907.85
1970     29     96897.33
1970     30    101980.66
1970     31     96444.12
1970     32     86307.48
1970     33     70322.17
1970     34     55215.26
1970     35     42421.41
1970     36     30663.03
1970     37     27944.79
1970     38     26319.04
1970     39     21291.75
1970     40     19059.72
1970     41     13009.95
1970     42     10204.67
1970     43      5780.65
1970     44      3646.67
1970     45      2087.95
1970     46      1123.51
1970     47       495.23
1970     48       291.14
1970     49       172.08
1970     50        78.11
1970     51        49.89
1970     52        27.24
1970     53        14.70
1970     54        11.14
1970     55+       38.02
1971     12-        0.22
1971     13         5.64
1971     14        85.60
1971     15       864.98
1971     16      4590.15
1971     17     17871.37
1971     18     52900.78
1971     19    110960.97
1971     20    168112.75
1971     21    192381.12
1971     22    194704.21
1971     23    148271.46
1971     24    147762.22
1971     25     95813.89
1971     26     59619.93
1971     27     47067.05
1971     28     48015.50
1971     29     77722.41
1971     30     93125.62
1971     31     89107.74
1971     32     88315.37
1971     33     74063.69
1971     34     62536.29
1971     35     47461.23
1971     36     35211.49
1971     37     24973.70
1971     38     22509.55
1971     39     19725.24
1971     40     17108.02
1971     41     11954.60
1971     42      8883.16
1971     43      6041.83
1971     44      3255.53
1971     45      1810.85
1971     46       861.40
1971     47       447.20
1971     48       214.10
1971     49       129.06
1971     50        58.15
1971     51        33.07
1971     52        21.19
1971     53        11.17
1971     54         5.48
1971     55+       22.01
1972     12-        0.22
1972     13         5.62
1972     14        87.86
1972     15       856.60
1972     16      4778.49
1972     17     19557.06
1972     18     56799.62
1972     19    111876.71
1972     20    172404.49
1972     21    192144.61
1972     22    195685.70
1972     23    184618.28
1972     24    133727.49
1972     25    134777.81
1972     26     87223.06
1972     27     54695.97
1972     28     43923.62
1972     29     43473.49
1972     30     73997.95
1972     31     78527.37
1972     32     79525.67
1972     33     75214.34
1972     34     63298.64
1972     35     53466.59
1972     36     40071.43
1972     37     28675.89
1972     38     20122.24
1972     39     17420.40
1972     40     15254.73
1972     41     11032.42
1972     42      8978.79
1972     43      5260.63
1972     44      3507.09
1972     45      1757.54
1972     46       863.27
1972     47       438.14
1972     48       221.07
1972     49       140.05
1972     50        77.42
1972     51        45.76
1972     52        29.34
1972     53        21.50
1972     54        13.04
1972     55+       40.01
1973     12-        0.21
1973     13         5.46
1973     14        87.20
1973     15       881.52
1973     16      4809.86
1973     17     18490.13
1973     18     59150.83
1973     19    119172.00
1973     20    166678.35
1973     21    193989.89
1973     22    189123.01
1973     23    176982.32
1973     24    162523.74
1973     25    120328.45
1973     26    119211.02
1973     27     76999.73
1973     28     47963.51
1973     29     36507.09
1973     30     39320.17
1973     31     61072.58
1973     32     67588.09
1973     33     65777.39
1973     34     62850.26
1973     35     51342.82
1973     36     42696.48
1973     37     31349.10
1973     38     22184.56
1973     39     15154.85
1973     40     12999.02
1973     41     10205.94
1973     42      7264.81
1973     43      5321.06
1973     44      3212.24
1973     45      1732.67
1973     46       781.31
1973     47       411.16
1973     48       193.08
1973     49       100.04
1973     50        51.67
1973     51        29.51
1973     52        18.12
1973     53        12.84
1973     54        10.91
1973     55+       36.02
1974     12-        0.22
1974     13         6.08
1974     14        99.04
1974     15       985.18
1974     16      5254.56
1974     17     19567.54
1974     18     60172.34
1974     19    131006.87
1974     20    182318.88
1974     21    196442.78
1974     22    201085.04
1974     23    182451.95
1974     24    168131.97
1974     25    151941.08
1974     26    112122.66
1974     27    111605.41
1974     28     70436.35
1974     29     43261.09
1974     30     34186.67
1974     31     32606.90
1974     32     52915.80
1974     33     56139.37
1974     34     55516.06
1974     35     52848.77
1974     36     43024.98
1974     37     34427.79
1974     38     24971.18
1974     39     17259.41
1974     40     11495.60
1974     41      8819.30
1974     42      7406.61
1974     43      4649.27
1974     44      3180.55
1974     45      1701.83
1974     46       930.45
1974     47       391.19
1974     48       199.10
1974     49       118.06
1974     50        59.33
1974     51        33.10
1974     52        16.39
1974     53         8.05
1974     54         4.21
1974     55+       13.01
1975     12-        0.22
1975     13         6.24
1975     14       104.09
1975     15      1037.76
1975     16      5537.43
1975     17     21328.48
1975     18     61182.72
1975     19    130293.47
1975     20    194414.94
1975     21    207712.35
1975     22    195028.10
1975     23    186490.90
1975     24    165350.47
1975     25    150060.55
1975     26    136969.19
1975     27    100133.72
1975     28     99275.50
1975     29     61964.92
1975     30     38607.92
1975     31     29077.47
1975     32     29217.50
1975     33     43965.29
1975     34     46411.92
1975     35     45427.67
1975     36     42174.83
1975     37     32963.47
1975     38     26128.71
1975     39     19029.88
1975     40     12639.25
1975     41      7650.97
1975     42      5905.51
1975     43      4223.08
1975     44      2514.65
1975     45      1694.44
1975     46       722.19
1975     47       410.11
1975     48       210.05
1975     49       115.03
1975     50        59.51
1975     51        37.68
1975     52        22.83
1975     53        13.13
1975     54         7.89
1975     55+       25.00
1976     12-        0.22
1976     13         7.07
1976     14       123.82
1976     15      1203.32
1976     16      6009.98
1976     17     22775.47
1976     18     64660.20
1976     19    133854.90
1976     20    194054.64
1976     21    217831.43
1976     22    206694.79
1976     23    184559.53
1976     24    171743.33
1976     25    150662.41
1976     26    138430.39
1976     27    123740.58
1976     28     89633.39
1976     29     86622.40
1976     30     54694.93
1976     31     31442.31
1976     32     24035.89
1976     33     22759.46
1976     34     35444.62
1976     35     37795.39
1976     36     35766.73
1976     37     31845.45
1976     38     24607.07
1976     39     19766.48
1976     40     13536.44
1976     41      8382.75
1976     42      5122.68
1976     43      3529.16
1976     44      2362.78
1976     45      1360.45
1976     46       881.29
1976     47       375.12
1976     48       188.06
1976     49        89.03
1976     50        38.13
1976     51        22.69
1976     52        14.94
1976     53        10.18
1976     54         7.10
1976     55+       24.01
1977     12-        0.27
1977     13         9.86
1977     14       158.92
1977     15      1108.37
1977     16      6573.21
1977     17     23787.99
1977     18     66336.27
1977     19    138159.38
1977     20    193090.82
1977     21    211567.03
1977     22    213726.75
1977     23    189035.45
1977     24    164462.21
1977     25    151760.95
1977     26    135505.49
1977     27    122134.00
1977     28    109388.72
1977     29     79496.69
1977     30     76078.54
1977     31     45020.11
1977     32     26624.94
1977     33     19698.61
1977     34     18932.35
1977     35     28924.71
1977     36     29872.03
1977     37     27226.14
1977     38     24517.23
1977     39     17881.00
1977     40     13928.68
1977     41      8808.95
1977     42      5275.77
1977     43      3076.03
1977     44      1925.64
1977     45      1277.43
1977     46       613.21
1977     47       375.13
1977     48       174.06
1977     49       115.04
1977     50        40.30
1977     51        18.66
1977     52         8.48
1977     53         3.91
1977     54         1.69
1977     55+        3.01
1978     12-        0.24
1978     13         8.25
1978     14       141.55
1978     15      1118.27
1978     16      6941.66
1978     17     24487.86
1978     18     69395.59
1978     19    140172.51
1978     20    199509.70
1978     21    213949.15
1978     22    209160.01
1978     23    193715.32
1978     24    169475.52
1978     25    147820.34
1978     26    138149.03
1978     27    121393.02
1978     28    109040.07
1978     29     95689.88
1978     30     68588.40
1978     31     62790.02
1978     32     37797.04
1978     33     22094.28
1978     34     15890.80
1978     35     14741.52
1978     36     22910.48
1978     37     21857.23
1978     38     20456.90
1978     39     17254.13
1978     40     12768.05
1978     41      8920.14
1978     42      5822.39
1978     43      3068.74
1978     44      1710.41
1978     45       948.23
1978     46       616.15
1978     47       275.07
1978     48       205.05
1978     49        73.02
1978     50        39.01
1978     51         7.01
1978     52        16.00
1978     53         1.00
1978     54         1.00
1978     55+       10.00
1979     12-        0.28
1979     13        10.03
1979     14       170.76
1979     15      1309.40
1979     16      6697.07
1979     17     24767.64
1979     18     71231.97
1979     19    143674.32
1979     20    202995.62
1979     21    217434.07
1979     22    208727.39
1979     23    187123.72
1979     24    174313.77
1979     25    151484.72
1979     26    130587.28
1979     27    120174.07
1979     28    103798.02
1979     29     92567.55
1979     30     82169.35
1979     31     54254.73
1979     32     51733.95
1979     33     29921.22
1979     34     17250.32
1979     35     12536.87
1979     36     11661.60
1979     37     17077.27
1979     38     16803.18
1979     39     14657.52
1979     40     12327.81
1979     41      8215.54
1979     42      5803.79
1979     43      3284.01
1979     44      1785.55
1979     45       872.26
1979     46       496.15
1979     47       271.09
1979     48       145.04
1979     49       116.04
1979     50        36.01
1979     51        16.01
1979     52        18.01
1979     53         3.00
1979     54        13.00
1979     55+        5.00
1980     12-        0.22
1980     13         7.63
1980     14       139.19
1980     15      1231.29
1980     16      6755.60
1980     17     24431.78
1980     18     68857.29
1980     19    145989.53
1980     20    204940.47
1980     21    222254.57
1980     22    214563.75
1980     23    188100.49
1980     24    170835.41
1980     25    156124.93
1980     26    136140.20
1980     27    117542.80
1980     28    106678.23
1980     29     90712.45
1980     30     80095.95
1980     31     67291.91
1980     32     46144.91
1980     33     41906.91
1980     34     24535.81
1980     35     13974.30
1980     36     10017.37
1980     37      8995.12
1980     38     12714.01
1980     39     11571.74
1980     40     10224.42
1980     41      7853.85
1980     42      5259.24
1980     43      3452.81
1980     44      1733.41
1980     45       888.21
1980     46       373.09
1980     47       202.04
1980     48       110.02
1980     49        65.02
1980     50        32.00
1980     51        12.00
1980     52         7.00
1980     53         5.00
1980     54         2.00
1980     55+        5.00
1981     12-        0.28
1981     13        10.32
1981     14       174.43
1981     15      1232.20
1981     16      6823.08
1981     17     23621.76
1981     18     65439.41
1981     19    135186.52
1981     20    198831.64
1981     21    218747.82
1981     22    212584.84
1981     23    194301.93
1981     24    172517.46
1981     25    156381.89
1981     26    144645.03
1981     27    125937.04
1981     28    108736.30
1981     29     97672.55
1981     30     83697.33
1981     31     70027.15
1981     32     59487.47
1981     33     39673.31
1981     34     35794.70
1981     35     20466.26
1981     36     11911.89
1981     37      8036.27
1981     38      7127.13
1981     39      9588.53
1981     40      8977.43
1981     41      7115.14
1981     42      5241.83
1981     43      3042.48
1981     44      1850.30
1981     45       941.15
1981     46       408.07
1981     47       161.03
1981     48        84.01
1981     49        75.01
1981     50        29.01
1981     51        10.00
1981     52        12.01
1981     53         3.00
1981     54         3.00
1981     55+        0.00
1982     12-        0.36
1982     13        13.33
1982     14       209.35
1982     15      1262.20
1982     16      6947.10
1982     17     23141.65
1982     18     61480.69
1982     19    129990.49
1982     20    190564.05
1982     21    221854.97
1982     22    220042.69
1982     23    203483.08
1982     24    184540.09
1982     25    164584.94
1982     26    148781.45
1982     27    137544.68
1982     28    118807.73
1982     29     99934.76
1982     30     90411.25
1982     31     74127.69
1982     32     63791.05
1982     33     53185.38
1982     34     35230.55
1982     35     32373.11
1982     36     18112.86
1982     37      9899.56
1982     38      6503.03
1982     39      5599.88
1982     40      7601.20
1982     41      6317.99
1982     42      4874.77
1982     43      3264.52
1982     44      1757.28
1982     45       953.15
1982     46       394.07
1982     47       212.03
1982     48        84.01
1982     49        67.01
1982     50        24.00
1982     51        31.01
1982     52        24.01
1982     53         7.00
1982     54         5.01
1982     55+        9.00
1983     12-        0.35
1983     13        12.23
1983     14       195.46
1983     15      1277.25
1983     16      7117.38
1983     17     24249.71
1983     18     60965.83
1983     19    125154.29
1983     20    185099.93
1983     21    214406.62
1983     22    226383.94
1983     23    215983.92
1983     24    199123.65
1983     25    182691.46
1983     26    162524.54
1983     27    148421.80
1983     28    136204.44
1983     29    116670.64
1983     30     97921.00
1983     31     85965.68
1983     32     70732.73
1983     33     59426.53
1983     34     49021.51
1983     35     31915.19
1983     36     27963.43
1983     37     15291.97
1983     38      8053.56
1983     39      5212.01
1983     40      4273.83
1983     41      5227.01
1983     42      4260.83
1983     43      3022.58
1983     44      1791.35
1983     45       881.17
1983     46       450.09
1983     47       213.04
1983     48        74.01
1983     49        53.01
1983     50        24.01
1983     51        12.00
1983     52        19.00
1983     53        12.00
1983     54        14.00
1983     55+        7.00
1984     12-        0.32
1984     13        11.10
1984     14       187.63
1984     15      1366.32
1984     16      7313.72
1984     17     25035.86
1984     18     62467.62
1984     19    120135.12
1984     20    175119.99
1984     21    204743.93
1984     22    215024.33
1984     23    209890.13
1984     24    196740.05
1984     25    177574.57
1984     26    160651.61
1984     27    141634.15
1984     28    125734.43
1984     29    114838.88
1984     30     97417.81
1984     31     79565.62
1984     32     70766.56
1984     33     57505.46
1984     34     48390.33
1984     35     39144.16
1984     36     24970.84
1984     37     21084.93
1984     38     11103.60
1984     39      5748.34
1984     40      3684.86
1984     41      2806.66
1984     42      3398.80
1984     43      2391.56
1984     44      1590.37
1984     45       798.18
1984     46       393.09
1984     47       180.04
1984     48        80.02
1984     49        48.02
1984     50        29.01
1984     51        12.00
1984     52        12.00
1984     53         9.00
1984     54         8.00
1984     55+        5.00
1985     12-        0.29
1985     13         9.68
1985     14       169.08
1985     15      1373.38
1985     16      7696.17
1985     17     25260.12
1985     18     62493.63
1985     19    118952.56
1985     20    162292.78
1985     21    190037.61
1985     22    202512.12
1985     23    199014.14
1985     24    193500.59
1985     25    178990.49
1985     26    161339.51
1985     27    144371.73
1985     28    126874.79
1985     29    111758.52
1985     30    100925.47
1985     31     82717.34
1985     32     68509.32
1985     33     59330.74
1985     34     48413.66
1985     35     39577.17
1985     36     31563.90
1985     37     19457.49
1985     38     16136.56
1985     39      8467.39
1985     40      4225.20
1985     41      2434.69
1985     42      1744.49
1985     43      1972.55
1985     44      1365.39
1985     45       858.24
1985     46       429.12
1985     47       178.05
1985     48        98.03
1985     49        35.01
1985     50        15.00
1985     51        12.01
1985     52        13.01
1985     53         9.00
1985     54         6.00
1985     55+        5.00
1986     12-        0.30
1986     13        10.05
1986     14       180.70
1986     15      1500.40
1986     16      8095.15
1986     17     26330.02
1986     18     62254.58
1986     19    118006.42
1986     20    162414.25
1986     21    180638.11
1986     22    193889.64
1986     23    195688.11
1986     24    191998.13
1986     25    186564.68
1986     26    173051.08
1986     27    157155.85
1986     28    140203.34
1986     29    122092.51
1986     30    108239.82
1986     31     95708.49
1986     32     80381.40
1986     33     65510.45
1986     34     57442.30
1986     35     45869.21
1986     36     37313.93
1986     37     28819.68
1986     38     16929.51
1986     39     13846.69
1986     40      6830.82
1986     41      3158.84
1986     42      1829.49
1986     43      1234.33
1986     44      1210.32
1986     45       759.20
1986     46       410.11
1986     47       159.04
1986     48        86.02
1986     49        50.01
1986     50        21.01
1986     51        11.01
1986     52         6.00
1986     53         3.00
1986     54         6.01
1986     55+        5.00
1987     12-        0.35
1987     13        11.78
1987     14       208.94
1987     15      1673.45
1987     16      9000.41
1987     17     29045.77
1987     18     67576.08
1987     19    120464.24
1987     20    161986.35
1987     21    179851.13
1987     22    182322.79
1987     23    183881.21
1987     24    183605.14
1987     25    179468.02
1987     26    172409.14
1987     27    160116.85
1987     28    142699.18
1987     29    128221.32
1987     30    110265.51
1987     31     96721.89
1987     32     85296.83
1987     33     71391.11
1987     34     57882.49
1987     35     49672.29
1987     36     39268.50
1987     37     30512.16
1987     38     22557.04
1987     39     13274.56
1987     40     10369.77
1987     41      4793.28
1987     42      2224.60
1987     43      1138.31
1987     44       736.19
1987     45       598.16
1987     46       369.10
1987     47       161.04
1987     48        88.02
1987     49        54.02
1987     50        29.01
1987     51        12.00
1987     52         4.00
1987     53         4.01
1987     54         0.00
1987     55+        8.00
1988     12-        0.21
1988     13         5.92
1988     14       106.86
1988     15      1311.69
1988     16      9001.30
1988     17     29862.27
1988     18     71595.21
1988     19    124296.39
1988     20    158396.67
1988     21    174488.36
1988     22    174346.30
1988     23    165381.01
1988     24    163005.88
1988     25    160836.84
1988     26    154935.02
1988     27    146854.16
1988     28    134723.36
1988     29    119222.96
1988     30    104134.75
1988     31     88209.14
1988     32     75858.24
1988     33     67282.14
1988     34     55688.60
1988     35     44906.46
1988     36     37317.83
1988     37     28104.43
1988     38     21420.23
1988     39     15782.54
1988     40      8838.22
1988     41      6379.05
1988     42      3065.47
1988     43      1292.62
1988     44       667.32
1988     45       350.17
1988     46       236.11
1988     47       148.07
1988     48        94.04
1988     49        65.03
1988     50        46.02
1988     51        42.02
1988     52        28.01
1988     53        19.01
1988     54        29.01
1988     55+      119.05
1989     12-        0.24
1989     13         7.73
1989     14       144.62
1989     15      1698.45
1989     16     10426.92
1989     17     34288.48
1989     18     78490.61
1989     19    130854.37
1989     20    158266.95
1989     21    164262.36
1989     22    160536.24
1989     23    152695.79
1989     24    141140.22
1989     25    138181.53
1989     26    134277.32
1989     27    127668.56
1989     28    118523.36
1989     29    107389.04
1989     30     93948.40
1989     31     79982.46
1989     32     67653.45
1989     33     57909.92
1989     34     50118.48
1989     35     40704.13
1989     36     31176.72
1989     37     25886.72
1989     38     18817.69
1989     39     13678.77
1989     40      9928.64
1989     41      5195.96
1989     42      3736.13
1989     43      1680.96
1989     44       622.35
1989     45       270.16
1989     46       136.08
1989     47        82.05
1989     48        65.04
1989     49        44.03
1989     50        17.01
1989     51        11.01
1989     52        13.01
1989     53         5.00
1989     54         5.01
1989     55+       17.01
1990     12-        0.28
1990     13        10.00
1990     14       202.57
1990     15      2332.67
1990     16     13068.82
1990     17     38492.04
1990     18     85125.93
1990     19    136479.66
1990     20    159683.54
1990     21    158447.81
1990     22    146445.63
1990     23    136317.57
1990     24    127176.09
1990     25    117458.28
1990     26    113426.86
1990     27    109821.71
1990     28    102598.39
1990     29     94293.41
1990     30     84000.26
1990     31     71914.03
1990     32     60747.34
1990     33     50519.22
1990     34     42581.48
1990     35     36571.88
1990     36     28875.27
1990     37     21794.04
1990     38     17325.37
1990     39     12225.32
1990     40      8743.24
1990     41      5910.53
1990     42      2991.79
1990     43      1959.18
1990     44       793.47
1990     45       255.15
1990     46        94.06
1990     47        54.04
1990     48        48.03
1990     49        28.02
1990     50        15.01
1990     51         7.00
1990     52         6.00
1990     53         6.01
1990     54         2.00
1990     55+        9.01
1991     12-        0.28
1991     13        10.66
1991     14       221.47
1991     15      2595.70
1991     16     14054.44
1991     17     39782.55
1991     18     84346.65
1991     19    135105.36
1991     20    156554.28
1991     21    152157.02
1991     22    135724.82
1991     23    121046.91
1991     24    110955.41
1991     25    103389.80
1991     26     93917.76
1991     27     90457.19
1991     28     85514.51
1991     29     78679.44
1991     30     71702.25
1991     31     62781.63
1991     32     52866.27
1991     33     44508.06
1991     34     36719.27
1991     35     30573.70
1991     36     25416.88
1991     37     19656.60
1991     38     14415.71
1991     39     11396.47
1991     40      7990.93
1991     41      5463.06
1991     42      3417.54
1991     43      1647.22
1991     44       977.72
1991     45       352.26
1991     46       119.08
1991     47        40.02
1991     48        25.02
1991     49        18.01
1991     50         7.01
1991     51         2.00
1991     52         3.00
1991     53         3.01
1991     54         3.01
1991     55+        6.00
1992     12-        0.26
1992     13        10.05
1992     14       210.88
1992     15      2471.03
1992     16     13597.22
1992     17     39055.22
1992     18     81138.95
1992     19    124938.09
1992     20    147903.03
1992     21    143718.59
1992     22    126295.21
1992     23    108780.76
1992     24     95991.20
1992     25     88412.95
1992     26     80510.43
1992     27     72933.18
1992     28     68314.37
1992     29     63987.80
1992     30     58997.68
1992     31     51590.57
1992     32     44853.01
1992     33     37651.07
1992     34     31262.79
1992     35     25963.42
1992     36     20969.30
1992     37     17225.21
1992     38     13055.78
1992     39      9433.78
1992     40      7149.90
1992     41      4847.00
1992     42      3075.54
1992     43      1843.52
1992     44       831.69
1992     45       374.31
1992     46       142.12
1992     47        45.03
1992     48        19.02
1992     49        13.01
1992     50         7.01
1992     51         7.00
1992     52         4.00
1992     53         5.00
1992     54         3.01
1992     55+        5.01
1993     12-        0.26
1993     13        10.83
1993     14       230.84
1993     15      2599.10
1993     16     12989.90
1993     17     36743.33
1993     18     75969.32
1993     19    115244.35
1993     20    133569.97
1993     21    131002.22
1993     22    114185.22
1993     23     98032.93
1993     24     84692.65
1993     25     74638.89
1993     26     67674.44
1993     27     61304.61
1993     28     54998.87
1993     29     50886.47
1993     30     46883.18
1993     31     41373.28
1993     32     36014.55
1993     33     30610.76
1993     34     25378.16
1993     35     20972.45
1993     36     16802.98
1993     37     13268.20
1993     38     10390.13
1993     39      7779.32
1993     40      5372.75
1993     41      3929.21
1993     42      2493.67
1993     43      1529.63
1993     44       833.89
1993     45       322.34
1993     46       150.16
1993     47        59.06
1993     48        23.02
1993     49         6.01
1993     50         4.01
1993     51         3.01
1993     52         3.01
1993     53         2.00
1993     54         1.00
1993     55+        3.00
1994     12-        0.29
1994     13        12.52
1994     14       272.37
1994     15      3021.51
1994     16     14483.19
1994     17     39136.75
1994     18     80680.18
1994     19    119220.26
1994     20    136331.38
1994     21    131295.76
1994     22    118924.94
1994     23    102900.02
1994     24     88866.33
1994     25     77277.38
1994     26     68433.50
1994     27     62246.58
1994     28     56225.85
1994     29     49301.10
1994     30     45535.90
1994     31     40521.29
1994     32     35329.49
1994     33     30757.38
1994     34     25998.06
1994     35     20656.09
1994     36     16894.89
1994     37     12867.38
1994     38      9658.80
1994     39      7476.35
1994     40      5372.01
1994     41      3438.85
1994     42      2311.58
1994     43      1354.51
1994     44       767.86
1994     45       364.40
1994     46       130.14
1994     47        53.05
1994     48        21.02
1994     49         5.01
1994     50         3.01
1994     51         2.00
1994     52         3.00
1994     53         2.00
1994     54         0.00
1994     55+        5.00
1995     12-        0.29
1995     13        11.95
1995     14       254.49
1995     15      2844.00
1995     16     13529.22
1995     17     37025.38
1995     18     73298.88
1995     19    111340.48
1995     20    129380.10
1995     21    126803.02
1995     22    113856.50
1995     23    102199.52
1995     24     90231.18
1995     25     78451.05
1995     26     68020.55
1995     27     59932.85
1995     28     54122.89
1995     29     49215.00
1995     30     42714.21
1995     31     39081.85
1995     32     34240.05
1995     33     29805.73
1995     34     25478.55
1995     35     21215.43
1995     36     16860.21
1995     37     13135.75
1995     38      9708.63
1995     39      7380.85
1995     40      5304.36
1995     41      3558.26
1995     42      2166.60
1995     43      1368.65
1995     44       690.82
1995     45       352.42
1995     46       138.17
1995     47        45.05
1995     48        24.02
1995     49        13.01
1995     50         0.00
1995     51         1.00
1995     52         1.00
1995     53         1.00
1995     54         0.00
1995     55+        3.00
1996     12-        0.26
1996     13        10.55
1996     14       208.87
1996     15      2330.80
1996     16     11504.67
1996     17     32180.81
1996     18     64775.18
1996     19     98805.50
1996     20    119966.31
1996     21    120197.62
1996     22    109964.69
1996     23     98347.88
1996     24     90187.78
1996     25     79063.63
1996     26     68739.57
1996     27     59476.97
1996     28     52448.40
1996     29     46767.66
1996     30     42509.87
1996     31     36859.18
1996     32     32368.06
1996     33     28950.41
1996     34     24704.63
1996     35     21307.00
1996     36     17360.64
1996     37     13535.42
1996     38     10249.95
1996     39      7351.01
1996     40      5442.41
1996     41      3815.20
1996     42      2419.29
1996     43      1405.91
1996     44       776.06
1996     45       361.49
1996     46       142.19
1996     47        61.08
1996     48        23.03
1996     49         7.01
1996     50         3.01
1996     51         0.00
1996     52         1.00
1996     53         0.00
1996     54         3.00
1996     55+        4.00
1997     12-        0.35
1997     13        17.26
1997     14       370.98
1997     15      3330.31
1997     16     11751.64
1997     17     30947.07
1997     18     59767.78
1997     19     90084.85
1997     20    108221.61
1997     21    112544.47
1997     22    105441.21
1997     23     95433.34
1997     24     86915.83
1997     25     79640.29
1997     26     69688.51
1997     27     61126.94
1997     28     52314.96
1997     29     46272.38
1997     30     42031.65
1997     31     36563.98
1997     32     31109.33
1997     33     28731.57
1997     34     24206.38
1997     35     20947.22
1997     36     17284.41
1997     37     13555.50
1997     38     10159.11
1997     39      7594.05
1997     40      5380.53
1997     41      3527.59
1997     42      2365.75
1997     43      1317.09
1997     44       714.13
1997     45       309.49
1997     46       163.26
1997     47        59.09
1997     48        24.04
1997     49        12.02
1997     50         4.01
1997     51         1.00
1997     52         3.00
1997     53         1.00
1997     54         1.00
1997     55+        7.01
1998     12-        0.33
1998     13        15.91
1998     14       345.29
1998     15      3236.69
1998     16     11283.67
1998     17     29453.16
1998     18     57242.00
1998     19     87815.41
1998     20    107205.37
1998     21    111218.43
1998     22    107977.91
1998     23     99213.31
1998     24     90535.88
1998     25     81412.55
1998     26     73995.65
1998     27     65022.62
1998     28     56473.45
1998     29     48659.75
1998     30     42669.72
1998     31     37710.76
1998     32     32250.79
1998     33     27191.63
1998     34     24708.64
1998     35     21152.50
1998     36     17985.13
1998     37     14291.71
1998     38     11144.39
1998     39      8191.45
1998     40      5815.68
1998     41      3777.59
1998     42      2441.90
1998     43      1428.88
1998     44       798.61
1998     45       330.67
1998     46       173.35
1998     47        54.10
1998     48        33.06
1998     49        12.03
1998     50         1.00
1998     51         5.01
1998     52         2.00
1998     53         4.01
1998     54         3.00
1998     55+        7.01
1999     12-        0.30
1999     13        12.97
1999     14       269.32
1999     15      2607.49
1999     16     10012.02
1999     17     25465.46
1999     18     50363.73
1999     19     79386.66
1999     20     97815.34
1999     21    104031.39
1999     22    102432.04
1999     23     96660.92
1999     24     88976.79
1999     25     79542.99
1999     26     71029.11
1999     27     64371.14
1999     28     55744.03
1999     29     47798.34
1999     30     41264.63
1999     31     35241.99
1999     32     30242.49
1999     33     25983.55
1999     34     22217.65
1999     35     19803.57
1999     36     16513.67
1999     37     13456.25
1999     38     10631.32
1999     39      7925.64
1999     40      5695.96
1999     41      3855.10
1999     42      2493.23
1999     43      1384.90
1999     44       767.61
1999     45       371.78
1999     46       164.35
1999     47        87.18
1999     48        30.06
1999     49        20.04
1999     50         5.01
1999     51         6.02
1999     52         3.00
1999     53         0.00
1999     54         1.00
1999     55+        3.01
2000     12-        0.27
2000     13        12.61
2000     14       246.53
2000     15      2328.89
2000     16      9164.22
2000     17     25139.75
2000     18     49269.84
2000     19     77106.06
2000     20     98447.51
2000     21    106567.00
2000     22    105839.78
2000     23    101150.00
2000     24     94834.51
2000     25     85277.64
2000     26     76090.38
2000     27     67157.54
2000     28     61449.06
2000     29     53744.26
2000     30     46694.55
2000     31     37900.95
2000     32     31949.06
2000     33     27515.70
2000     34     23457.96
2000     35     19411.24
2000     36     16563.51
2000     37     13880.05
2000     38     11094.43
2000     39      8493.11
2000     40      6168.24
2000     41      4215.00
2000     42      2589.30
2000     43      1504.50
2000     44       799.33
2000     45       397.66
2000     46       170.28
2000     47        73.13
2000     48        55.09
2000     49        24.04
2000     50         4.01
2000     51         6.01
2000     52         2.00
2000     53         3.00
2000     54         2.01
2000     55+        0.00
2001     12-        0.28
2001     13        13.51
2001     14       286.34
2001     15      2498.43
2001     16      9148.93
2001     17     25260.21
2001     18     50829.93
2001     19     77832.99
2001     20     98163.16
2001     21    107091.73
2001     22    106717.12
2001     23    102255.84
2001     24     97453.00
2001     25     90405.50
2001     26     80661.61
2001     27     72051.56
2001     28     63887.23
2001     29     57391.64
2001     30     50756.82
2001     31     42539.41
2001     32     34885.92
2001     33     28781.96
2001     34     24541.04
2001     35     20858.03
2001     36     16976.70
2001     37     14064.95
2001     38     11038.01
2001     39      8755.29
2001     40      6374.40
2001     41      4258.95
2001     42      2677.37
2001     43      1575.58
2001     44       813.32
2001     45       413.67
2001     46       165.27
2001     47        71.12
2001     48        47.07
2001     49        27.05
2001     50        10.02
2001     51         6.01
2001     52         4.00
2001     53         3.01
2001     54         3.00
2001     55+        7.01
2002     12-        0.28
2002     13        14.09
2002     14       308.14
2002     15      2768.84
2002     16      9559.48
2002     17     24503.54
2002     18     50995.88
2002     19     82008.59
2002     20    100730.97
2002     21    110145.25
2002     22    111068.55
2002     23    109609.49
2002     24    104266.97
2002     25     96058.39
2002     26     87953.97
2002     27     79017.37
2002     28     70131.84
2002     29     61257.34
2002     30     55682.48
2002     31     47770.33
2002     32     39468.63
2002     33     32650.02
2002     34     26862.87
2002     35     22503.72
2002     36     18692.34
2002     37     14707.73
2002     38     11690.48
2002     39      9288.09
2002     40      6716.47
2002     41      4475.31
2002     42      2786.93
2002     43      1666.35
2002     44       835.18
2002     45       403.57
2002     46       185.26
2002     47        85.12
2002     48        41.06
2002     49        25.04
2002     50         6.01
2002     51         9.01
2002     52         5.00
2002     53         5.01
2002     54         1.00
2002     55+        5.01
2003     12-        0.27
2003     13        14.50
2003     14       318.08
2003     15      2903.76
2003     16     10766.22
2003     17     25653.97
2003     18     51097.68
2003     19     83076.86
2003     20    106683.34
2003     21    113497.45
2003     22    115027.46
2003     23    113851.63
2003     24    109030.92
2003     25    102532.20
2003     26     93683.86
2003     27     84952.89
2003     28     75703.41
2003     29     66928.55
2003     30     59325.46
2003     31     52647.09
2003     32     44240.70
2003     33     36518.17
2003     34     29468.28
2003     35     24504.68
2003     36     19977.93
2003     37     15432.80
2003     38     11876.73
2003     39      9326.03
2003     40      6834.53
2003     41      4866.64
2003     42      3134.53
2003     43      1750.48
2003     44       860.44
2003     45       459.31
2003     46       168.41
2003     47        85.74
2003     48        44.91
2003     49        31.64
2003     50         4.08
2003     51         3.06
2003     52         9.19
2003     53         4.08
2003     54         2.05
2003     55+        1.02
2004     12-        2.00
2004     13        33.05
2004     14       382.57
2004     15      2723.07
2004     16     10595.82
2004     17     27484.03
2004     18     51124.33
2004     19     79852.21
2004     20    103856.04
2004     21    116241.54
2004     22    114772.34
2004     23    112936.59
2004     24    110870.52
2004     25    103655.75
2004     26     95544.64
2004     27     86882.70
2004     28     78809.66
2004     29     69823.24
2004     30     61893.40
2004     31     53730.21
2004     32     46762.81
2004     33     38699.77
2004     34     31672.28
2004     35     25792.51
2004     36     21061.44
2004     37     16295.32
2004     38     12685.94
2004     39      9329.93
2004     40      6998.44
2004     41      4919.34
2004     42      3224.82
2004     43      1910.85
2004     44      1046.57
2004     45       466.70
2004     46       205.30
2004     47        88.13
2004     48        41.06
2004     49        37.06
2004     50        11.02
2004     51         7.01
2004     52         3.00
2004     53         2.01
2004     54         2.00
2004     55+        0.00
2005     12-        6.01
2005     13        43.06
2005     14       364.51
2005     15      2455.49
2005     16      9485.47
2005     17     25071.61
2005     18     50611.88
2005     19     74244.46
2005     20     94425.12
2005     21    108434.01
2005     22    112691.06
2005     23    108376.94
2005     24    105826.31
2005     25    101252.82
2005     26     93186.36
2005     27     85457.38
2005     28     77656.30
2005     29     69680.97
2005     30     62070.16
2005     31     53961.64
2005     32     45977.31
2005     33     39582.22
2005     34     32801.59
2005     35     26402.50
2005     36     20836.60
2005     37     15972.68
2005     38     12417.64
2005     39      9485.47
2005     40      6619.40
2005     41      4816.84
2005     42      3165.50
2005     43      1926.74
2005     44      1054.50
2005     45       535.76
2005     46       214.31
2005     47       141.20
2005     48        55.08
2005     49        34.05
2005     50         8.01
2005     51        12.01
2005     52         6.01
2005     53         3.01
2005     54         2.00
2005     55+        4.01
2006     12-        5.01
2006     13        38.04
2006     14       289.37
2006     15      2230.80
2006     16      9000.30
2006     17     23396.37
2006     18     48184.48
2006     19     77481.25
2006     20     93590.46
2006     21    104288.88
2006     22    111847.38
2006     23    114383.55
2006     24    107575.01
2006     25    102177.24
2006     26     94925.14
2006     27     86768.90
2006     28     79311.54
2006     29     71671.95
2006     30     65186.81
2006     31     55792.02
2006     32     48324.65
2006     33     40641.00
2006     34     34745.60
2006     35     28393.64
2006     36     22311.00
2006     37     16663.92
2006     38     12725.97
2006     39      9437.84
2006     40      6861.61
2006     41      4503.65
2006     42      3089.88
2006     43      1838.31
2006     44       981.24
2006     45       500.63
2006     46       228.29
2006     47       108.14
2006     48        59.08
2006     49        34.04
2006     50        16.02
2006     51         8.01
2006     52         5.00
2006     53         3.01
2006     54         2.00
2006     55+       10.01
2007     12-        5.01
2007     13        29.03
2007     14       343.35
2007     15      2166.21
2007     16      8309.46
2007     17     21820.21
2007     18     45104.92
2007     19     74213.54
2007     20     96982.72
2007     21    104488.36
2007     22    110459.44
2007     23    117592.70
2007     24    120298.46
2007     25    112346.36
2007     26    105419.31
2007     27     97318.06
2007     28     90293.91
2007     29     82923.41
2007     30     74678.01
2007     31     66746.94
2007     32     57232.26
2007     33     48542.41
2007     34     40698.43
2007     35     34929.56
2007     36     27750.24
2007     37     21278.66
2007     38     15439.72
2007     39     11494.70
2007     40      8040.18
2007     41      5449.54
2007     42      3340.40
2007     43      2121.15
2007     44      1168.19
2007     45       554.56
2007     46       283.29
2007     47       120.12
2007     48        64.07
2007     49        28.02
2007     50        15.02
2007     51        12.01
2007     52         6.01
2007     53         2.00
2007     54         1.00
2007     55+       11.01
2008     12-       10.01
2008     13        35.02
2008     14       358.27
2008     15      2019.49
2008     16      8016.92
2008     17     21606.94
2008     18     43343.96
2008     19     70175.75
2008     20     94916.00
2008     21    110276.33
2008     22    113127.43
2008     23    118435.34
2008     24    125292.40
2008     25    124617.90
2008     26    113190.47
2008     27    105052.47
2008     28     97923.21
2008     29     89767.20
2008     30     82724.01
2008     31     73822.45
2008     32     64185.33
2008     33     55160.68
2008     34     47134.76
2008     35     39459.10
2008     36     32638.07
2008     37     24867.33
2008     38     18455.61
2008     39     13319.82
2008     40      9178.77
2008     41      6289.64
2008     42      3818.82
2008     43      2235.65
2008     44      1200.89
2008     45       681.50
2008     46       268.20
2008     47       146.11
2008     48        82.06
2008     49        47.04
2008     50        16.02
2008     51        16.02
2008     52        12.01
2008     53         9.01
2008     54         6.00
2008     55+        7.00
2009     12-        5.00
2009     13        43.02
2009     14       337.19
2009     15      1798.03
2009     16      7113.08
2009     17     18970.88
2009     18     39055.39
2009     19     64194.80
2009     20     85619.08
2009     21    103825.52
2009     22    117376.29
2009     23    121405.60
2009     24    124919.61
2009     25    129129.03
2009     26    125015.67
2009     27    111727.06
2009     28    102725.90
2009     29     94739.32
2009     30     87640.24
2009     31     77967.70
2009     32     69287.72
2009     33     60530.71
2009     34     51160.33
2009     35     42779.53
2009     36     34964.04
2009     37     27410.71
2009     38     20501.76
2009     39     14982.59
2009     40     10283.89
2009     41      6734.86
2009     42      4174.39
2009     43      2475.42
2009     44      1370.78
2009     45       703.40
2009     46       327.19
2009     47       159.09
2009     48        92.06
2009     49        53.03
2009     50        20.01
2009     51        24.02
2009     52        17.01
2009     53        11.00
2009     54        10.01
2009     55+        5.01
2010     12-        8.01
2010     13        35.04
2010     14       272.33
2010     15      1719.10
2010     16      5821.11
2010     17     15768.26
2010     18     33531.96
2010     19     56832.42
2010     20     76829.84
2010     21     93143.77
2010     22    109268.46
2010     23    122131.17
2010     24    126165.10
2010     25    127885.20
2010     26    129237.85
2010     27    123154.42
2010     28    109987.34
2010     29    100661.95
2010     30     93295.95
2010     31     83981.57
2010     32     73938.31
2010     33     64242.47
2010     34     55886.26
2010     35     47424.92
2010     36     38842.44
2010     37     29460.99
2010     38     23007.10
2010     39     16682.38
2010     40     11671.25
2010     41      7540.21
2010     42      4689.73
2010     43      2753.37
2010     44      1507.84
2010     45       717.87
2010     46       373.46
2010     47       217.27
2010     48        96.11
2010     49        73.08
2010     50        29.03
2010     51        14.02
2010     52        21.03
2010     53         9.01
2010     54         7.00
2010     55+       12.01
2011     12-        6.00
2011     13        46.05
2011     14       319.30
2011     15      1771.66
2011     16      6253.86
2011     17     14982.04
2011     18     30901.97
2011     19     52382.10
2011     20     72176.65
2011     21     88537.98
2011     22    102632.19
2011     23    118722.28
2011     24    131727.47
2011     25    130103.95
2011     26    127156.18
2011     27    124796.98
2011     28    117238.89
2011     29    103469.98
2011     30     94267.36
2011     31     85422.07
2011     32     75338.61
2011     33     66027.89
2011     34     57282.69
2011     35     49417.32
2011     36     40853.30
2011     37     31613.63
2011     38     24120.61
2011     39     17893.77
2011     40     12310.54
2011     41      8073.57
2011     42      4885.58
2011     43      2802.62
2011     44      1521.43
2011     45       695.65
2011     46       364.34
2011     47       187.17
2011     48       114.11
2011     49        74.07
2011     50        45.04
2011     51        32.03
2011     52        21.02
2011     53        21.02
2011     54         6.00
2011     55+       12.01
2012     12-        3.80
2012     13        49.87
2012     14       306.05
2012     15      1707.18
2012     16      5981.65
2012     17     15087.04
2012     18     29320.72
2012     19     48694.11
2012     20     68342.32
2012     21     85246.61
2012     22    100648.37
2012     23    117150.42
2012     24    135294.78
2012     25    144344.50
2012     26    137046.60
2012     27    131080.45
2012     28    127086.50
2012     29    118035.99
2012     30    104278.67
2012     31     93198.72
2012     32     82827.29
2012     33     72870.24
2012     34     64239.77
2012     35     54793.49
2012     36     45751.44
2012     37     36193.89
2012     38     27334.67
2012     39     20197.21
2012     40     13975.71
2012     41      9115.18
2012     42      5620.52
2012     43      3037.01
2012     44      1574.37
2012     45       783.59
2012     46       390.65
2012     47       182.34
2012     48       116.11
2012     49        68.06
2012     50        36.58
2012     51        24.82
2012     52        11.66
2012     53        11.00
2012     54        11.00
2012     55+       13.01
2013     12-        4.74
2013     13        39.77
2013     14       336.38
2013     15      1627.37
2013     16      5573.53
2013     17     13847.78
2013     18     28177.04
2013     19     44137.50
2013     20     59230.24
2013     21     76199.39
2013     22     92489.27
2013     23    109491.06
2013     24    125321.79
2013     25    139421.00
2013     26    144727.49
2013     27    134922.03
2013     28    127046.69
2013     29    121808.65
2013     30    112598.53
2013     31     97274.41
2013     32     85108.84
2013     33     75492.88
2013     34     66624.19
2013     35     57477.68
2013     36     48595.59
2013     37     38894.30
2013     38     29441.70
2013     39     21846.38
2013     40     15318.26
2013     41      9997.95
2013     42      6069.27
2013     43      3302.99
2013     44      1681.33
2013     45       791.43
2013     46       386.05
2013     47       170.16
2013     48       134.36
2013     49        74.92
2013     50        44.48
2013     51        35.86
2013     52        18.69
2013     53         8.50
2013     54        11.76
2013     55+       19.77
2014     12-        1.97
2014     13        57.06
2014     14       332.09
2014     15      1703.13
2014     16      5634.83
2014     17     13519.42
2014     18     26086.67
2014     19     41954.77
2014     20     54357.10
2014     21     66407.09
2014     22     82777.43
2014     23    100727.34
2014     24    118272.14
2014     25    133874.71
2014     26    143803.01
2014     27    145146.59
2014     28    132679.13
2014     29    124206.84
2014     30    118574.90
2014     31    108067.40
2014     32     91746.06
2014     33     79742.85
2014     34     70448.86
2014     35     61665.45
2014     36     51507.87
2014     37     41336.49
2014     38     32199.12
2014     39     23937.75
2014     40     16716.83
2014     41     11034.21
2014     42      6973.83
2014     43      3885.20
2014     44      2003.10
2014     45       978.97
2014     46       483.31
2014     47       235.50
2014     48       139.03
2014     49        86.05
2014     50        55.93
2014     51        32.71
2014     52        18.31
2014     53        21.05
2014     54        17.04
2014     55+       22.87
2015     12-        3.00
2015     13        29.02
2015     14       261.15
2015     15      1273.74
2015     16      4662.73
2015     17     11535.75
2015     18     23234.59
2015     19     37568.98
2015     20     50803.73
2015     21     61028.71
2015     22     71566.86
2015     23     90559.98
2015     24    110666.74
2015     25    126853.21
2015     26    137755.59
2015     27    145303.00
2015     28    143800.12
2015     29    131690.04
2015     30    122933.92
2015     31    114827.18
2015     32    101357.29
2015     33     84787.60
2015     34     73750.14
2015     35     63750.30
2015     36     53772.46
2015     37     43070.20
2015     38     33947.86
2015     39     25119.70
2015     40     17867.45
2015     41     11715.86
2015     42      7145.18
2015     43      4117.41
2015     44      2053.20
2015     45      1067.63
2015     46       499.29
2015     47       261.15
2015     48       135.08
2015     49        91.05
2015     50        62.04
2015     51        38.02
2015     52        28.02
2015     53        12.00
2015     54        10.00
2015     55+       25.01
2016     12-        2.00
2016     13        31.01
2016     14       259.12
2016     15      1061.52
2016     16      3752.83
2016     17     10230.98
2016     18     20665.05
2016     19     33715.40
2016     20     45281.03
2016     21     56733.59
2016     22     64928.58
2016     23     77801.84
2016     24     97105.23
2016     25    115207.04
2016     26    127466.01
2016     27    135011.68
2016     28    140008.10
2016     29    138963.60
2016     30    125446.02
2016     31    115012.94
2016     32    105226.19
2016     33     92521.01
2016     34     76728.32
2016     35     66217.21
2016     36     55743.12
2016     37     45222.00
2016     38     35109.08
2016     39     26578.93
2016     40     19124.31
2016     41     12415.04
2016     42      7621.71
2016     43      4420.15
2016     44      2370.15
2016     45      1151.56
2016     46       548.27
2016     47       292.14
2016     48       153.08
2016     49        96.05
2016     50        50.02
2016     51        54.03
2016     52        34.02
2016     53        27.02
2016     54        13.00
2016     55+       34.01
2017     12-        5.00
2017     13        30.01
2017     14       220.11
2017     15       949.46
2017     16      3012.47
2017     17      7804.81
2017     18     18052.81
2017     19     30242.76
2017     20     39829.43
2017     21     49035.92
2017     22     59925.23
2017     23     68966.64
2017     24     79113.59
2017     25     95348.51
2017     26    107739.56
2017     27    114180.70
2017     28    118257.69
2017     29    121400.22
2017     30    117921.52
2017     31    104611.03
2017     32     94644.17
2017     33     86514.20
2017     34     76615.37
2017     35     63684.07
2017     36     53581.14
2017     37     43820.37
2017     38     34419.79
2017     39     26197.78
2017     40     19043.28
2017     41     12536.12
2017     42      7756.78
2017     43      4383.14
2017     44      2249.10
2017     45      1162.57
2017     46       556.27
2017     47       296.14
2017     48       162.08
2017     49        99.05
2017     50        75.04
2017     51        40.02
2017     52        31.02
2017     53        22.01
2017     54        18.01
2017     55+       60.02
2018     12-        4.00
2018     13        34.02
2018     14       193.10
2018     15       907.46
2018     16      2894.47
2018     17      7200.65
2018     18     15174.70
2018     19     27386.89
2018     20     37059.79
2018     21     45729.19
2018     22     53574.17
2018     23     64552.74
2018     24     72322.67
2018     25     81629.39
2018     26     93529.43
2018     27    102823.14
2018     28    108540.04
2018     29    110657.11
2018     30    112791.20
2018     31    107550.54
2018     32     94045.69
2018     33     84614.91
2018     34     76736.92
2018     35     67394.17
2018     36     54762.77
2018     37     44563.60
2018     38     35059.78
2018     39     27112.75
2018     40     19535.91
2018     41     13079.63
2018     42      8210.16
2018     43      4594.33
2018     44      2443.24
2018     45      1302.66
2018     46       665.34
2018     47       303.15
2018     48       197.10
2018     49       124.06
2018     50        78.04
2018     51        59.03
2018     52        31.02
2018     53        22.01
2018     54        23.02
2018     55+       45.02
