Russian Federation, Live births by calendar year, age reached during the year (ARDY) and birth cohort (vertical parallelograms)
Last modified: 22/10/2020
Year  ARDY   Cohort       Total
1959    12-   1947+        0.06
1959    13    1946         1.60
1959    14    1945        13.59
1959    15    1944       114.00
1959    16    1943       555.17
1959    17    1942      3192.88
1959    18    1941     20290.96
1959    19    1940     56611.14
1959    20    1939    116414.31
1959    21    1938    183983.15
1959    22    1937    204172.74
1959    23    1936    214209.03
1959    24    1935    191470.81
1959    25    1934    160964.91
1959    26    1933    148889.37
1959    27    1932    165776.84
1959    28    1931    154041.37
1959    29    1930    169367.88
1959    30    1929    153283.09
1959    31    1928    165524.87
1959    32    1927    118952.26
1959    33    1926    117119.32
1959    34    1925     90108.16
1959    35    1924     82220.69
1959    36    1923     66757.37
1959    37    1922     48196.60
1959    38    1921     35471.11
1959    39    1920     30503.69
1959    40    1919     23422.34
1959    41    1918     25886.12
1959    42    1917     11716.82
1959    43    1916     10588.95
1959    44    1915      8206.29
1959    45    1914      7185.67
1959    46    1913      4171.18
1959    47    1912      2482.12
1959    48    1911      1293.26
1959    49    1910      1116.74
1959    50    1909       573.86
1959    51    1908       298.98
1959    52    1907       166.17
1959    53    1906       151.39
1959    54    1905       152.59
1959    55+   1904-      608.54
1960    12-   1948+        0.06
1960    13    1947         1.10
1960    14    1946        17.57
1960    15    1945       129.31
1960    16    1944       696.96
1960    17    1943      2563.97
1960    18    1942     12694.09
1960    19    1941     53195.50
1960    20    1940    109298.76
1960    21    1939    166155.90
1960    22    1938    210753.69
1960    23    1937    224875.75
1960    24    1936    213980.85
1960    25    1935    186260.85
1960    26    1934    149178.36
1960    27    1933    132605.21
1960    28    1932    154140.41
1960    29    1931    140801.48
1960    30    1930    161033.09
1960    31    1929    135864.10
1960    32    1928    142409.52
1960    33    1927    110988.72
1960    34    1926    101453.22
1960    35    1925     82239.72
1960    36    1924     72234.51
1960    37    1923     56098.73
1960    38    1922     42369.59
1960    39    1921     29396.54
1960    40    1920     25191.25
1960    41    1919     17209.80
1960    42    1918     17758.86
1960    43    1917      8801.91
1960    44    1916      6417.59
1960    45    1915      5033.44
1960    46    1914      4158.96
1960    47    1913      2140.73
1960    48    1912      1468.79
1960    49    1911       775.83
1960    50    1910       474.53
1960    51    1909       266.29
1960    52    1908       233.72
1960    53    1907       186.46
1960    54    1906       191.78
1960    55+   1905-      605.48
1961    12-   1949+        0.06
1961    13    1948         1.21
1961    14    1947        17.98
1961    15    1946       236.54
1961    16    1945      1044.13
1961    17    1944      3659.31
1961    18    1943     11094.80
1961    19    1942     37037.69
1961    20    1941    110665.54
1961    21    1940    168958.81
1961    22    1939    201700.24
1961    23    1938    231219.53
1961    24    1937    223485.88
1961    25    1936    198775.95
1961    26    1935    166944.87
1961    27    1934    130735.28
1961    28    1933    117471.59
1961    29    1932    127861.31
1961    30    1931    123442.87
1961    31    1930    139706.14
1961    32    1929    111453.33
1961    33    1928    115430.79
1961    34    1927     86531.86
1961    35    1926     82817.67
1961    36    1925     66142.10
1961    37    1924     55254.23
1961    38    1923     42451.93
1961    39    1922     29737.86
1961    40    1921     21677.09
1961    41    1920     17576.83
1961    42    1919     11264.04
1961    43    1918     11472.85
1961    44    1917      4754.17
1961    45    1916      3763.87
1961    46    1915      2807.46
1961    47    1914      1854.69
1961    48    1913      1014.76
1961    49    1912       678.59
1961    50    1911       353.99
1961    51    1910       241.57
1961    52    1909       139.34
1961    53    1908       135.24
1961    54    1907       118.14
1961    55+   1906-      402.87
1962    12-   1950+        0.05
1962    13    1949         1.25
1962    14    1948        18.07
1962    15    1947       202.70
1962    16    1946      1559.89
1962    17    1945      4637.80
1962    18    1944     12633.28
1962    19    1943     24435.04
1962    20    1942     61380.35
1962    21    1941    143632.12
1962    22    1940    175585.57
1962    23    1939    206704.27
1962    24    1938    222556.33
1962    25    1937    209710.24
1962    26    1936    179577.31
1962    27    1935    147341.83
1962    28    1934    114851.30
1962    29    1933     97304.44
1962    30    1932    117040.28
1962    31    1931    108741.52
1962    32    1930    113254.79
1962    33    1929     96001.82
1962    34    1928     95817.87
1962    35    1927     74621.82
1962    36    1926     67702.80
1962    37    1925     52636.08
1962    38    1924     45074.68
1962    39    1923     33559.42
1962    40    1922     24209.24
1962    41    1921     15697.33
1962    42    1920     11950.51
1962    43    1919      7968.43
1962    44    1918      6931.13
1962    45    1917      3122.26
1962    46    1916      2072.34
1962    47    1915      1245.72
1962    48    1914       954.82
1962    49    1913       536.75
1962    50    1912       319.58
1962    51    1911       186.07
1962    52    1910       158.22
1962    53    1909       115.87
1962    54    1908       122.68
1962    55+   1907-      365.14
1963    12-   1951+        0.05
1963    13    1950         0.98
1963    14    1949        16.86
1963    15    1948       188.04
1963    16    1947      1526.31
1963    17    1946      7877.42
1963    18    1945     16738.56
1963    19    1944     30274.55
1963    20    1943     45184.04
1963    21    1942     86515.67
1963    22    1941    160604.85
1963    23    1940    184642.51
1963    24    1939    204416.86
1963    25    1938    208591.25
1963    26    1937    188519.73
1963    27    1936    158131.55
1963    28    1935    130980.42
1963    29    1934     98627.82
1963    30    1933     90577.99
1963    31    1932    103556.96
1963    32    1931     89614.50
1963    33    1930     96668.09
1963    34    1929     79303.54
1963    35    1928     80497.81
1963    36    1927     61524.51
1963    37    1926     54108.24
1963    38    1925     42152.53
1963    39    1924     33880.70
1963    40    1923     25883.43
1963    41    1922     17585.17
1963    42    1921     10885.58
1963    43    1920      8353.12
1963    44    1919      4859.53
1963    45    1918      4129.19
1963    46    1917      1745.49
1963    47    1916      1050.46
1963    48    1915       672.07
1963    49    1914       480.05
1963    50    1913       269.52
1963    51    1912       200.04
1963    52    1911       132.82
1963    53    1910       127.96
1963    54    1909       100.49
1963    55+   1908-      307.73
1964    12-   1952+        0.05
1964    13    1951         1.29
1964    14    1950        20.10
1964    15    1949       235.80
1964    16    1948      1338.69
1964    17    1947      6996.97
1964    18    1946     27100.40
1964    19    1945     38395.84
1964    20    1944     51292.73
1964    21    1943     55266.01
1964    22    1942     87113.07
1964    23    1941    162593.54
1964    24    1940    174282.39
1964    25    1939    187582.11
1964    26    1938    182196.57
1964    27    1937    162899.24
1964    28    1936    137206.33
1964    29    1935    110908.55
1964    30    1934     88301.47
1964    31    1933     76772.00
1964    32    1932     85476.94
1964    33    1931     76171.49
1964    34    1930     77285.28
1964    35    1929     66365.78
1964    36    1928     65230.33
1964    37    1927     48941.39
1964    38    1926     42475.00
1964    39    1925     31861.28
1964    40    1924     26663.42
1964    41    1923     18452.97
1964    42    1922     11716.35
1964    43    1921      7582.20
1964    44    1920      5163.63
1964    45    1919      2996.50
1964    46    1918      2341.06
1964    47    1917       936.43
1964    48    1916       549.61
1964    49    1915       347.43
1964    50    1914       262.48
1964    51    1913       160.87
1964    52    1912       127.31
1964    53    1911        91.67
1964    54    1910        86.90
1964    55+   1909-      204.53
1965    12-   1953+        0.05
1965    13    1952         1.18
1965    14    1951        19.26
1965    15    1950       209.82
1965    16    1949      1606.15
1965    17    1948      6509.40
1965    18    1947     25078.88
1965    19    1946     63179.19
1965    20    1945     62823.25
1965    21    1944     62013.66
1965    22    1943     56189.32
1965    23    1942     87120.38
1965    24    1941    154331.23
1965    25    1940    160336.31
1965    26    1939    170617.22
1965    27    1938    161438.09
1965    28    1937    147600.09
1965    29    1936    119913.73
1965    30    1935    102292.13
1965    31    1934     77776.42
1965    32    1933     65302.63
1965    33    1932     74528.51
1965    34    1931     62803.95
1965    35    1930     67270.92
1965    36    1929     56629.47
1965    37    1928     53145.51
1965    38    1927     40392.21
1965    39    1926     33164.67
1965    40    1925     25579.98
1965    41    1924     19281.63
1965    42    1923     12582.36
1965    43    1922      8421.31
1965    44    1921      4649.02
1965    45    1920      3147.98
1965    46    1919      1754.74
1965    47    1918      1173.32
1965    48    1917       508.15
1965    49    1916       318.00
1965    50    1915       196.88
1965    51    1914       144.67
1965    52    1913        91.60
1965    53    1912        83.40
1965    54    1911        70.49
1965    55+   1910-      222.82
1966    12-   1954+        0.06
1966    13    1953         1.32
1966    14    1952        22.48
1966    15    1951       257.05
1966    16    1950      1705.53
1966    17    1949      8948.25
1966    18    1948     25710.38
1966    19    1947     61339.40
1966    20    1946    108114.42
1966    21    1945     80007.27
1966    22    1944     67462.01
1966    23    1943     59845.23
1966    24    1942     86210.09
1966    25    1941    148969.12
1966    26    1940    150899.83
1966    27    1939    158107.34
1966    28    1938    149840.12
1966    29    1937    133919.63
1966    30    1936    113470.44
1966    31    1935     92597.25
1966    32    1934     68243.55
1966    33    1933     59475.56
1966    34    1932     65633.18
1966    35    1931     56616.41
1966    36    1930     57642.76
1966    37    1929     46935.36
1966    38    1928     43637.98
1966    39    1927     32479.35
1966    40    1926     26575.70
1966    41    1925     18498.94
1966    42    1924     13360.54
1966    43    1923      8987.15
1966    44    1922      5141.36
1966    45    1921      2851.69
1966    46    1920      1817.04
1966    47    1919       910.29
1966    48    1918       589.72
1966    49    1917       253.24
1966    50    1916       157.97
1966    51    1915       114.11
1966    52    1914        99.75
1966    53    1913        72.04
1966    54    1912        69.86
1966    55+   1911-      172.21
1967    12-   1955+        0.06
1967    13    1954         1.49
1967    14    1953        22.57
1967    15    1952       259.07
1967    16    1951      1716.50
1967    17    1950      7665.56
1967    18    1949     30855.18
1967    19    1948     60788.81
1967    20    1947    104071.08
1967    21    1946    134920.21
1967    22    1945     83110.04
1967    23    1944     67894.57
1967    24    1943     56189.54
1967    25    1942     79302.01
1967    26    1941    135767.27
1967    27    1940    132721.55
1967    28    1939    139190.78
1967    29    1938    128089.06
1967    30    1937    121613.98
1967    31    1936     97480.53
1967    32    1935     76136.68
1967    33    1934     57791.42
1967    34    1933     47793.18
1967    35    1932     53507.05
1967    36    1931     45203.00
1967    37    1930     44298.67
1967    38    1929     36052.08
1967    39    1928     32231.85
1967    40    1927     24685.16
1967    41    1926     18388.63
1967    42    1925     12338.34
1967    43    1924      9016.22
1967    44    1923      5190.46
1967    45    1922      2925.03
1967    46    1921      1521.73
1967    47    1920       916.83
1967    48    1919       483.02
1967    49    1918       296.48
1967    50    1917       115.86
1967    51    1916        67.24
1967    52    1915        53.91
1967    53    1914        60.24
1967    54    1913        59.27
1967    55+   1912-      248.79
1968    12-   1956+        0.06
1968    13    1955         1.49
1968    14    1954        26.04
1968    15    1953       269.47
1968    16    1952      1814.33
1968    17    1951      8123.29
1968    18    1950     27805.90
1968    19    1949     75701.03
1968    20    1948    104794.32
1968    21    1947    131074.25
1968    22    1946    143064.83
1968    23    1945     84613.10
1968    24    1944     64626.23
1968    25    1943     53239.70
1968    26    1942     74418.20
1968    27    1941    121625.56
1968    28    1940    117323.64
1968    29    1939    124099.61
1968    30    1938    117780.06
1968    31    1937    106282.26
1968    32    1936     82224.34
1968    33    1935     66839.26
1968    34    1934     48952.27
1968    35    1933     40435.60
1968    36    1932     44045.78
1968    37    1931     36374.28
1968    38    1930     36104.75
1968    39    1929     28662.12
1968    40    1928     25242.05
1968    41    1927     17799.67
1968    42    1926     12483.69
1968    43    1925      8556.47
1968    44    1924      5478.97
1968    45    1923      3091.52
1968    46    1922      1559.68
1968    47    1921       734.99
1968    48    1920       517.05
1968    49    1919       279.35
1968    50    1918       122.44
1968    51    1917        53.48
1968    52    1916        44.16
1968    53    1915        43.54
1968    54    1914        49.39
1968    55+   1913-      130.71
1969    12-   1957+        0.07
1969    13    1956         1.90
1969    14    1955        32.28
1969    15    1954       356.55
1969    16    1953      1883.58
1969    17    1952      8111.22
1969    18    1951     29432.98
1969    19    1950     68929.62
1969    20    1949    134219.35
1969    21    1948    141646.33
1969    22    1947    149055.43
1969    23    1946    150668.10
1969    24    1945     82154.08
1969    25    1944     61816.30
1969    26    1943     49487.55
1969    27    1942     67750.03
1969    28    1941    111336.06
1969    29    1940    104295.54
1969    30    1939    116902.91
1969    31    1938    106235.35
1969    32    1937     93060.19
1969    33    1936     72823.91
1969    34    1935     57429.68
1969    35    1934     42167.69
1969    36    1933     33785.58
1969    37    1932     36407.38
1969    38    1931     29088.81
1969    39    1930     26973.62
1969    40    1929     22130.71
1969    41    1928     17740.27
1969    42    1927     11827.84
1969    43    1926      8199.27
1969    44    1925      4879.12
1969    45    1924      3141.39
1969    46    1923      1716.19
1969    47    1922       787.91
1969    48    1921       393.13
1969    49    1920       297.12
1969    50    1919       176.01
1969    51    1918        85.98
1969    52    1917        33.53
1969    53    1916        25.93
1969    54    1915        24.42
1969    55+   1914-       81.12
1970    12-   1958+        0.06
1970    13    1957         1.84
1970    14    1956        31.64
1970    15    1955       344.68
1970    16    1954      2221.60
1970    17    1953      8581.06
1970    18    1952     30581.12
1970    19    1951     78050.65
1970    20    1950    129515.50
1970    21    1949    185294.33
1970    22    1948    165032.62
1970    23    1947    159174.05
1970    24    1946    145154.19
1970    25    1945     75150.97
1970    26    1944     54742.04
1970    27    1943     43335.62
1970    28    1942     61211.73
1970    29    1941    101442.78
1970    30    1940     96192.48
1970    31    1939    103323.18
1970    32    1938     91690.94
1970    33    1937     81066.66
1970    34    1936     61613.84
1970    35    1935     48738.54
1970    36    1934     34920.08
1970    37    1933     27507.45
1970    38    1932     28831.77
1970    39    1931     22724.88
1970    40    1930     20948.74
1970    41    1929     15851.61
1970    42    1928     11987.24
1970    43    1927      7766.76
1970    44    1926      4674.70
1970    45    1925      2761.16
1970    46    1924      1599.31
1970    47    1923       763.08
1970    48    1922       374.28
1970    49    1921       218.70
1970    50    1920       114.85
1970    51    1919        60.23
1970    52    1918        42.22
1970    53    1917        17.47
1970    54    1916        12.41
1970    55+   1915-       43.92
1971    12-   1959+        0.06
1971    13    1958         1.81
1971    14    1957        32.43
1971    15    1956       357.69
1971    16    1955      2287.25
1971    17    1954     10268.06
1971    18    1953     32708.80
1971    19    1952     80873.42
1971    20    1951    141894.82
1971    21    1950    179842.67
1971    22    1949    204765.62
1971    23    1948    165106.83
1971    24    1947    150047.99
1971    25    1946    131146.98
1971    26    1945     68473.54
1971    27    1944     51140.57
1971    28    1943     41745.08
1971    29    1942     57395.23
1971    30    1941     94976.33
1971    31    1940     88769.21
1971    32    1939     91849.98
1971    33    1938     81511.37
1971    34    1937     70210.03
1971    35    1936     54344.41
1971    36    1935     41364.39
1971    37    1934     28388.45
1971    38    1933     22597.42
1971    39    1932     22248.27
1971    40    1931     17806.81
1971    41    1930     14995.52
1971    42    1929     10248.44
1971    43    1928      7676.66
1971    44    1927      4480.65
1971    45    1926      2496.14
1971    46    1925      1263.19
1971    47    1924       631.72
1971    48    1923       318.04
1971    49    1922       166.78
1971    50    1921        86.57
1971    51    1920        42.71
1971    52    1919        25.84
1971    53    1918        17.64
1971    54    1917         6.73
1971    55+   1916-       24.84
1972    12-   1960+        0.06
1972    13    1959         1.78
1972    14    1958        32.41
1972    15    1957       372.10
1972    16    1956      2379.50
1972    17    1955     10640.58
1972    18    1954     36924.59
1972    19    1953     82305.34
1972    20    1952    143780.95
1972    21    1951    186314.47
1972    22    1950    191570.66
1972    23    1949    200725.70
1972    24    1948    152066.91
1972    25    1947    136057.54
1972    26    1946    119478.51
1972    27    1945     62542.49
1972    28    1944     47424.06
1972    29    1943     38324.04
1972    30    1942     53588.48
1972    31    1941     85360.91
1972    32    1940     76664.27
1972    33    1939     80375.62
1972    34    1938     69338.87
1972    35    1937     60113.53
1972    36    1936     46197.45
1972    37    1935     34299.82
1972    38    1934     22994.33
1972    39    1933     17857.72
1972    40    1932     17318.07
1972    41    1931     12547.63
1972    42    1930     10410.62
1972    43    1929      6959.37
1972    44    1928      4476.64
1972    45    1927      2527.00
1972    46    1926      1267.99
1972    47    1925       616.60
1972    48    1924       315.15
1972    49    1923       179.01
1972    50    1922       104.86
1972    51    1921        58.26
1972    52    1920        35.79
1972    53    1919        24.33
1972    54    1918        18.86
1972    55+   1917-       45.15
1973    12-   1961+        0.06
1973    13    1960         1.77
1973    14    1959        31.48
1973    15    1958       373.28
1973    16    1957      2512.27
1973    17    1956     10412.06
1973    18    1955     35543.16
1973    19    1954     90802.63
1973    20    1953    142761.73
1973    21    1952    183153.81
1973    22    1951    194223.79
1973    23    1950    179974.77
1973    24    1949    178513.09
1973    25    1948    134922.09
1973    26    1947    121601.54
1973    27    1946    105470.30
1973    28    1945     55134.62
1973    29    1944     40358.82
1973    30    1943     33215.09
1973    31    1942     46337.38
1973    32    1941     71756.09
1973    33    1940     64753.10
1973    34    1939     66849.27
1973    35    1938     57149.37
1973    36    1937     48373.87
1973    37    1936     36507.48
1973    38    1935     26691.33
1973    39    1934     17559.07
1973    40    1933     13447.96
1973    41    1932     12267.61
1973    42    1931      8334.67
1973    43    1930      6511.67
1973    44    1929      4193.12
1973    45    1928      2496.33
1973    46    1927      1177.54
1973    47    1926       580.25
1973    48    1925       284.58
1973    49    1924       140.90
1973    50    1923        73.77
1973    51    1922        38.84
1973    52    1921        22.56
1973    53    1920        14.80
1973    54    1919        11.18
1973    55+   1918-       41.92
1974    12-   1962+        0.06
1974    13    1961         1.90
1974    14    1960        36.74
1974    15    1959       412.92
1974    16    1958      2733.19
1974    17    1957     11526.51
1974    18    1956     37026.28
1974    19    1955     93095.98
1974    20    1954    163367.94
1974    21    1953    188582.27
1974    22    1952    200570.30
1974    23    1951    193379.24
1974    24    1950    171801.67
1974    25    1949    168341.38
1974    26    1948    125655.22
1974    27    1947    113783.48
1974    28    1946     97663.38
1974    29    1945     49950.79
1974    30    1944     37263.65
1974    31    1943     29331.01
1974    32    1942     39193.98
1974    33    1941     61018.62
1974    34    1940     54087.54
1974    35    1939     56411.34
1974    36    1938     48017.30
1974    37    1937     39787.33
1974    38    1936     29239.63
1974    39    1935     21024.45
1974    40    1934     13544.83
1974    41    1933      9638.40
1974    42    1932      8603.06
1974    43    1931      5748.76
1974    44    1930      4040.10
1974    45    1929      2367.48
1974    46    1928      1327.77
1974    47    1927       614.77
1974    48    1926       283.11
1974    49    1925       152.96
1974    50    1924        85.66
1974    51    1923        45.47
1974    52    1922        23.55
1974    53    1921        11.34
1974    54    1920         5.60
1974    55+   1919-       15.06
1975    12-   1963+        0.06
1975    13    1962         1.93
1975    14    1961        37.48
1975    15    1960       448.95
1975    16    1959      2829.31
1975    17    1958     12371.27
1975    18    1957     40021.24
1975    19    1956     93631.71
1975    20    1955    162878.78
1975    21    1954    209026.49
1975    22    1953    198723.64
1975    23    1952    191556.70
1975    24    1951    176952.79
1975    25    1950    154262.60
1975    26    1949    151057.49
1975    27    1948    112703.99
1975    28    1947    101493.07
1975    29    1946     86321.97
1975    30    1945     44322.79
1975    31    1944     32429.60
1975    32    1943     25595.74
1975    33    1942     33909.69
1975    34    1941     50481.58
1975    35    1940     44508.54
1975    36    1939     45699.50
1975    37    1938     37539.47
1975    38    1937     30285.89
1975    39    1936     22263.49
1975    40    1935     15776.50
1975    41    1934      9460.37
1975    42    1933      6456.50
1975    43    1932      5351.32
1975    44    1931      3181.29
1975    45    1930      2186.56
1975    46    1929      1145.24
1975    47    1928       563.75
1975    48    1927       294.48
1975    49    1926       159.21
1975    50    1925        82.64
1975    51    1924        47.44
1975    52    1923        30.15
1975    53    1922        17.35
1975    54    1921         9.78
1975    55+   1920-       28.69
1976    12-   1964+        0.06
1976    13    1963         2.12
1976    14    1962        44.26
1976    15    1961       515.04
1976    16    1960      3235.12
1976    17    1959     13007.44
1976    18    1958     42246.09
1976    19    1957    100177.27
1976    20    1956    164761.95
1976    21    1955    206432.34
1976    22    1954    218251.72
1976    23    1953    192180.95
1976    24    1952    178557.34
1976    25    1951    161798.43
1976    26    1950    141483.51
1976    27    1949    138125.51
1976    28    1948    101279.62
1976    29    1947     89637.33
1976    30    1946     75805.92
1976    31    1945     37552.98
1976    32    1944     26584.03
1976    33    1943     20544.37
1976    34    1942     26787.72
1976    35    1941     40998.28
1976    36    1940     35717.54
1976    37    1939     35253.87
1976    38    1938     28114.37
1976    39    1937     22806.97
1976    40    1936     16401.07
1976    41    1935     10812.89
1976    42    1934      6311.72
1976    43    1933      4117.08
1976    44    1932      3092.63
1976    45    1931      1751.93
1976    46    1930      1160.76
1976    47    1929       596.36
1976    48    1928       277.98
1976    49    1927       130.67
1976    50    1926        60.34
1976    51    1925        28.80
1976    52    1924        18.45
1976    53    1923        12.57
1976    54    1922         8.34
1976    55+   1921-       27.27
1977    12-   1965+        0.07
1977    13    1964         2.90
1977    14    1963        58.99
1977    15    1962       519.61
1977    16    1961      3242.73
1977    17    1960     14324.08
1977    18    1959     42637.65
1977    19    1958    103016.03
1977    20    1957    170992.57
1977    21    1956    201654.82
1977    22    1955    211513.17
1977    23    1954    206182.97
1977    24    1953    173045.80
1977    25    1952    158278.63
1977    26    1951    144230.01
1977    27    1950    126127.06
1977    28    1949    121877.23
1977    29    1948     89629.98
1977    30    1947     79364.22
1977    31    1946     64454.96
1977    32    1945     31301.46
1977    33    1944     22175.50
1977    34    1943     16941.53
1977    35    1942     22123.43
1977    36    1941     33004.33
1977    37    1940     27661.90
1977    38    1939     27031.56
1977    39    1938     21093.14
1977    40    1937     16339.87
1977    41    1936     11123.90
1977    42    1935      6912.59
1977    43    1934      3894.70
1977    44    1933      2364.60
1977    45    1932      1686.62
1977    46    1931       878.34
1977    47    1930       504.30
1977    48    1929       259.45
1977    49    1928       148.95
1977    50    1927        71.33
1977    51    1926        28.07
1977    52    1925        12.71
1977    53    1924         5.90
1977    54    1923         2.63
1977    55+   1922-        3.74
1978    12-   1966+        0.06
1978    13    1965         2.44
1978    14    1964        51.13
1978    15    1963       502.23
1978    16    1962      3392.51
1978    17    1961     14637.43
1978    18    1960     45632.81
1978    19    1959    103388.85
1978    20    1958    175347.39
1978    21    1957    211561.76
1978    22    1956    208748.58
1978    23    1955    199456.39
1978    24    1954    185233.29
1978    25    1953    155177.80
1978    26    1952    143278.28
1978    27    1951    130331.51
1978    28    1950    112830.31
1978    29    1949    107845.63
1978    30    1948     77866.60
1978    31    1947     66916.37
1978    32    1946     53499.12
1978    33    1945     26172.69
1978    34    1944     18171.08
1978    35    1943     13409.64
1978    36    1942     17427.14
1978    37    1941     25207.11
1978    38    1940     20484.63
1978    39    1939     19704.95
1978    40    1938     14961.45
1978    41    1937     11057.16
1978    42    1936      7238.13
1978    43    1935      4316.77
1978    44    1934      2216.13
1978    45    1933      1246.08
1978    46    1932       821.14
1978    47    1931       407.78
1978    48    1930       250.62
1978    49    1929       129.98
1978    50    1928        56.82
1978    51    1927        18.87
1978    52    1926        12.72
1978    53    1925         7.24
1978    54    1924         0.89
1978    55+   1923-       10.53
1979    12-   1967+        0.07
1979    13    1966         2.99
1979    14    1965        61.78
1979    15    1964       596.27
1979    16    1963      3468.81
1979    17    1962     14459.63
1979    18    1961     45878.66
1979    19    1960    109316.53
1979    20    1959    174680.90
1979    21    1958    215801.96
1979    22    1957    215784.79
1979    23    1956    193754.85
1979    24    1955    178266.94
1979    25    1954    166298.57
1979    26    1953    137879.30
1979    27    1952    125811.00
1979    28    1951    112349.45
1979    29    1950     96007.83
1979    30    1949     92422.78
1979    31    1948     64220.67
1979    32    1947     53973.38
1979    33    1946     43345.99
1979    34    1945     20537.65
1979    35    1944     14243.59
1979    36    1943     10648.41
1979    37    1942     13388.19
1979    38    1941     19044.51
1979    39    1940     15242.84
1979    40    1939     14121.15
1979    41    1938     10182.39
1979    42    1937      7163.04
1979    43    1936      4394.56
1979    44    1935      2468.09
1979    45    1934      1214.01
1979    46    1933       643.76
1979    47    1932       395.64
1979    48    1931       191.20
1979    49    1930       138.34
1979    50    1929        70.62
1979    51    1928        24.41
1979    52    1927        17.71
1979    53    1926         9.28
1979    54    1925         8.62
1979    55+   1924-       10.84
1980    12-   1968+        0.06
1980    13    1967         2.23
1980    14    1966        49.85
1980    15    1965       534.46
1980    16    1964      3423.99
1980    17    1963     14392.05
1980    18    1962     44540.15
1980    19    1961    107011.44
1980    20    1960    182307.48
1980    21    1959    213813.11
1980    22    1958    222064.84
1980    23    1957    202333.79
1980    24    1956    175156.92
1980    25    1955    161254.31
1980    26    1954    149246.95
1980    27    1953    123897.61
1980    28    1952    112674.09
1980    29    1951     98930.96
1980    30    1950     83591.11
1980    31    1949     77717.24
1980    32    1948     53462.21
1980    33    1947     44771.60
1980    34    1946     35269.75
1980    35    1945     16777.36
1980    36    1944     11453.61
1980    37    1943      8371.51
1980    38    1942     10217.01
1980    39    1941     13638.15
1980    40    1940     10588.61
1980    41    1939      9430.30
1980    42    1938      6497.06
1980    43    1937      4452.35
1980    44    1936      2469.13
1980    45    1935      1268.78
1980    46    1934       564.21
1980    47    1933       267.69
1980    48    1932       160.10
1980    49    1931        82.79
1980    50    1930        49.38
1980    51    1929        20.24
1980    52    1928         9.32
1980    53    1927         5.94
1980    54    1926         3.33
1980    55+   1925-        5.90
1981    12-   1969+        0.07
1981    13    1968         3.09
1981    14    1967        63.14
1981    15    1966       580.47
1981    16    1965      3420.44
1981    17    1964     14098.12
1981    18    1963     42565.13
1981    19    1962     99921.18
1981    20    1961    170609.56
1981    21    1960    215403.58
1981    22    1959    213649.09
1981    23    1958    205402.21
1981    24    1957    184071.48
1981    25    1956    160537.19
1981    26    1955    148390.32
1981    27    1954    138342.38
1981    28    1953    114571.89
1981    29    1952    103748.27
1981    30    1951     91063.53
1981    31    1950     75101.82
1981    32    1949     68267.73
1981    33    1948     46723.16
1981    34    1947     38341.75
1981    35    1946     29741.01
1981    36    1945     14178.35
1981    37    1944      9476.07
1981    38    1943      6668.36
1981    39    1942      7913.42
1981    40    1941     10428.44
1981    41    1940      7833.84
1981    42    1939      6440.27
1981    43    1938      4072.47
1981    44    1937      2468.81
1981    45    1936      1333.69
1981    46    1935       640.77
1981    47    1934       250.46
1981    48    1933       111.05
1981    49    1932        85.56
1981    50    1931        48.86
1981    51    1930        18.18
1981    52    1929        11.41
1981    53    1928         7.04
1981    54    1927         3.50
1981    55+   1926-        0.85
1982    12-   1970+        0.09
1982    13    1969         3.92
1982    14    1968        79.93
1982    15    1967       613.02
1982    16    1966      3528.49
1982    17    1965     14020.98
1982    18    1964     40367.47
1982    19    1963     95128.43
1982    20    1962    163462.14
1982    21    1961    209949.91
1982    22    1960    225822.51
1982    23    1959    208930.47
1982    24    1958    195081.19
1982    25    1957    175188.61
1982    26    1956    153019.18
1982    27    1955    141117.77
1982    28    1954    131106.00
1982    29    1953    106631.62
1982    30    1952     95736.00
1982    31    1951     82456.23
1982    32    1950     67341.98
1982    33    1949     61731.15
1982    34    1948     41538.98
1982    35    1947     34389.02
1982    36    1946     26694.89
1982    37    1945     12167.73
1982    38    1944      7752.71
1982    39    1943      5308.96
1982    40    1942      6301.00
1982    41    1941      7834.29
1982    42    1940      5449.37
1982    43    1939      4227.50
1982    44    1938      2455.59
1982    45    1937      1359.79
1982    46    1936       617.92
1982    47    1935       293.62
1982    48    1934       129.98
1982    49    1933        73.04
1982    50    1932        45.30
1982    51    1931        25.81
1982    52    1930        30.05
1982    53    1929        14.17
1982    54    1928         5.90
1982    55+   1927-       11.32
1983    12-   1971+        0.09
1983    13    1970         3.75
1983    14    1969        72.24
1983    15    1968       616.64
1983    16    1967      3541.89
1983    17    1966     14786.19
1983    18    1965     40978.32
1983    19    1964     91789.05
1983    20    1963    158381.49
1983    21    1962    202766.22
1983    22    1961    222655.77
1983    23    1960    224766.75
1983    24    1959    204585.76
1983    25    1958    191958.62
1983    26    1957    173219.30
1983    27    1956    151985.31
1983    28    1955    140450.31
1983    29    1954    129164.39
1983    30    1953    104706.86
1983    31    1952     92475.56
1983    32    1951     78404.52
1983    33    1950     63559.35
1983    34    1949     57222.39
1983    35    1948     38014.52
1983    36    1947     30412.43
1983    37    1946     22767.42
1983    38    1945     10085.65
1983    39    1944      6255.52
1983    40    1943      4175.07
1983    41    1942      4587.13
1983    42    1941      5333.61
1983    43    1940      3555.49
1983    44    1939      2479.91
1983    45    1938      1292.13
1983    46    1937       658.13
1983    47    1936       313.00
1983    48    1935       129.60
1983    49    1934        59.71
1983    50    1933        36.28
1983    51    1932        17.78
1983    52    1931        14.86
1983    53    1930        16.00
1983    54    1929        13.73
1983    55+   1928-       13.24
1984    12-   1972+        0.08
1984    13    1971         3.34
1984    14    1970        70.15
1984    15    1969       626.78
1984    16    1968      3773.35
1984    17    1967     15006.80
1984    18    1966     42702.36
1984    19    1965     90741.14
1984    20    1964    149353.79
1984    21    1963    193283.21
1984    22    1962    211336.80
1984    23    1961    213792.06
1984    24    1960    205979.95
1984    25    1959    184504.00
1984    26    1958    169768.36
1984    27    1957    151685.21
1984    28    1956    130554.59
1984    29    1955    118588.18
1984    30    1954    108546.64
1984    31    1953     86102.50
1984    32    1952     75703.26
1984    33    1951     64147.67
1984    34    1950     51719.75
1984    35    1949     46228.47
1984    36    1948     30049.86
1984    37    1947     23384.01
1984    38    1946     16838.88
1984    39    1945      7256.99
1984    40    1944      4447.83
1984    41    1943      2852.44
1984    42    1942      3024.02
1984    43    1941      3257.34
1984    44    1940      1942.58
1984    45    1939      1210.65
1984    46    1938       574.25
1984    47    1937       280.56
1984    48    1936       118.77
1984    49    1935        62.10
1984    50    1934        36.52
1984    51    1933        18.61
1984    52    1932        12.45
1984    53    1931        10.06
1984    54    1930         9.18
1984    55+   1929-        8.48
1985    12-   1973+        0.07
1985    13    1972         2.94
1985    14    1971        61.14
1985    15    1970       626.79
1985    16    1969      3857.11
1985    17    1968     15671.12
1985    18    1967     42238.75
1985    19    1966     91395.75
1985    20    1965    142555.18
1985    21    1964    177510.00
1985    22    1963    198541.11
1985    23    1962    201157.45
1985    24    1961    197016.01
1985    25    1960    188564.26
1985    26    1959    167853.72
1985    27    1958    153339.63
1985    28    1957    136094.17
1985    29    1956    116534.14
1985    30    1955    104904.47
1985    31    1954     93768.60
1985    32    1953     73487.40
1985    33    1952     64443.25
1985    34    1951     53867.28
1985    35    1950     42944.38
1985    36    1949     37591.55
1985    37    1948     23836.47
1985    38    1947     18040.75
1985    39    1946     12858.37
1985    40    1945      5462.01
1985    41    1944      3103.08
1985    42    1943      1829.88
1985    43    1942      1823.16
1985    44    1941      1873.52
1985    45    1940      1081.52
1985    46    1939       653.86
1985    47    1938       285.69
1985    48    1937       138.10
1985    49    1936        60.07
1985    50    1935        22.91
1985    51    1934        12.37
1985    52    1933        12.09
1985    53    1932        11.77
1985    54    1931         7.33
1985    55+   1930-        7.80
1986    12-   1974+        0.08
1986    13    1973         2.94
1986    14    1972        65.37
1986    15    1971       670.76
1986    16    1970      4233.32
1986    17    1969     16108.24
1986    18    1968     43499.45
1986    19    1967     89408.08
1986    20    1966    143887.88
1986    21    1965    172634.45
1986    22    1964    187493.25
1986    23    1963    196320.42
1986    24    1962    193811.20
1986    25    1961    190045.94
1986    26    1960    182046.76
1986    27    1959    163035.90
1986    28    1958    149083.91
1986    29    1957    131545.49
1986    30    1956    112583.35
1986    31    1955    100396.74
1986    32    1954     90021.05
1986    33    1953     70815.31
1986    34    1952     62095.09
1986    35    1951     51633.47
1986    36    1950     40596.43
1986    37    1949     34969.50
1986    38    1948     21246.05
1986    39    1947     15606.81
1986    40    1946     10734.77
1986    41    1945      4234.80
1986    42    1944      2320.13
1986    43    1943      1347.00
1986    44    1942      1216.40
1986    45    1941      1102.46
1986    46    1940       566.21
1986    47    1939       277.65
1986    48    1938       117.00
1986    49    1937        68.82
1986    50    1936        32.65
1986    51    1935        15.34
1986    52    1934         7.85
1986    53    1933         4.02
1986    54    1932         4.90
1986    55+   1931-        7.77
1987    12-   1975+        0.09
1987    13    1974         3.54
1987    14    1973        73.60
1987    15    1972       763.71
1987    16    1971      4632.32
1987    17    1970     18265.95
1987    18    1969     46801.75
1987    19    1968     94876.05
1987    20    1967    142721.82
1987    21    1966    174343.29
1987    22    1965    180999.42
1987    23    1964    182642.96
1987    24    1963    184712.91
1987    25    1962    181407.84
1987    26    1961    176658.32
1987    27    1960    168353.36
1987    28    1959    149552.39
1987    29    1958    135724.88
1987    30    1957    119635.44
1987    31    1956    101117.84
1987    32    1955     89521.24
1987    33    1954     80147.77
1987    34    1953     62705.98
1987    35    1952     54368.44
1987    36    1951     44457.78
1987    37    1950     34038.19
1987    38    1949     27957.08
1987    39    1948     16623.48
1987    40    1947     11998.75
1987    41    1946      7781.90
1987    42    1945      2984.54
1987    43    1944      1542.23
1987    44    1943       824.84
1987    45    1942       669.91
1987    46    1941       540.95
1987    47    1940       248.55
1987    48    1939       123.45
1987    49    1938        69.74
1987    50    1937        41.95
1987    51    1936        18.97
1987    52    1935         7.11
1987    53    1934         4.09
1987    54    1933         1.62
1987    55+   1932-        8.00
1988    12-   1976+        0.06
1988    13    1975         1.81
1988    14    1974        37.41
1988    15    1973       505.29
1988    16    1972      4383.92
1988    17    1971     18447.97
1988    18    1970     50102.35
1988    19    1969     97920.72
1988    20    1968    144565.29
1988    21    1967    167000.27
1988    22    1966    176898.98
1988    23    1965    168986.81
1988    24    1964    163392.24
1988    25    1963    162721.61
1988    26    1962    157716.37
1988    27    1961    151530.59
1988    28    1960    142421.09
1988    29    1959    125560.64
1988    30    1958    111728.64
1988    31    1957     96409.90
1988    32    1956     80028.59
1988    33    1955     70349.41
1988    34    1954     62942.72
1988    35    1953     48772.07
1988    36    1952     41646.96
1988    37    1951     32596.89
1988    38    1950     24085.60
1988    39    1949     19632.10
1988    40    1948     11396.13
1988    41    1947      7656.23
1988    42    1946      4865.98
1988    43    1945      1826.93
1988    44    1944       902.08
1988    45    1943       445.57
1988    46    1942       293.71
1988    47    1941       210.31
1988    48    1940       116.14
1988    49    1939        80.65
1988    50    1938        54.47
1988    51    1937        45.60
1988    52    1936        34.20
1988    53    1935        22.79
1988    54    1934        22.58
1988    55+   1933-      134.32
1989    12-   1977+        0.06
1989    13    1976         2.32
1989    14    1975        49.71
1989    15    1974       683.33
1989    16    1973      5088.51
1989    17    1972     21398.34
1989    18    1971     55411.69
1989    19    1970    106815.51
1989    20    1969    145923.43
1989    21    1968    163598.14
1989    22    1967    161700.41
1989    23    1966    158183.00
1989    24    1965    145834.81
1989    25    1964    138956.41
1989    26    1963    136880.83
1989    27    1962    130796.40
1989    28    1961    123549.70
1989    29    1960    114155.30
1989    30    1959     99632.03
1989    31    1958     86881.10
1989    32    1957     73919.26
1989    33    1956     61320.76
1989    34    1955     53080.48
1989    35    1954     46522.68
1989    36    1953     34711.78
1989    37    1952     28899.66
1989    38    1951     22278.88
1989    39    1950     15752.33
1989    40    1949     12463.97
1989    41    1948      6948.81
1989    42    1947      4494.51
1989    43    1946      2773.18
1989    44    1945       945.18
1989    45    1944       398.55
1989    46    1943       176.35
1989    47    1942       108.39
1989    48    1941        80.26
1989    49    1940        54.22
1989    50    1939        30.00
1989    51    1938        13.22
1989    52    1937        12.84
1989    53    1936         8.38
1989    54    1935         4.94
1989    55+   1934-       19.32
1990    12-   1978+        0.07
1990    13    1977         2.87
1990    14    1976        69.02
1990    15    1975       939.86
1990    16    1974      6768.93
1990    17    1973     24390.45
1990    18    1972     61438.90
1990    19    1971    112187.15
1990    20    1970    152564.30
1990    21    1969    158690.42
1990    22    1968    153362.58
1990    23    1967    140065.78
1990    24    1966    132758.93
1990    25    1965    121431.28
1990    26    1964    114878.38
1990    27    1963    112144.12
1990    28    1962    106089.73
1990    29    1961     98722.85
1990    30    1960     90129.57
1990    31    1959     76967.28
1990    32    1958     66232.47
1990    33    1957     55686.01
1990    34    1956     45405.64
1990    35    1955     38901.79
1990    36    1954     33496.60
1990    37    1953     24458.87
1990    38    1952     19798.69
1990    39    1951     14676.03
1990    40    1950     10176.52
1990    41    1949      7699.69
1990    42    1948      4072.81
1990    43    1947      2481.66
1990    44    1946      1386.20
1990    45    1945       418.02
1990    46    1944       150.07
1990    47    1943        63.37
1990    48    1942        51.25
1990    49    1941        42.15
1990    50    1940        20.64
1990    51    1939        10.76
1990    52    1938         6.29
1990    53    1937         6.48
1990    54    1936         3.62
1990    55+   1935-        9.91
1991    12-   1979+        0.07
1991    13    1978         3.06
1991    14    1977        73.67
1991    15    1976      1051.94
1991    16    1975      7303.86
1991    17    1974     26038.96
1991    18    1973     60459.07
1991    19    1972    112648.54
1991    20    1971    148312.91
1991    21    1970    157344.39
1991    22    1969    142168.95
1991    23    1968    128600.75
1991    24    1967    114817.74
1991    25    1966    107962.50
1991    26    1965     97934.71
1991    27    1964     91744.19
1991    28    1963     88356.30
1991    29    1962     81989.26
1991    30    1961     75308.67
1991    31    1960     68022.90
1991    32    1959     56988.36
1991    33    1958     48577.54
1991    34    1957     40660.24
1991    35    1956     32829.59
1991    36    1955     27497.12
1991    37    1954     23050.68
1991    38    1953     16403.42
1991    39    1952     13057.86
1991    40    1951      9636.27
1991    41    1950      6537.31
1991    42    1949      4637.98
1991    43    1948      2304.17
1991    44    1947      1308.84
1991    45    1946       653.36
1991    46    1945       189.52
1991    47    1944        67.38
1991    48    1943        28.14
1991    49    1942        22.14
1991    50    1941        13.67
1991    51    1940         3.93
1991    52    1939         2.44
1991    53    1938         3.05
1991    54    1937         3.15
1991    55+   1936-        7.38
1992    12-   1980+        0.06
1992    13    1979         2.85
1992    14    1978        70.95
1992    15    1977       980.85
1992    16    1976      7066.70
1992    17    1975     25335.06
1992    18    1974     59719.07
1992    19    1973    103162.14
1992    20    1972    141114.85
1992    21    1971    146672.67
1992    22    1970    136583.06
1992    23    1969    115453.59
1992    24    1968    102287.73
1992    25    1967     91355.87
1992    26    1966     85015.25
1992    27    1965     76197.72
1992    28    1964     70264.65
1992    29    1963     66296.07
1992    30    1962     61542.72
1992    31    1961     55284.81
1992    32    1960     48726.15
1992    33    1959     40645.68
1992    34    1958     34334.52
1992    35    1957     28686.00
1992    36    1956     22874.46
1992    37    1955     18739.23
1992    38    1954     15475.15
1992    39    1953     10822.42
1992    40    1952      8383.65
1992    41    1951      5953.66
1992    42    1950      3833.84
1992    43    1949      2557.93
1992    44    1948      1217.00
1992    45    1947       580.72
1992    46    1946       252.89
1992    47    1945        73.84
1992    48    1944        27.94
1992    49    1943        14.22
1992    50    1942        10.03
1992    51    1941         7.65
1992    52    1940         5.26
1992    53    1939         4.63
1992    54    1938         4.03
1992    55+   1937-        6.43
1993    12-   1981+        0.06
1993    13    1980         3.07
1993    14    1979        76.73
1993    15    1978      1064.81
1993    16    1977      6859.84
1993    17    1976     24028.05
1993    18    1975     55779.11
1993    19    1974     97444.08
1993    20    1973    125286.21
1993    21    1972    135870.83
1993    22    1971    121965.14
1993    23    1970    106820.43
1993    24    1969     89654.31
1993    25    1968     79619.02
1993    26    1967     70503.81
1993    27    1966     64863.93
1993    28    1965     57759.07
1993    29    1964     52666.02
1993    30    1963     49034.51
1993    31    1962     44084.31
1993    32    1961     38630.22
1993    33    1960     33657.41
1993    34    1959     27534.46
1993    35    1958     23107.56
1993    36    1957     18912.81
1993    37    1956     14641.17
1993    38    1955     11577.39
1993    39    1954      9279.98
1993    40    1953      6314.73
1993    41    1952      4700.20
1993    42    1951      3170.57
1993    43    1950      1944.29
1993    44    1949      1223.26
1993    45    1948       511.57
1993    46    1947       226.62
1993    47    1946       102.58
1993    48    1945        34.44
1993    49    1944        11.85
1993    50    1943         4.29
1993    51    1942         3.49
1993    52    1941         3.30
1993    53    1940         2.49
1993    54    1939         1.48
1993    55+   1938-        3.48
1994    12-   1982+        0.07
1994    13    1981         3.47
1994    14    1980        91.71
1994    15    1979      1232.45
1994    16    1978      7877.54
1994    17    1977     25684.87
1994    18    1976     59737.52
1994    19    1975    101694.18
1994    20    1974    130657.51
1994    21    1973    133412.90
1994    22    1972    127442.10
1994    23    1971    109786.09
1994    24    1970     96546.01
1994    25    1969     81478.38
1994    26    1968     72798.90
1994    27    1967     64758.51
1994    28    1966     59600.82
1994    29    1965     52362.99
1994    30    1964     47191.68
1994    31    1963     43114.42
1994    32    1962     37825.44
1994    33    1961     32948.00
1994    34    1960     28729.55
1994    35    1959     22879.23
1994    36    1958     18709.68
1994    37    1957     14878.85
1994    38    1956     10911.44
1994    39    1955      8375.77
1994    40    1954      6564.76
1994    41    1953      4212.35
1994    42    1952      2892.96
1994    43    1951      1795.52
1994    44    1950      1021.87
1994    45    1949       576.58
1994    46    1948       215.59
1994    47    1947        86.10
1994    48    1946        36.59
1994    49    1945         9.63
1994    50    1944         3.62
1994    51    1943         2.16
1994    52    1942         2.42
1994    53    1941         2.96
1994    54    1940         0.79
1994    55+   1939-        5.00
1995    12-   1983+        0.07
1995    13    1982         3.42
1995    14    1981        84.48
1995    15    1980      1174.56
1995    16    1979      7289.65
1995    17    1978     24489.49
1995    18    1977     54426.93
1995    19    1976     94020.48
1995    20    1975    122567.77
1995    21    1974    129965.39
1995    22    1973    118940.47
1995    23    1972    109762.65
1995    24    1971     95180.75
1995    25    1970     85167.97
1995    26    1969     71822.15
1995    27    1968     63898.49
1995    28    1967     56488.53
1995    29    1966     51993.02
1995    30    1965     45637.39
1995    31    1964     40704.44
1995    32    1963     36696.21
1995    33    1962     31968.91
1995    34    1961     27529.07
1995    35    1960     23627.04
1995    36    1959     18687.21
1995    37    1958     14921.05
1995    38    1957     11374.19
1995    39    1956      8301.95
1995    40    1955      6195.42
1995    41    1954      4506.29
1995    42    1953      2723.26
1995    43    1952      1780.78
1995    44    1951       994.80
1995    45    1950       498.48
1995    46    1949       243.19
1995    47    1948        77.36
1995    48    1947        32.97
1995    49    1946        20.37
1995    50    1945         3.32
1995    51    1944         0.45
1995    52    1943         0.97
1995    53    1942         1.08
1995    54    1941         0.50
1995    55+   1940-        3.00
1996    12-   1984+        0.06
1996    13    1983         3.07
1996    14    1982        71.73
1996    15    1981       942.31
1996    16    1980      6205.33
1996    17    1979     20867.17
1996    18    1978     48272.67
1996    19    1977     82227.74
1996    20    1976    111863.63
1996    21    1975    121480.09
1996    22    1974    115943.24
1996    23    1973    102405.43
1996    24    1972     95952.78
1996    25    1971     83672.88
1996    26    1970     74704.61
1996    27    1969     62878.49
1996    28    1968     55898.35
1996    29    1967     49132.67
1996    30    1966     44876.03
1996    31    1965     39477.57
1996    32    1964     34373.78
1996    33    1963     30664.01
1996    34    1962     26808.69
1996    35    1961     22893.20
1996    36    1960     19589.02
1996    37    1959     15144.93
1996    38    1958     11810.69
1996    39    1957      8746.03
1996    40    1956      6203.36
1996    41    1955      4518.26
1996    42    1954      3161.50
1996    43    1953      1815.91
1996    44    1952      1089.51
1996    45    1951       546.18
1996    46    1950       232.09
1996    47    1949       100.37
1996    48    1948        37.10
1996    49    1947        13.62
1996    50    1946         5.07
1996    51    1945         0.83
1996    52    1944         0.54
1996    53    1943         0.46
1996    54    1942         1.09
1996    55+   1941-        5.91
1997    12-   1985+        0.08
1997    13    1984         4.64
1997    14    1983       128.61
1997    15    1982      1487.32
1997    16    1981      7014.14
1997    17    1980     20709.77
1997    18    1979     44675.96
1997    19    1978     76012.60
1997    20    1977    100189.62
1997    21    1976    112137.03
1997    22    1975    109514.34
1997    23    1974    100829.68
1997    24    1973     89521.62
1997    25    1972     84942.99
1997    26    1971     73708.28
1997    27    1970     66233.68
1997    28    1969     55643.27
1997    29    1968     49160.84
1997    30    1967     43857.35
1997    31    1966     39499.27
1997    32    1965     33505.41
1997    33    1964     29832.57
1997    34    1963     26432.14
1997    35    1962     22583.99
1997    36    1961     19008.41
1997    37    1960     15601.70
1997    38    1959     11574.78
1997    39    1958      8793.28
1997    40    1957      6473.34
1997    41    1956      4282.82
1997    42    1955      2867.85
1997    43    1954      1849.57
1997    44    1953       961.21
1997    45    1952       495.38
1997    46    1951       228.33
1997    47    1950       102.27
1997    48    1949        40.25
1997    49    1948        16.42
1997    50    1947         7.59
1997    51    1946         2.19
1997    52    1945         2.07
1997    53    1944         1.88
1997    54    1943         0.83
1997    55+   1942-        7.62
1998    12-   1986+        0.08
1998    13    1985         4.29
1998    14    1984       115.11
1998    15    1983      1443.12
1998    16    1982      6858.06
1998    17    1981     19332.62
1998    18    1980     43559.92
1998    19    1979     72407.32
1998    20    1978     99435.53
1998    21    1977    109900.93
1998    22    1976    110615.63
1998    23    1975    103718.59
1998    24    1974     95298.42
1998    25    1973     84354.54
1998    26    1972     79256.22
1998    27    1971     68576.45
1998    28    1970     61540.39
1998    29    1969     51591.25
1998    30    1968     45581.11
1998    31    1967     39905.18
1998    32    1966     35101.49
1998    33    1965     29420.99
1998    34    1964     25839.66
1998    35    1963     22901.94
1998    36    1962     19624.01
1998    37    1961     15991.72
1998    38    1960     12867.64
1998    39    1959      9439.17
1998    40    1958      6929.32
1998    41    1957      4745.04
1998    42    1956      2992.90
1998    43    1955      1860.80
1998    44    1954      1125.21
1998    45    1953       513.84
1998    46    1952       251.02
1998    47    1951       101.92
1998    48    1950        41.68
1998    49    1949        22.69
1998    50    1948         4.68
1998    51    1947         2.99
1998    52    1946         3.72
1998    53    1945         2.92
1998    54    1944         3.53
1998    55+   1943-        8.36
1999    12-   1987+        0.07
1999    13    1986         3.66
1999    14    1985        90.28
1999    15    1984      1113.64
1999    16    1983      5940.33
1999    17    1982     17163.76
1999    18    1981     37028.54
1999    19    1980     66220.18
1999    20    1979     88983.53
1999    21    1978    102338.52
1999    22    1977    103396.19
1999    23    1976    100173.95
1999    24    1975     92906.74
1999    25    1974     84653.56
1999    26    1973     73740.89
1999    27    1972     69119.31
1999    28    1971     59199.62
1999    29    1970     52421.28
1999    30    1969     43740.15
1999    31    1968     38191.73
1999    32    1967     32436.03
1999    33    1966     28161.22
1999    34    1965     23896.06
1999    35    1964     20948.35
1999    36    1963     18125.23
1999    37    1962     14997.37
1999    38    1961     11921.76
1999    39    1960      9374.62
1999    40    1959      6638.54
1999    41    1958      4701.78
1999    42    1957      3153.50
1999    43    1956      1841.62
1999    44    1955      1028.88
1999    45    1954       564.32
1999    46    1953       243.97
1999    47    1952       125.44
1999    48    1951        53.08
1999    49    1950        24.59
1999    50    1949        11.61
1999    51    1948         5.26
1999    52    1947         4.80
1999    53    1946         1.08
1999    54    1945         0.49
1999    55+   1944-        3.52
2000    12-   1988+        0.06
2000    13    1987         3.48
2000    14    1986        85.86
2000    15    1985       997.06
2000    16    1984      5260.20
2000    17    1983     16624.71
2000    18    1982     37016.11
2000    19    1981     62766.70
2000    20    1980     90192.08
2000    21    1979    102419.37
2000    22    1978    107224.78
2000    23    1977    103385.44
2000    24    1976     98532.30
2000    25    1975     90089.80
2000    26    1974     81031.87
2000    27    1973     70036.47
2000    28    1972     65663.11
2000    29    1971     56752.84
2000    30    1970     51056.09
2000    31    1969     41471.23
2000    32    1968     34738.94
2000    33    1967     29449.20
2000    34    1966     25554.73
2000    35    1965     21253.63
2000    36    1964     17877.61
2000    37    1963     15173.47
2000    38    1962     12511.02
2000    39    1961      9672.42
2000    40    1960      7401.56
2000    41    1959      5052.57
2000    42    1958      3327.69
2000    43    1957      2007.38
2000    44    1956      1087.88
2000    45    1955       567.21
2000    46    1954       276.21
2000    47    1953       108.30
2000    48    1952        65.34
2000    49    1951        38.91
2000    50    1950        11.45
2000    51    1949         5.38
2000    52    1948         3.57
2000    53    1947         2.50
2000    54    1946         3.09
2000    55+   1945-        0.39
2001    12-   1989+        0.06
2001    13    1988         3.62
2001    14    1987        97.06
2001    15    1986      1122.14
2001    16    1985      5359.15
2001    17    1984     16333.31
2001    18    1983     38125.38
2001    19    1982     65029.96
2001    20    1981     87876.56
2001    21    1980    105244.89
2001    22    1979    106102.28
2001    23    1978    105098.49
2001    24    1977     99678.75
2001    25    1976     94406.81
2001    26    1975     85522.90
2001    27    1974     76686.73
2001    28    1973     66460.58
2001    29    1972     61935.99
2001    30    1971     53309.41
2001    31    1970     47392.19
2001    32    1969     37954.12
2001    33    1968     31651.51
2001    34    1967     26382.17
2001    35    1966     22763.76
2001    36    1965     18766.92
2001    37    1964     15446.09
2001    38    1963     12457.07
2001    39    1962      9915.37
2001    40    1961      7466.30
2001    41    1960      5346.82
2001    42    1959      3342.23
2001    43    1958      2073.69
2001    44    1957      1156.38
2001    45    1956       578.42
2001    46    1955       266.57
2001    47    1954       112.52
2001    48    1953        55.48
2001    49    1952        37.79
2001    50    1951        17.09
2001    51    1950         7.55
2001    52    1949         5.13
2001    53    1948         3.25
2001    54    1947         3.03
2001    55+   1946-        8.47
2002    12-   1990+        0.06
2002    13    1989         3.70
2002    14    1988       102.43
2002    15    1987      1224.86
2002    16    1986      5837.78
2002    17    1985     16131.78
2002    18    1984     37034.07
2002    19    1983     67711.30
2002    20    1982     92970.66
2002    21    1981    104785.10
2002    22    1980    112922.01
2002    23    1979    109073.91
2002    24    1978    107657.31
2002    25    1977    100005.91
2002    26    1976     92238.88
2002    27    1975     83474.16
2002    28    1974     74987.62
2002    29    1973     64081.51
2002    30    1972     59830.41
2002    31    1971     50948.30
2002    32    1970     44248.05
2002    33    1969     35357.81
2002    34    1968     29610.24
2002    35    1967     24428.00
2002    36    1966     20647.71
2002    37    1965     16550.16
2002    38    1964     13086.38
2002    39    1963     10434.73
2002    40    1962      8014.44
2002    41    1961      5475.85
2002    42    1960      3626.00
2002    43    1959      2142.53
2002    44    1958      1198.11
2002    45    1957       593.04
2002    46    1956       271.62
2002    47    1955       125.48
2002    48    1954        61.36
2002    49    1953        31.84
2002    50    1952        14.10
2002    51    1951         7.40
2002    52    1950         6.91
2002    53    1949         5.49
2002    54    1948         2.51
2002    55+   1947-        5.48
2003    12-   1991+        0.06
2003    13    1990         3.85
2003    14    1989       104.83
2003    15    1988      1261.89
2003    16    1987      6369.64
2003    17    1986     17745.79
2003    18    1985     37324.61
2003    19    1984     67049.41
2003    20    1983     97155.48
2003    21    1982    111508.58
2003    22    1981    112901.96
2003    23    1980    117005.61
2003    24    1979    109956.78
2003    25    1978    106372.31
2003    26    1977     97917.77
2003    27    1976     89587.23
2003    28    1975     80392.30
2003    29    1974     71581.44
2003    30    1973     61637.11
2003    31    1972     57258.52
2003    32    1971     47643.46
2003    33    1970     41047.55
2003    34    1969     32246.69
2003    35    1968     26884.07
2003    36    1967     22045.24
2003    37    1966     17685.56
2003    38    1965     13504.13
2003    39    1964     10517.09
2003    40    1963      7997.25
2003    41    1962      5841.48
2003    42    1961      3923.62
2003    43    1960      2430.91
2003    44    1959      1217.38
2003    45    1958       638.28
2003    46    1957       289.12
2003    47    1956       116.94
2003    48    1955        60.89
2003    49    1954        40.76
2003    50    1953        14.25
2003    51    1952         3.25
2003    52    1951         6.29
2003    53    1950         6.73
2003    54    1949         3.14
2003    55+   1948-        1.78
2004    12-   1992+        0.40
2004    13    1991        12.09
2004    14    1990       149.69
2004    15    1989      1246.05
2004    16    1988      6052.61
2004    17    1987     18383.49
2004    18    1986     39162.06
2004    19    1985     65218.49
2004    20    1984     92359.27
2004    21    1983    112464.77
2004    22    1982    116247.58
2004    23    1981    112068.16
2004    24    1980    114767.11
2004    25    1979    105675.99
2004    26    1978    100115.28
2004    27    1977     90843.89
2004    28    1976     83039.39
2004    29    1975     74546.94
2004    30    1974     66016.49
2004    31    1973     56617.73
2004    32    1972     51194.53
2004    33    1971     41975.05
2004    34    1970     35805.40
2004    35    1969     28059.26
2004    36    1968     23402.43
2004    37    1967     18428.73
2004    38    1966     14454.10
2004    39    1965     10915.11
2004    40    1964      8062.10
2004    41    1963      5898.89
2004    42    1962      4037.54
2004    43    1961      2495.27
2004    44    1960      1470.98
2004    45    1959       700.05
2004    46    1958       314.01
2004    47    1957       137.17
2004    48    1956        57.97
2004    49    1955        39.58
2004    50    1954        22.75
2004    51    1953         8.43
2004    52    1952         4.85
2004    53    1951         2.36
2004    54    1950         2.40
2004    55+   1949-        0.58
2005    12-   1993+        1.14
2005    13    1992        21.40
2005    14    1991       149.13
2005    15    1990      1157.64
2005    16    1989      5392.47
2005    17    1988     16533.25
2005    18    1987     37447.75
2005    19    1986     63153.14
2005    20    1985     84778.97
2005    21    1984    101496.68
2005    22    1983    112727.16
2005    23    1982    110772.70
2005    24    1981    105265.24
2005    25    1980    106531.66
2005    26    1979     95525.69
2005    27    1978     89789.73
2005    28    1977     81148.12
2005    29    1976     73730.82
2005    30    1975     66277.10
2005    31    1974     58057.96
2005    32    1973     49031.63
2005    33    1972     43405.79
2005    34    1971     35551.04
2005    35    1970     30211.40
2005    36    1969     23035.09
2005    37    1968     18311.95
2005    38    1967     13971.85
2005    39    1966     10921.15
2005    40    1965      7983.61
2005    41    1964      5630.51
2005    42    1963      3944.12
2005    43    1962      2503.11
2005    44    1961      1438.16
2005    45    1960       785.40
2005    46    1959       335.34
2005    47    1958       174.57
2005    48    1957        91.44
2005    49    1956        43.21
2005    50    1955        18.03
2005    51    1954        10.31
2005    52    1953         8.80
2005    53    1952         4.38
2005    54    1951         2.40
2005    55+   1950-        4.96
2006    12-   1994+        1.04
2006    13    1993        17.91
2006    14    1992       125.52
2006    15    1991       973.59
2006    16    1990      5176.40
2006    17    1989     15450.59
2006    18    1988     35095.84
2006    19    1987     63360.22
2006    20    1986     86784.09
2006    21    1985     99557.29
2006    22    1984    107465.89
2006    23    1983    115240.78
2006    24    1982    111089.38
2006    25    1981    102914.05
2006    26    1980    101531.62
2006    27    1979     89040.40
2006    28    1978     83536.19
2006    29    1977     74976.24
2006    30    1976     68539.29
2006    31    1975     60952.32
2006    32    1974     51939.43
2006    33    1973     43746.91
2006    34    1972     38144.91
2006    35    1971     30999.27
2006    36    1970     25938.42
2006    37    1969     18895.29
2006    38    1968     14626.04
2006    39    1967     10889.93
2006    40    1966      8094.93
2006    41    1965      5624.38
2006    42    1964      3723.66
2006    43    1963      2424.26
2006    44    1962      1362.46
2006    45    1961       708.71
2006    46    1960       352.38
2006    47    1959       153.95
2006    48    1958        79.77
2006    49    1957        45.48
2006    50    1956        23.28
2006    51    1955        11.25
2006    52    1954         6.47
2006    53    1953         3.78
2006    54    1952         2.44
2006    55+   1951-       10.99
2007    12-   1995+        1.04
2007    13    1994        15.43
2007    14    1993       125.41
2007    15    1992      1055.93
2007    16    1991      4682.27
2007    17    1990     14615.40
2007    18    1989     32590.72
2007    19    1988     59764.10
2007    20    1987     86969.56
2007    21    1986    101580.03
2007    22    1985    108038.80
2007    23    1984    112986.39
2007    24    1983    121232.49
2007    25    1982    116391.87
2007    26    1981    106658.55
2007    27    1980    104466.69
2007    28    1979     91880.15
2007    29    1978     87253.25
2007    30    1977     78279.49
2007    31    1976     70708.13
2007    32    1975     62555.10
2007    33    1974     52676.46
2007    34    1973     43913.07
2007    35    1972     38260.60
2007    36    1971     30747.52
2007    37    1970     25080.07
2007    38    1969     17751.61
2007    39    1968     13408.29
2007    40    1967      9574.76
2007    41    1966      6659.92
2007    42    1965      4332.77
2007    43    1964      2659.57
2007    44    1963      1609.25
2007    45    1962       816.90
2007    46    1961       399.75
2007    47    1960       192.64
2007    48    1959        85.93
2007    49    1958        43.18
2007    50    1957        20.25
2007    51    1956        13.20
2007    52    1955         8.82
2007    53    1954         3.77
2007    54    1953         1.31
2007    55+   1952-       11.52
2008    12-   1996+        2.06
2008    13    1995        22.70
2008    14    1994       143.23
2008    15    1993       977.10
2008    16    1992      4569.13
2008    17    1991     13920.50
2008    18    1990     32521.59
2008    19    1989     56332.10
2008    20    1988     83242.30
2008    21    1987    103933.05
2008    22    1986    112069.26
2008    23    1985    116358.37
2008    24    1984    120768.95
2008    25    1983    127477.57
2008    26    1982    118757.48
2008    27    1981    106637.08
2008    28    1980    104702.09
2008    29    1979     91881.37
2008    30    1978     86909.17
2008    31    1977     77813.66
2008    32    1976     68885.70
2008    33    1975     60175.75
2008    34    1974     50938.01
2008    35    1973     42728.68
2008    36    1972     36450.22
2008    37    1971     28134.70
2008    38    1970     22100.42
2008    39    1969     15378.18
2008    40    1968     11149.47
2008    41    1967      7579.71
2008    42    1966      4947.67
2008    43    1965      2981.16
2008    44    1964      1639.12
2008    45    1963       924.70
2008    46    1962       439.18
2008    47    1961       195.39
2008    48    1960       112.74
2008    49    1959        61.94
2008    50    1958        28.38
2008    51    1957        15.77
2008    52    1956        13.74
2008    53    1955        10.34
2008    54    1954         7.68
2008    55+   1953-        9.60
2009    12-   1997+        0.97
2009    13    1996        19.86
2009    14    1995       148.01
2009    15    1994       921.11
2009    16    1993      3905.44
2009    17    1992     12634.73
2009    18    1991     27988.64
2009    19    1990     52571.33
2009    20    1989     74873.16
2009    21    1988     95182.73
2009    22    1987    111544.02
2009    23    1986    119670.10
2009    24    1985    124075.06
2009    25    1984    125849.51
2009    26    1983    129588.77
2009    27    1982    118043.46
2009    28    1981    104706.05
2009    29    1980    101830.46
2009    30    1979     89374.08
2009    31    1978     83428.98
2009    32    1977     73046.92
2009    33    1976     64824.23
2009    34    1975     56373.62
2009    35    1974     46727.85
2009    36    1973     38400.13
2009    37    1972     31426.16
2009    38    1971     23375.31
2009    39    1970     18116.26
2009    40    1969     12193.69
2009    41    1968      8419.02
2009    42    1967      5292.73
2009    43    1966      3239.90
2009    44    1965      1886.13
2009    45    1964       989.23
2009    46    1963       489.66
2009    47    1962       228.19
2009    48    1961       120.10
2009    49    1960        73.06
2009    50    1959        32.11
2009    51    1958        21.87
2009    52    1957        20.85
2009    53    1956        13.23
2009    54    1955        10.96
2009    55+   1954-        9.29
2010    12-   1998+        1.74
2010    13    1997        20.50
2010    14    1996       114.58
2010    15    1995       831.75
2010    16    1994      3554.66
2010    17    1993      9992.28
2010    18    1992     24441.72
2010    19    1991     44368.67
2010    20    1990     68714.92
2010    21    1989     84554.38
2010    22    1988    101385.40
2010    23    1987    116521.03
2010    24    1986    124385.36
2010    25    1985    128230.66
2010    26    1984    127249.59
2010    27    1983    128577.38
2010    28    1982    116146.91
2010    29    1981    102796.83
2010    30    1980    100198.26
2010    31    1979     86830.35
2010    32    1978     79521.39
2010    33    1977     68465.84
2010    34    1976     59905.82
2010    35    1975     52216.86
2010    36    1974     42995.46
2010    37    1973     33609.53
2010    38    1972     26363.23
2010    39    1971     19361.91
2010    40    1970     14458.00
2010    41    1969      9221.89
2010    42    1968      6021.90
2010    43    1967      3595.89
2010    44    1966      2067.52
2010    45    1965      1069.84
2010    46    1964       513.12
2010    47    1963       289.15
2010    48    1962       145.56
2010    49    1961        83.87
2010    50    1960        49.59
2010    51    1959        18.95
2010    52    1958        18.18
2010    53    1957        14.65
2010    54    1956         7.61
2010    55+   1955-       15.28
2011    12-   1999+        1.00
2011    13    1998        23.02
2011    14    1997       136.13
2011    15    1996       848.80
2011    16    1995      3597.37
2011    17    1994     10352.70
2011    18    1993     21902.53
2011    19    1992     42085.45
2011    20    1991     62404.49
2011    21    1990     80498.45
2011    22    1989     95974.95
2011    23    1988    111089.12
2011    24    1987    126851.90
2011    25    1986    132396.10
2011    26    1985    127953.93
2011    27    1984    125505.64
2011    28    1983    123657.91
2011    29    1982    108684.87
2011    30    1981     98716.53
2011    31    1980     89704.08
2011    32    1979     80232.20
2011    33    1978     70459.04
2011    34    1977     61620.76
2011    35    1976     53201.86
2011    36    1975     45023.21
2011    37    1974     36326.05
2011    38    1973     27324.61
2011    39    1972     20823.52
2011    40    1971     14893.96
2011    41    1970     10108.48
2011    42    1969      6201.81
2011    43    1968      3766.53
2011    44    1967      2030.90
2011    45    1966      1052.99
2011    46    1965       525.49
2011    47    1964       250.23
2011    48    1963       139.13
2011    49    1962        84.08
2011    50    1961        65.06
2011    51    1960        40.04
2011    52    1959        25.02
2011    53    1958        19.02
2011    54    1957        15.01
2011    55+   1956-       15.01
2012    12-   2000+        1.00
2012    13    1999        16.01
2012    14    1998       134.11
2012    15    1997       838.69
2012    16    1996      3408.82
2012    17    1995     10171.40
2012    18    1994     21771.98
2012    19    1993     38557.84
2012    20    1992     58565.37
2012    21    1991     77371.91
2012    22    1990     92796.64
2012    23    1989    108647.73
2012    24    1988    127267.12
2012    25    1987    141726.06
2012    26    1986    142326.55
2012    27    1985    132823.71
2012    28    1984    129127.65
2012    29    1983    124543.86
2012    30    1982    110070.91
2012    31    1981     98675.50
2012    32    1980     87608.36
2012    33    1979     77227.79
2012    34    1978     68642.69
2012    35    1977     59017.75
2012    36    1976     50722.90
2012    37    1975     40601.53
2012    38    1974     31964.40
2012    39    1973     23190.15
2012    40    1972     17134.16
2012    41    1971     11227.27
2012    42    1970      7226.97
2012    43    1969      4173.44
2012    44    1968      2186.80
2012    45    1967      1130.94
2012    46    1966       554.46
2012    47    1965       248.20
2012    48    1964       158.13
2012    49    1963        87.07
2012    50    1962        40.03
2012    51    1961        40.03
2012    52    1960        19.02
2012    53    1959        10.00
2012    54    1958        10.00
2012    55+   1957-       19.01
2013    12-   2001+        1.00
2013    13    2000        14.01
2013    14    1999       142.11
2013    15    1998       823.63
2013    16    1997      3335.52
2013    17    1996      9273.00
2013    18    1995     20293.33
2013    19    1994     37167.07
2013    20    1993     50561.19
2013    21    1992     68421.68
2013    22    1991     83901.37
2013    23    1990    101287.51
2013    24    1989    117974.11
2013    25    1988    133031.49
2013    26    1987    144027.79
2013    27    1986    141098.58
2013    28    1985    129336.70
2013    29    1984    123947.63
2013    30    1983    119159.00
2013    31    1982    104272.76
2013    32    1981     90859.63
2013    33    1980     79878.33
2013    34    1979     70539.29
2013    35    1978     62176.97
2013    36    1977     53472.39
2013    37    1976     43545.89
2013    38    1975     33772.51
2013    39    1974     25601.33
2013    40    1973     18356.86
2013    41    1972     12323.31
2013    42    1971      7908.97
2013    43    1970      4563.45
2013    44    1969      2350.77
2013    45    1968      1154.87
2013    46    1967       565.42
2013    47    1966       271.21
2013    48    1965       143.11
2013    49    1964        89.07
2013    50    1963        67.05
2013    51    1962        34.02
2013    52    1961        31.03
2013    53    1960        11.01
2013    54    1959        13.01
2013    55+   1958-       23.02
2014    12-   2002+        0.00
2014    13    2001        14.01
2014    14    2000       123.08
2014    15    1999       722.45
2014    16    1998      3217.00
2014    17    1997      8844.50
2014    18    1996     18969.78
2014    19    1995     34501.42
2014    20    1994     49195.54
2014    21    1993     59257.79
2014    22    1992     74848.47
2014    23    1991     91292.68
2014    24    1990    110142.39
2014    25    1989    126654.63
2014    26    1988    140333.13
2014    27    1987    145900.59
2014    28    1986    140070.96
2014    29    1985    127459.13
2014    30    1984    120733.96
2014    31    1983    115946.98
2014    32    1982     98410.10
2014    33    1981     85454.05
2014    34    1980     74783.43
2014    35    1979     66206.11
2014    36    1978     56633.16
2014    37    1977     46167.67
2014    38    1976     36552.70
2014    39    1975     27885.31
2014    40    1974     20175.52
2014    41    1973     13350.29
2014    42    1972      8847.50
2014    43    1971      5181.21
2014    44    1970      2778.73
2014    45    1969      1338.83
2014    46    1968       674.42
2014    47    1967       325.20
2014    48    1966       164.10
2014    49    1965       116.07
2014    50    1964        61.04
2014    51    1963        49.03
2014    52    1962        19.01
2014    53    1961        19.01
2014    54    1960        22.01
2014    55+   1959-       29.02
2015    12-   2003+        3.00
2015    13    2002         3.00
2015    14    2001       125.08
2015    15    2000       607.35
2015    16    1999      2581.51
2015    17    1998      7798.56
2015    18    1997     16730.79
2015    19    1996     30461.82
2015    20    1995     44232.88
2015    21    1994     57216.48
2015    22    1993     64595.79
2015    23    1992     81448.65
2015    24    1991    100754.94
2015    25    1990    119545.93
2015    26    1989    133027.83
2015    27    1988    142398.30
2015    28    1987    146551.73
2015    29    1986    138250.88
2015    30    1985    126098.77
2015    31    1984    118767.48
2015    32    1983    109416.01
2015    33    1982     91896.76
2015    34    1981     78763.07
2015    35    1980     68512.08
2015    36    1979     58507.23
2015    37    1978     48454.35
2015    38    1977     38246.38
2015    39    1976     29433.22
2015    40    1975     21233.42
2015    41    1974     14640.57
2015    42    1973      9197.38
2015    43    1972      5499.22
2015    44    1971      2909.70
2015    45    1970      1532.90
2015    46    1969       714.42
2015    47    1968       373.22
2015    48    1967       187.11
2015    49    1966       107.06
2015    50    1965        73.04
2015    51    1964        50.03
2015    52    1963        37.02
2015    53    1962        15.01
2015    54    1961        11.00
2015    55+   1960-       31.01
2016    12-   2004+        0.00
2016    13    2003        11.00
2016    14    2002       108.05
2016    15    2001       559.27
2016    16    2000      2031.99
2016    17    1999      6482.16
2016    18    1998     15261.42
2016    19    1997     27249.26
2016    20    1996     39204.07
2016    21    1995     51337.97
2016    22    1994     61607.96
2016    23    1993     69632.87
2016    24    1992     87768.69
2016    25    1991    105679.40
2016    26    1990    122701.69
2016    27    1989    131437.94
2016    28    1988    138145.20
2016    29    1987    140559.37
2016    30    1986    133579.98
2016    31    1985    118988.88
2016    32    1984    109901.46
2016    33    1983    100733.00
2016    34    1982     83278.51
2016    35    1981     71284.68
2016    36    1980     61138.74
2016    37    1979     50399.52
2016    38    1978     39942.43
2016    39    1977     30590.88
2016    40    1976     22790.09
2016    41    1975     15444.52
2016    42    1974      9976.85
2016    43    1973      5898.87
2016    44    1972      3209.56
2016    45    1971      1717.84
2016    46    1970       805.39
2016    47    1969       393.19
2016    48    1968       213.11
2016    49    1967       112.06
2016    50    1966        73.03
2016    51    1965        55.03
2016    52    1964        43.02
2016    53    1963        25.02
2016    54    1962        21.01
2016    55+   1961-       39.01
2017    12-   2005+        0.00
2017    13    2004        13.00
2017    14    2003       106.05
2017    15    2002       473.23
2017    16    2001      1789.87
2017    17    2000      4989.44
2017    18    1999     12294.00
2017    19    1998     24938.17
2017    20    1997     34699.93
2017    21    1996     44213.57
2017    22    1995     54777.72
2017    23    1994     65233.82
2017    24    1993     72037.14
2017    25    1992     88044.94
2017    26    1991    101871.70
2017    27    1990    111487.39
2017    28    1989    116115.64
2017    29    1988    120993.02
2017    30    1987    120283.68
2017    31    1986    112457.85
2017    32    1985     98232.92
2017    33    1984     90542.17
2017    34    1983     82926.45
2017    35    1982     69025.67
2017    36    1981     58450.52
2017    37    1980     48822.81
2017    38    1979     38883.97
2017    39    1978     30290.77
2017    40    1977     22490.97
2017    41    1976     15544.58
2017    42    1975     10005.88
2017    43    1974      5942.90
2017    44    1973      3135.53
2017    45    1972      1633.80
2017    46    1971       818.40
2017    47    1970       412.20
2017    48    1969       224.11
2017    49    1968       113.05
2017    50    1967        94.05
2017    51    1966        59.03
2017    52    1965        32.02
2017    53    1964        27.02
2017    54    1963        19.01
2017    55+   1962-       67.02
2018    12-   2006+        0.00
2018    13    2005        16.01
2018    14    2004       102.05
2018    15    2003       472.24
2018    16    2002      1693.86
2018    17    2001      4746.41
2018    18    2000     10867.51
2018    19    1999     20925.62
2018    20    1998     32854.66
2018    21    1997     41470.03
2018    22    1996     49272.98
2018    23    1995     59144.00
2018    24    1994     69588.29
2018    25    1993     75185.12
2018    26    1992     88357.80
2018    27    1991     98337.87
2018    28    1990    106069.79
2018    29    1989    109157.35
2018    30    1988    112545.07
2018    31    1987    111556.57
2018    32    1986    101676.56
2018    33    1985     88132.70
2018    34    1984     80358.75
2018    35    1983     72826.93
2018    36    1982     60774.82
2018    37    1981     49616.16
2018    38    1980     39338.95
2018    39    1979     31081.76
2018    40    1978     23377.86
2018    41    1977     15935.08
2018    42    1976     10520.33
2018    43    1975      6159.12
2018    44    1974      3543.80
2018    45    1973      1737.88
2018    46    1972       942.48
2018    47    1971       456.23
2018    48    1970       248.13
2018    49    1969       152.07
2018    50    1968       101.05
2018    51    1967        69.04
2018    52    1966        42.02
2018    53    1965        23.01
2018    54    1964        25.02
2018    55+   1963-       56.03
