Russian Federation, Cumulative cohort fertility rates (horizontal parallelograms
Last modified: 22/10/2020
Cohort  Age     CCFR
1944    12         .
1944    13         .
1944    14         .
1944    15     0.000
1944    16     0.001
1944    17     0.004
1944    18     0.019
1944    19     0.066
1944    20     0.155
1944    21     0.289
1944    22     0.433
1944    23     0.587
1944    24     0.736
1944    25     0.878
1944    26     1.009
1944    27     1.125
1944    28     1.234
1944    29     1.332
1944    30     1.416
1944    31     1.494
1944    32     1.558
1944    33     1.612
1944    34     1.657
1944    35     1.692
1944    36     1.721
1944    37     1.744
1944    38     1.763
1944    39     1.779
1944    40     1.791
1944    41     1.800
1944    42     1.806
1944    43     1.810
1944    44     1.813
1944    45     1.814
1944    46     1.815
1944    47     1.815
1944    48     1.815
1944    49     1.815
1944    50     1.815
1944    51     1.815
1944    52     1.815
1944    53     1.815
1944    54     1.815
1944    55     1.815
1945    12         .
1945    13         .
1945    14     0.000
1945    15     0.000
1945    16     0.001
1945    17     0.004
1945    18     0.019
1945    19     0.066
1945    20     0.154
1945    21     0.288
1945    22     0.432
1945    23     0.585
1945    24     0.735
1945    25     0.877
1945    26     1.004
1945    27     1.119
1945    28     1.224
1945    29     1.317
1945    30     1.400
1945    31     1.473
1945    32     1.534
1945    33     1.585
1945    34     1.626
1945    35     1.659
1945    36     1.686
1945    37     1.710
1945    38     1.730
1945    39     1.745
1945    40     1.757
1945    41     1.766
1945    42     1.772
1945    43     1.776
1945    44     1.779
1945    45     1.780
1945    46     1.781
1945    47     1.781
1945    48     1.781
1945    49     1.781
1945    50     1.781
1945    51     1.781
1945    52     1.781
1945    53     1.781
1945    54     1.781
1945    55     1.781
1946    12         .
1946    13     0.000
1946    14     0.000
1946    15     0.000
1946    16     0.001
1946    17     0.004
1946    18     0.019
1946    19     0.064
1946    20     0.152
1946    21     0.287
1946    22     0.432
1946    23     0.591
1946    24     0.749
1946    25     0.896
1946    26     1.028
1946    27     1.147
1946    28     1.256
1946    29     1.353
1946    30     1.439
1946    31     1.514
1946    32     1.576
1946    33     1.628
1946    34     1.669
1946    35     1.704
1946    36     1.735
1946    37     1.761
1946    38     1.782
1946    39     1.798
1946    40     1.811
1946    41     1.821
1946    42     1.828
1946    43     1.832
1946    44     1.834
1946    45     1.835
1946    46     1.836
1946    47     1.836
1946    48     1.836
1946    49     1.836
1946    50     1.836
1946    51     1.836
1946    52     1.836
1946    53     1.836
1946    54     1.836
1946    55     1.836
1947    12     0.000
1947    13     0.000
1947    14     0.000
1947    15     0.000
1947    16     0.001
1947    17     0.003
1947    18     0.016
1947    19     0.055
1947    20     0.135
1947    21     0.257
1947    22     0.396
1947    23     0.551
1947    24     0.704
1947    25     0.845
1947    26     0.972
1947    27     1.088
1947    28     1.194
1947    29     1.289
1947    30     1.372
1947    31     1.445
1947    32     1.504
1947    33     1.553
1947    34     1.595
1947    35     1.631
1947    36     1.664
1947    37     1.691
1947    38     1.712
1947    39     1.729
1947    40     1.743
1947    41     1.753
1947    42     1.759
1947    43     1.762
1947    44     1.764
1947    45     1.765
1947    46     1.766
1947    47     1.766
1947    48     1.766
1947    49     1.766
1947    50     1.766
1947    51     1.766
1947    52     1.766
1947    53     1.766
1947    54     1.766
1947    55     1.766
1948    12     0.000
1948    13     0.000
1948    14     0.000
1948    15     0.000
1948    16     0.001
1948    17     0.003
1948    18     0.016
1948    19     0.056
1948    20     0.136
1948    21     0.263
1948    22     0.413
1948    23     0.575
1948    24     0.729
1948    25     0.867
1948    26     0.994
1948    27     1.110
1948    28     1.215
1948    29     1.308
1948    30     1.389
1948    31     1.460
1948    32     1.517
1948    33     1.566
1948    34     1.610
1948    35     1.649
1948    36     1.682
1948    37     1.709
1948    38     1.731
1948    39     1.750
1948    40     1.764
1948    41     1.772
1948    42     1.778
1948    43     1.781
1948    44     1.782
1948    45     1.783
1948    46     1.784
1948    47     1.784
1948    48     1.784
1948    49     1.784
1948    50     1.784
1948    51     1.784
1948    52     1.784
1948    53     1.784
1948    54     1.784
1948    55     1.784
1949    12     0.000
1949    13     0.000
1949    14     0.000
1949    15     0.000
1949    16     0.001
1949    17     0.003
1949    18     0.016
1949    19     0.058
1949    20     0.141
1949    21     0.277
1949    22     0.442
1949    23     0.614
1949    24     0.773
1949    25     0.919
1949    26     1.053
1949    27     1.175
1949    28     1.284
1949    29     1.381
1949    30     1.465
1949    31     1.537
1949    32     1.598
1949    33     1.652
1949    34     1.702
1949    35     1.746
1949    36     1.781
1949    37     1.811
1949    38     1.837
1949    39     1.857
1949    40     1.870
1949    41     1.879
1949    42     1.884
1949    43     1.887
1949    44     1.888
1949    45     1.889
1949    46     1.889
1949    47     1.889
1949    48     1.889
1949    49     1.889
1949    50     1.889
1949    51     1.889
1949    52     1.889
1949    53     1.889
1949    54     1.890
1949    55     1.890
1950    12     0.000
1950    13     0.000
1950    14     0.000
1950    15     0.000
1950    16     0.001
1950    17     0.003
1950    18     0.016
1950    19     0.057
1950    20     0.143
1950    21     0.282
1950    22     0.446
1950    23     0.610
1950    24     0.765
1950    25     0.908
1950    26     1.037
1950    27     1.155
1950    28     1.260
1950    29     1.352
1950    30     1.431
1950    31     1.502
1950    32     1.564
1950    33     1.622
1950    34     1.672
1950    35     1.714
1950    36     1.751
1950    37     1.784
1950    38     1.809
1950    39     1.826
1950    40     1.837
1950    41     1.845
1950    42     1.849
1950    43     1.851
1950    44     1.853
1950    45     1.853
1950    46     1.854
1950    47     1.854
1950    48     1.854
1950    49     1.854
1950    50     1.854
1950    51     1.854
1950    52     1.854
1950    53     1.854
1950    54     1.854
1950    55     1.854
1951    12     0.000
1951    13     0.000
1951    14     0.000
1951    15     0.000
1951    16     0.001
1951    17     0.004
1951    18     0.016
1951    19     0.058
1951    20     0.150
1951    21     0.295
1951    22     0.460
1951    23     0.627
1951    24     0.785
1951    25     0.929
1951    26     1.059
1951    27     1.177
1951    28     1.281
1951    29     1.371
1951    30     1.452
1951    31     1.527
1951    32     1.595
1951    33     1.656
1951    34     1.706
1951    35     1.752
1951    36     1.792
1951    37     1.825
1951    38     1.848
1951    39     1.864
1951    40     1.874
1951    41     1.881
1951    42     1.885
1951    43     1.887
1951    44     1.888
1951    45     1.888
1951    46     1.889
1951    47     1.889
1951    48     1.889
1951    49     1.889
1951    50     1.889
1951    51     1.889
1951    52     1.889
1951    53     1.889
1951    54     1.889
1951    55     1.889
1952    12     0.000
1952    13     0.000
1952    14     0.000
1952    15     0.000
1952    16     0.001
1952    17     0.004
1952    18     0.016
1952    19     0.060
1952    20     0.153
1952    21     0.295
1952    22     0.460
1952    23     0.627
1952    24     0.784
1952    25     0.926
1952    26     1.053
1952    27     1.166
1952    28     1.267
1952    29     1.358
1952    30     1.442
1952    31     1.522
1952    32     1.592
1952    33     1.650
1952    34     1.703
1952    35     1.752
1952    36     1.792
1952    37     1.820
1952    38     1.841
1952    39     1.854
1952    40     1.863
1952    41     1.868
1952    42     1.871
1952    43     1.873
1952    44     1.874
1952    45     1.875
1952    46     1.875
1952    47     1.875
1952    48     1.876
1952    49     1.876
1952    50     1.876
1952    51     1.876
1952    52     1.876
1952    53     1.876
1952    54     1.876
1952    55     1.876
1953    12     0.000
1953    13     0.000
1953    14     0.000
1953    15     0.000
1953    16     0.001
1953    17     0.004
1953    18     0.018
1953    19     0.063
1953    20     0.158
1953    21     0.302
1953    22     0.468
1953    23     0.634
1953    24     0.787
1953    25     0.925
1953    26     1.048
1953    27     1.158
1953    28     1.259
1953    29     1.353
1953    30     1.442
1953    31     1.523
1953    32     1.590
1953    33     1.651
1953    34     1.707
1953    35     1.754
1953    36     1.790
1953    37     1.814
1953    38     1.832
1953    39     1.843
1953    40     1.850
1953    41     1.855
1953    42     1.858
1953    43     1.859
1953    44     1.861
1953    45     1.861
1953    46     1.862
1953    47     1.862
1953    48     1.862
1953    49     1.862
1953    50     1.862
1953    51     1.862
1953    52     1.862
1953    53     1.862
1953    54     1.862
1953    55     1.862
1954    12     0.000
1954    13     0.000
1954    14     0.000
1954    15     0.000
1954    16     0.001
1954    17     0.004
1954    18     0.019
1954    19     0.066
1954    20     0.166
1954    21     0.316
1954    22     0.486
1954    23     0.654
1954    24     0.806
1954    25     0.943
1954    26     1.066
1954    27     1.178
1954    28     1.283
1954    29     1.385
1954    30     1.478
1954    31     1.557
1954    32     1.628
1954    33     1.694
1954    34     1.750
1954    35     1.792
1954    36     1.823
1954    37     1.845
1954    38     1.860
1954    39     1.870
1954    40     1.876
1954    41     1.880
1954    42     1.883
1954    43     1.885
1954    44     1.886
1954    45     1.887
1954    46     1.887
1954    47     1.887
1954    48     1.887
1954    49     1.887
1954    50     1.887
1954    51     1.887
1954    52     1.887
1954    53     1.887
1954    54     1.887
1954    55     1.887
1955    12     0.000
1955    13     0.000
1955    14     0.000
1955    15     0.000
1955    16     0.001
1955    17     0.004
1955    18     0.019
1955    19     0.065
1955    20     0.167
1955    21     0.317
1955    22     0.484
1955    23     0.648
1955    24     0.796
1955    25     0.930
1955    26     1.052
1955    27     1.167
1955    28     1.278
1955    29     1.380
1955    30     1.468
1955    31     1.550
1955    32     1.625
1955    33     1.687
1955    34     1.736
1955    35     1.772
1955    36     1.799
1955    37     1.817
1955    38     1.829
1955    39     1.837
1955    40     1.842
1955    41     1.847
1955    42     1.849
1955    43     1.851
1955    44     1.852
1955    45     1.853
1955    46     1.853
1955    47     1.853
1955    48     1.854
1955    49     1.854
1955    50     1.854
1955    51     1.854
1955    52     1.854
1955    53     1.854
1955    54     1.854
1955    55     1.854
1956    12     0.000
1956    13     0.000
1956    14     0.000
1956    15     0.000
1956    16     0.001
1956    17     0.005
1956    18     0.020
1956    19     0.067
1956    20     0.171
1956    21     0.322
1956    22     0.488
1956    23     0.652
1956    24     0.799
1956    25     0.934
1956    26     1.060
1956    27     1.182
1956    28     1.296
1956    29     1.394
1956    30     1.485
1956    31     1.571
1956    32     1.643
1956    33     1.699
1956    34     1.742
1956    35     1.773
1956    36     1.795
1956    37     1.810
1956    38     1.820
1956    39     1.828
1956    40     1.834
1956    41     1.838
1956    42     1.841
1956    43     1.843
1956    44     1.844
1956    45     1.844
1956    46     1.845
1956    47     1.845
1956    48     1.845
1956    49     1.845
1956    50     1.845
1956    51     1.845
1956    52     1.845
1956    53     1.845
1956    54     1.845
1956    55     1.845
1957    12     0.000
1957    13     0.000
1957    14     0.000
1957    15     0.000
1957    16     0.001
1957    17     0.005
1957    18     0.021
1957    19     0.071
1957    20     0.178
1957    21     0.333
1957    22     0.503
1957    23     0.670
1957    24     0.821
1957    25     0.962
1957    26     1.098
1957    27     1.226
1957    28     1.338
1957    29     1.443
1957    30     1.541
1957    31     1.625
1957    32     1.691
1957    33     1.742
1957    34     1.779
1957    35     1.806
1957    36     1.825
1957    37     1.838
1957    38     1.848
1957    39     1.856
1957    40     1.862
1957    41     1.866
1957    42     1.869
1957    43     1.871
1957    44     1.873
1957    45     1.873
1957    46     1.874
1957    47     1.874
1957    48     1.874
1957    49     1.874
1957    50     1.874
1957    51     1.874
1957    52     1.874
1957    53     1.874
1957    54     1.874
1957    55     1.874
1958    12     0.000
1958    13     0.000
1958    14     0.000
1958    15     0.000
1958    16     0.001
1958    17     0.005
1958    18     0.022
1958    19     0.074
1958    20     0.182
1958    21     0.338
1958    22     0.510
1958    23     0.677
1958    24     0.831
1958    25     0.980
1958    26     1.120
1958    27     1.244
1958    28     1.360
1958    29     1.469
1958    30     1.564
1958    31     1.641
1958    32     1.699
1958    33     1.743
1958    34     1.775
1958    35     1.797
1958    36     1.813
1958    37     1.826
1958    38     1.836
1958    39     1.844
1958    40     1.850
1958    41     1.855
1958    42     1.858
1958    43     1.860
1958    44     1.861
1958    45     1.862
1958    46     1.862
1958    47     1.862
1958    48     1.862
1958    49     1.862
1958    50     1.862
1958    51     1.862
1958    52     1.862
1958    53     1.862
1958    54     1.863
1958    55     1.863
1959    12     0.000
1959    13     0.000
1959    14     0.000
1959    15     0.000
1959    16     0.001
1959    17     0.005
1959    18     0.024
1959    19     0.077
1959    20     0.189
1959    21     0.349
1959    22     0.522
1959    23     0.692
1959    24     0.855
1959    25     1.008
1959    26     1.146
1959    27     1.275
1959    28     1.396
1959    29     1.503
1959    30     1.590
1959    31     1.658
1959    32     1.710
1959    33     1.748
1959    34     1.774
1959    35     1.794
1959    36     1.810
1959    37     1.823
1959    38     1.833
1959    39     1.841
1959    40     1.847
1959    41     1.852
1959    42     1.855
1959    43     1.857
1959    44     1.858
1959    45     1.859
1959    46     1.860
1959    47     1.860
1959    48     1.860
1959    49     1.860
1959    50     1.860
1959    51     1.860
1959    52     1.860
1959    53     1.860
1959    54     1.860
1959    55     1.860
1960    12     0.000
1960    13     0.000
1960    14     0.000
1960    15     0.000
1960    16     0.001
1960    17     0.006
1960    18     0.026
1960    19     0.082
1960    20     0.197
1960    21     0.358
1960    22     0.533
1960    23     0.709
1960    24     0.876
1960    25     1.029
1960    26     1.171
1960    27     1.306
1960    28     1.425
1960    29     1.523
1960    30     1.601
1960    31     1.661
1960    32     1.706
1960    33     1.737
1960    34     1.761
1960    35     1.781
1960    36     1.797
1960    37     1.810
1960    38     1.821
1960    39     1.829
1960    40     1.836
1960    41     1.840
1960    42     1.844
1960    43     1.846
1960    44     1.847
1960    45     1.848
1960    46     1.848
1960    47     1.849
1960    48     1.849
1960    49     1.849
1960    50     1.849
1960    51     1.849
1960    52     1.849
1960    53     1.849
1960    54     1.849
1960    55     1.849
1961    12     0.000
1961    13     0.000
1961    14     0.000
1961    15     0.000
1961    16     0.001
1961    17     0.007
1961    18     0.027
1961    19     0.084
1961    20     0.197
1961    21     0.355
1961    22     0.531
1961    23     0.709
1961    24     0.872
1961    25     1.026
1961    26     1.172
1961    27     1.303
1961    28     1.412
1961    29     1.500
1961    30     1.569
1961    31     1.620
1961    32     1.658
1961    33     1.686
1961    34     1.710
1961    35     1.730
1961    36     1.746
1961    37     1.760
1961    38     1.771
1961    39     1.780
1961    40     1.786
1961    41     1.791
1961    42     1.795
1961    43     1.798
1961    44     1.799
1961    45     1.800
1961    46     1.800
1961    47     1.801
1961    48     1.801
1961    49     1.801
1961    50     1.801
1961    51     1.801
1961    52     1.801
1961    53     1.801
1961    54     1.801
1961    55     1.801
1962    12     0.000
1962    13     0.000
1962    14     0.000
1962    15     0.000
1962    16     0.001
1962    17     0.007
1962    18     0.028
1962    19     0.084
1962    20     0.196
1962    21     0.354
1962    22     0.530
1962    23     0.705
1962    24     0.870
1962    25     1.026
1962    26     1.168
1962    27     1.289
1962    28     1.388
1962    29     1.467
1962    30     1.526
1962    31     1.571
1962    32     1.605
1962    33     1.634
1962    34     1.658
1962    35     1.678
1962    36     1.696
1962    37     1.710
1962    38     1.721
1962    39     1.730
1962    40     1.737
1962    41     1.743
1962    42     1.747
1962    43     1.750
1962    44     1.751
1962    45     1.752
1962    46     1.753
1962    47     1.753
1962    48     1.753
1962    49     1.753
1962    50     1.753
1962    51     1.753
1962    52     1.753
1962    53     1.753
1962    54     1.753
1962    55     1.753
1963    12     0.000
1963    13     0.000
1963    14     0.000
1963    15     0.000
1963    16     0.001
1963    17     0.007
1963    18     0.029
1963    19     0.086
1963    20     0.200
1963    21     0.362
1963    22     0.538
1963    23     0.715
1963    24     0.884
1963    25     1.038
1963    26     1.171
1963    27     1.282
1963    28     1.371
1963    29     1.440
1963    30     1.491
1963    31     1.532
1963    32     1.568
1963    33     1.597
1963    34     1.623
1963    35     1.644
1963    36     1.662
1963    37     1.677
1963    38     1.689
1963    39     1.699
1963    40     1.707
1963    41     1.713
1963    42     1.717
1963    43     1.720
1963    44     1.722
1963    45     1.723
1963    46     1.724
1963    47     1.724
1963    48     1.724
1963    49     1.724
1963    50     1.724
1963    51     1.724
1963    52     1.724
1963    53     1.724
1963    54     1.724
1963    55     1.724
1964    12     0.000
1964    13     0.000
1964    14     0.000
1964    15     0.000
1964    16     0.001
1964    17     0.008
1964    18     0.031
1964    19     0.091
1964    20     0.209
1964    21     0.372
1964    22     0.551
1964    23     0.732
1964    24     0.899
1964    25     1.045
1964    26     1.168
1964    27     1.267
1964    28     1.346
1964    29     1.406
1964    30     1.454
1964    31     1.496
1964    32     1.533
1964    33     1.563
1964    34     1.590
1964    35     1.612
1964    36     1.630
1964    37     1.646
1964    38     1.660
1964    39     1.671
1964    40     1.680
1964    41     1.686
1964    42     1.690
1964    43     1.693
1964    44     1.695
1964    45     1.697
1964    46     1.697
1964    47     1.698
1964    48     1.698
1964    49     1.698
1964    50     1.698
1964    51     1.698
1964    52     1.698
1964    53     1.698
1964    54     1.698
1964    55         .
1965    12     0.000
1965    13     0.000
1965    14     0.000
1965    15     0.000
1965    16     0.001
1965    17     0.009
1965    18     0.033
1965    19     0.097
1965    20     0.220
1965    21     0.386
1965    22     0.569
1965    23     0.750
1965    24     0.911
1965    25     1.047
1965    26     1.160
1965    27     1.248
1965    28     1.317
1965    29     1.374
1965    30     1.424
1965    31     1.467
1965    32     1.504
1965    33     1.536
1965    34     1.562
1965    35     1.585
1965    36     1.605
1965    37     1.623
1965    38     1.638
1965    39     1.650
1965    40     1.659
1965    41     1.666
1965    42     1.671
1965    43     1.674
1965    44     1.677
1965    45     1.678
1965    46     1.679
1965    47     1.679
1965    48     1.679
1965    49     1.679
1965    50     1.679
1965    51     1.680
1965    52     1.680
1965    53     1.680
1965    54         .
1965    55         .
1966    12     0.000
1966    13     0.000
1966    14     0.000
1966    15     0.000
1966    16     0.002
1966    17     0.009
1966    18     0.036
1966    19     0.102
1966    20     0.228
1966    21     0.398
1966    22     0.583
1966    23     0.758
1966    24     0.910
1966    25     1.035
1966    26     1.136
1966    27     1.214
1966    28     1.279
1966    29     1.337
1966    30     1.388
1966    31     1.432
1966    32     1.470
1966    33     1.502
1966    34     1.530
1966    35     1.555
1966    36     1.577
1966    37     1.597
1966    38     1.613
1966    39     1.626
1966    40     1.636
1966    41     1.644
1966    42     1.650
1966    43     1.654
1966    44     1.657
1966    45     1.658
1966    46     1.659
1966    47     1.659
1966    48     1.659
1966    49     1.660
1966    50     1.660
1966    51     1.660
1966    52     1.660
1966    53         .
1966    54         .
1966    55         .
1967    12     0.000
1967    13     0.000
1967    14     0.000
1967    15     0.000
1967    16     0.002
1967    17     0.010
1967    18     0.038
1967    19     0.106
1967    20     0.235
1967    21     0.408
1967    22     0.591
1967    23     0.757
1967    24     0.897
1967    25     1.010
1967    26     1.099
1967    27     1.174
1967    28     1.240
1967    29     1.298
1967    30     1.348
1967    31     1.393
1967    32     1.432
1967    33     1.465
1967    34     1.495
1967    35     1.522
1967    36     1.547
1967    37     1.569
1967    38     1.586
1967    39     1.600
1967    40     1.611
1967    41     1.620
1967    42     1.627
1967    43     1.632
1967    44     1.635
1967    45     1.636
1967    46     1.637
1967    47     1.638
1967    48     1.638
1967    49     1.638
1967    50     1.638
1967    51     1.638
1967    52         .
1967    53         .
1967    54         .
1967    55         .
1968    12     0.000
1968    13     0.000
1968    14     0.000
1968    15     0.000
1968    16     0.002
1968    17     0.010
1968    18     0.039
1968    19     0.111
1968    20     0.246
1968    21     0.421
1968    22     0.599
1968    23     0.755
1968    24     0.883
1968    25     0.984
1968    26     1.069
1968    27     1.145
1968    28     1.211
1968    29     1.269
1968    30     1.320
1968    31     1.366
1968    32     1.406
1968    33     1.442
1968    34     1.475
1968    35     1.505
1968    36     1.532
1968    37     1.554
1968    38     1.572
1968    39     1.587
1968    40     1.600
1968    41     1.611
1968    42     1.619
1968    43     1.624
1968    44     1.627
1968    45     1.629
1968    46     1.629
1968    47     1.630
1968    48     1.630
1968    49     1.630
1968    50     1.631
1968    51         .
1968    52         .
1968    53         .
1968    54         .
1968    55         .
1969    12     0.000
1969    13     0.000
1969    14     0.000
1969    15     0.000
1969    16     0.002
1969    17     0.011
1969    18     0.041
1969    19     0.118
1969    20     0.256
1969    21     0.430
1969    22     0.599
1969    23     0.743
1969    24     0.858
1969    25     0.954
1969    26     1.040
1969    27     1.114
1969    28     1.179
1969    29     1.237
1969    30     1.289
1969    31     1.335
1969    32     1.378
1969    33     1.417
1969    34     1.453
1969    35     1.485
1969    36     1.512
1969    37     1.535
1969    38     1.554
1969    39     1.572
1969    40     1.586
1969    41     1.598
1969    42     1.606
1969    43     1.611
1969    44     1.615
1969    45     1.617
1969    46     1.618
1969    47     1.618
1969    48     1.618
1969    49     1.619
1969    50         .
1969    51         .
1969    52         .
1969    53         .
1969    54         .
1969    55         .
1970    12     0.000
1970    13     0.000
1970    14     0.000
1970    15     0.000
1970    16     0.002
1970    17     0.011
1970    18     0.042
1970    19     0.122
1970    20     0.263
1970    21     0.430
1970    22     0.588
1970    23     0.717
1970    24     0.825
1970    25     0.921
1970    26     1.004
1970    27     1.076
1970    28     1.142
1970    29     1.200
1970    30     1.252
1970    31     1.302
1970    32     1.347
1970    33     1.390
1970    34     1.428
1970    35     1.460
1970    36     1.487
1970    37     1.512
1970    38     1.535
1970    39     1.555
1970    40     1.570
1970    41     1.582
1970    42     1.590
1970    43     1.596
1970    44     1.599
1970    45     1.601
1970    46     1.603
1970    47     1.603
1970    48     1.603
1970    49         .
1970    50         .
1970    51         .
1970    52         .
1970    53         .
1970    54         .
1970    55         .
1971    12     0.000
1971    13     0.000
1971    14     0.000
1971    15     0.000
1971    16     0.002
1971    17     0.011
1971    18     0.044
1971    19     0.127
1971    20     0.266
1971    21     0.422
1971    22     0.564
1971    23     0.685
1971    24     0.791
1971    25     0.883
1971    26     0.964
1971    27     1.036
1971    28     1.101
1971    29     1.159
1971    30     1.215
1971    31     1.267
1971    32     1.317
1971    33     1.362
1971    34     1.401
1971    35     1.434
1971    36     1.465
1971    37     1.495
1971    38     1.520
1971    39     1.542
1971    40     1.559
1971    41     1.572
1971    42     1.581
1971    43     1.588
1971    44     1.592
1971    45     1.594
1971    46     1.595
1971    47     1.596
1971    48         .
1971    49         .
1971    50         .
1971    51         .
1971    52         .
1971    53         .
1971    54         .
1971    55         .
1972    12     0.000
1972    13     0.000
1972    14     0.000
1972    15     0.000
1972    16     0.002
1972    17     0.012
1972    18     0.048
1972    19     0.132
1972    20     0.261
1972    21     0.402
1972    22     0.535
1972    23     0.652
1972    24     0.752
1972    25     0.840
1972    26     0.920
1972    27     0.991
1972    28     1.056
1972    29     1.117
1972    30     1.175
1972    31     1.230
1972    32     1.282
1972    33     1.327
1972    34     1.366
1972    35     1.402
1972    36     1.439
1972    37     1.472
1972    38     1.499
1972    39     1.522
1972    40     1.540
1972    41     1.555
1972    42     1.564
1972    43     1.572
1972    44     1.576
1972    45     1.578
1972    46     1.579
1972    47         .
1972    48         .
1972    49         .
1972    50         .
1972    51         .
1972    52         .
1972    53         .
1972    54         .
1972    55         .
1973    12     0.000
1973    13     0.000
1973    14     0.000
1973    15     0.000
1973    16     0.002
1973    17     0.014
1973    18     0.052
1973    19     0.134
1973    20     0.254
1973    21     0.389
1973    22     0.518
1973    23     0.629
1973    24     0.725
1973    25     0.813
1973    26     0.892
1973    27     0.964
1973    28     1.032
1973    29     1.097
1973    30     1.159
1973    31     1.218
1973    32     1.269
1973    33     1.315
1973    34     1.358
1973    35     1.400
1973    36     1.439
1973    37     1.475
1973    38     1.504
1973    39     1.528
1973    40     1.549
1973    41     1.564
1973    42     1.575
1973    43     1.582
1973    44     1.586
1973    45     1.589
1973    46         .
1973    47         .
1973    48         .
1973    49         .
1973    50         .
1973    51         .
1973    52         .
1973    53         .
1973    54         .
1973    55         .
1974    12     0.000
1974    13     0.000
1974    14     0.000
1974    15     0.000
1974    16     0.002
1974    17     0.016
1974    18     0.054
1974    19     0.132
1974    20     0.248
1974    21     0.380
1974    22     0.501
1974    23     0.607
1974    24     0.702
1974    25     0.789
1974    26     0.869
1974    27     0.945
1974    28     1.017
1974    29     1.087
1974    30     1.153
1974    31     1.212
1974    32     1.264
1974    33     1.314
1974    34     1.362
1974    35     1.409
1974    36     1.451
1974    37     1.489
1974    38     1.521
1974    39     1.548
1974    40     1.570
1974    41     1.586
1974    42     1.598
1974    43     1.605
1974    44     1.610
1974    45         .
1974    46         .
1974    47         .
1974    48         .
1974    49         .
1974    50         .
1974    51         .
1974    52         .
1974    53         .
1974    54         .
1974    55         .
1975    12     0.000
1975    13     0.000
1975    14     0.000
1975    15     0.000
1975    16     0.003
1975    17     0.016
1975    18     0.052
1975    19     0.128
1975    20     0.240
1975    21     0.360
1975    22     0.472
1975    23     0.573
1975    24     0.667
1975    25     0.753
1975    26     0.836
1975    27     0.916
1975    28     0.993
1975    29     1.064
1975    30     1.129
1975    31     1.188
1975    32     1.245
1975    33     1.300
1975    34     1.354
1975    35     1.403
1975    36     1.447
1975    37     1.486
1975    38     1.519
1975    39     1.547
1975    40     1.570
1975    41     1.586
1975    42     1.598
1975    43     1.605
1975    44         .
1975    45         .
1975    46         .
1975    47         .
1975    48         .
1975    49         .
1975    50         .
1975    51         .
1975    52         .
1975    53         .
1975    54         .
1975    55         .
1976    12     0.000
1976    13     0.000
1976    14     0.000
1976    15     0.000
1976    16     0.003
1976    17     0.015
1976    18     0.052
1976    19     0.125
1976    20     0.224
1976    21     0.332
1976    22     0.437
1976    23     0.536
1976    24     0.629
1976    25     0.718
1976    26     0.805
1976    27     0.889
1976    28     0.968
1976    29     1.041
1976    30     1.106
1976    31     1.171
1976    32     1.235
1976    33     1.297
1976    34     1.354
1976    35     1.406
1976    36     1.454
1976    37     1.497
1976    38     1.534
1976    39     1.565
1976    40     1.589
1976    41     1.606
1976    42     1.618
1976    43         .
1976    44         .
1976    45         .
1976    46         .
1976    47         .
1976    48         .
1976    49         .
1976    50         .
1976    51         .
1976    52         .
1976    53         .
1976    54         .
1976    55         .
1977    12     0.000
1977    13     0.000
1977    14     0.000
1977    15     0.000
1977    16     0.003
1977    17     0.016
1977    18     0.052
1977    19     0.117
1977    20     0.206
1977    21     0.307
1977    22     0.407
1977    23     0.504
1977    24     0.599
1977    25     0.692
1977    26     0.784
1977    27     0.871
1977    28     0.950
1977    29     1.023
1977    30     1.094
1977    31     1.167
1977    32     1.237
1977    33     1.303
1977    34     1.363
1977    35     1.419
1977    36     1.471
1977    37     1.517
1977    38     1.557
1977    39     1.589
1977    40     1.614
1977    41     1.632
1977    42         .
1977    43         .
1977    44         .
1977    45         .
1977    46         .
1977    47         .
1977    48         .
1977    49         .
1977    50         .
1977    51         .
1977    52         .
1977    53         .
1977    54         .
1977    55         .
1978    12     0.000
1978    13     0.000
1978    14     0.000
1978    15     0.000
1978    16     0.003
1978    17     0.016
1978    18     0.048
1978    19     0.106
1978    20     0.189
1978    21     0.285
1978    22     0.382
1978    23     0.481
1978    24     0.578
1978    25     0.676
1978    26     0.770
1978    27     0.857
1978    28     0.936
1978    29     1.013
1978    30     1.092
1978    31     1.170
1978    32     1.244
1978    33     1.311
1978    34     1.374
1978    35     1.434
1978    36     1.487
1978    37     1.535
1978    38     1.575
1978    39     1.607
1978    40     1.631
1978    41         .
1978    42         .
1978    43         .
1978    44         .
1978    45         .
1978    46         .
1978    47         .
1978    48         .
1978    49         .
1978    50         .
1978    51         .
1978    52         .
1978    53         .
1978    54         .
1978    55         .
1979    12     0.000
1979    13     0.000
1979    14     0.000
1979    15     0.000
1979    16     0.003
1979    17     0.014
1979    18     0.043
1979    19     0.097
1979    20     0.174
1979    21     0.263
1979    22     0.361
1979    23     0.460
1979    24     0.560
1979    25     0.659
1979    26     0.751
1979    27     0.835
1979    28     0.917
1979    29     1.001
1979    30     1.083
1979    31     1.163
1979    32     1.239
1979    33     1.311
1979    34     1.378
1979    35     1.439
1979    36     1.496
1979    37     1.546
1979    38     1.586
1979    39     1.618
1979    40         .
1979    41         .
1979    42         .
1979    43         .
1979    44         .
1979    45         .
1979    46         .
1979    47         .
1979    48         .
1979    49         .
1979    50         .
1979    51         .
1979    52         .
1979    53         .
1979    54         .
1979    55         .
1980    12     0.000
1980    13     0.000
1980    14     0.000
1980    15     0.000
1980    16     0.003
1980    17     0.013
1980    18     0.040
1980    19     0.088
1980    20     0.158
1980    21     0.246
1980    22     0.343
1980    23     0.443
1980    24     0.542
1980    25     0.637
1980    26     0.726
1980    27     0.814
1980    28     0.902
1980    29     0.989
1980    30     1.074
1980    31     1.153
1980    32     1.227
1980    33     1.298
1980    34     1.362
1980    35     1.422
1980    36     1.477
1980    37     1.523
1980    38     1.560
1980    39         .
1980    40         .
1980    41         .
1980    42         .
1980    43         .
1980    44         .
1980    45         .
1980    46         .
1980    47         .
1980    48         .
1980    49         .
1980    50         .
1980    51         .
1980    52         .
1980    53         .
1980    54         .
1980    55         .
1981    12     0.000
1981    13     0.000
1981    14     0.000
1981    15     0.000
1981    16     0.003
1981    17     0.013
1981    18     0.037
1981    19     0.081
1981    20     0.149
1981    21     0.236
1981    22     0.333
1981    23     0.433
1981    24     0.530
1981    25     0.623
1981    26     0.717
1981    27     0.813
1981    28     0.908
1981    29     1.001
1981    30     1.090
1981    31     1.178
1981    32     1.263
1981    33     1.342
1981    34     1.415
1981    35     1.483
1981    36     1.540
1981    37     1.589
1981    38         .
1981    39         .
1981    40         .
1981    41         .
1981    42         .
1981    43         .
1981    44         .
1981    45         .
1981    46         .
1981    47         .
1981    48         .
1981    49         .
1981    50         .
1981    51         .
1981    52         .
1981    53         .
1981    54         .
1981    55         .
1982    12     0.000
1982    13     0.000
1982    14     0.000
1982    15     0.000
1982    16     0.003
1982    17     0.012
1982    18     0.033
1982    19     0.075
1982    20     0.142
1982    21     0.228
1982    22     0.323
1982    23     0.419
1982    24     0.513
1982    25     0.610
1982    26     0.711
1982    27     0.812
1982    28     0.912
1982    29     1.008
1982    30     1.101
1982    31     1.193
1982    32     1.279
1982    33     1.360
1982    34     1.435
1982    35     1.500
1982    36     1.555
1982    37         .
1982    38         .
1982    39         .
1982    40         .
1982    41         .
1982    42         .
1982    43         .
1982    44         .
1982    45         .
1982    46         .
1982    47         .
1982    48         .
1982    49         .
1982    50         .
1982    51         .
1982    52         .
1982    53         .
1982    54         .
1982    55         .
1983    12     0.000
1983    13     0.000
1983    14     0.000
1983    15     0.000
1983    16     0.003
1983    17     0.010
1983    18     0.031
1983    19     0.072
1983    20     0.137
1983    21     0.221
1983    22     0.312
1983    23     0.403
1983    24     0.498
1983    25     0.599
1983    26     0.704
1983    27     0.808
1983    28     0.909
1983    29     1.009
1983    30     1.108
1983    31     1.202
1983    32     1.293
1983    33     1.378
1983    34     1.451
1983    35     1.514
1983    36         .
1983    37         .
1983    38         .
1983    39         .
1983    40         .
1983    41         .
1983    42         .
1983    43         .
1983    44         .
1983    45         .
1983    46         .
1983    47         .
1983    48         .
1983    49         .
1983    50         .
1983    51         .
1983    52         .
1983    53         .
1983    54         .
1983    55         .
1984    12     0.000
1984    13     0.000
1984    14     0.000
1984    15     0.000
1984    16     0.002
1984    17     0.010
1984    18     0.030
1984    19     0.070
1984    20     0.135
1984    21     0.215
1984    22     0.301
1984    23     0.392
1984    24     0.488
1984    25     0.590
1984    26     0.695
1984    27     0.799
1984    28     0.905
1984    29     1.009
1984    30     1.109
1984    31     1.208
1984    32     1.303
1984    33     1.384
1984    34     1.454
1984    35         .
1984    36         .
1984    37         .
1984    38         .
1984    39         .
1984    40         .
1984    41         .
1984    42         .
1984    43         .
1984    44         .
1984    45         .
1984    46         .
1984    47         .
1984    48         .
1984    49         .
1984    50         .
1984    51         .
1984    52         .
1984    53         .
1984    54         .
1984    55         .
1985    12     0.000
1985    13     0.000
1985    14     0.000
1985    15     0.000
1985    16     0.002
1985    17     0.010
1985    18     0.030
1985    19     0.071
1985    20     0.133
1985    21     0.209
1985    22     0.294
1985    23     0.385
1985    24     0.482
1985    25     0.584
1985    26     0.687
1985    27     0.792
1985    28     0.897
1985    29     0.999
1985    30     1.100
1985    31     1.199
1985    32     1.285
1985    33     1.359
1985    34         .
1985    35         .
1985    36         .
1985    37         .
1985    38         .
1985    39         .
1985    40         .
1985    41         .
1985    42         .
1985    43         .
1985    44         .
1985    45         .
1985    46         .
1985    47         .
1985    48         .
1985    49         .
1985    50         .
1985    51         .
1985    52         .
1985    53         .
1985    54         .
1985    55         .
1986    12     0.000
1986    13     0.000
1986    14     0.000
1986    15     0.000
1986    16     0.002
1986    17     0.011
1986    18     0.032
1986    19     0.072
1986    20     0.133
1986    21     0.210
1986    22     0.296
1986    23     0.388
1986    24     0.486
1986    25     0.588
1986    26     0.699
1986    27     0.811
1986    28     0.924
1986    29     1.033
1986    30     1.142
1986    31     1.239
1986    32     1.324
1986    33         .
1986    34         .
1986    35         .
1986    36         .
1986    37         .
1986    38         .
1986    39         .
1986    40         .
1986    41         .
1986    42         .
1986    43         .
1986    44         .
1986    45         .
1986    46         .
1986    47         .
1986    48         .
1986    49         .
1986    50         .
1986    51         .
1986    52         .
1986    53         .
1986    54         .
1986    55         .
1987    12     0.000
1987    13     0.000
1987    14     0.000
1987    15     0.000
1987    16     0.003
1987    17     0.011
1987    18     0.032
1987    19     0.072
1987    20     0.133
1987    21     0.210
1987    22     0.296
1987    23     0.387
1987    24     0.484
1987    25     0.591
1987    26     0.705
1987    27     0.820
1987    28     0.936
1987    29     1.050
1987    30     1.153
1987    31     1.245
1987    32         .
1987    33         .
1987    34         .
1987    35         .
1987    36         .
1987    37         .
1987    38         .
1987    39         .
1987    40         .
1987    41         .
1987    42         .
1987    43         .
1987    44         .
1987    45         .
1987    46         .
1987    47         .
1987    48         .
1987    49         .
1987    50         .
1987    51         .
1987    52         .
1987    53         .
1987    54         .
1987    55         .
1988    12     0.000
1988    13     0.000
1988    14     0.000
1988    15     0.000
1988    16     0.003
1988    17     0.011
1988    18     0.031
1988    19     0.071
1988    20     0.131
1988    21     0.207
1988    22     0.289
1988    23     0.377
1988    24     0.476
1988    25     0.584
1988    26     0.698
1988    27     0.815
1988    28     0.932
1988    29     1.039
1988    30     1.135
1988    31         .
1988    32         .
1988    33         .
1988    34         .
1988    35         .
1988    36         .
1988    37         .
1988    38         .
1988    39         .
1988    40         .
1988    41         .
1988    42         .
1988    43         .
1988    44         .
1988    45         .
1988    46         .
1988    47         .
1988    48         .
1988    49         .
1988    50         .
1988    51         .
1988    52         .
1988    53         .
1988    54         .
1988    55         .
1989    12     0.000
1989    13     0.000
1989    14     0.000
1989    15     0.000
1989    16     0.003
1989    17     0.011
1989    18     0.031
1989    19     0.070
1989    20     0.128
1989    21     0.199
1989    22     0.279
1989    23     0.368
1989    24     0.466
1989    25     0.572
1989    26     0.685
1989    27     0.800
1989    28     0.907
1989    29     1.005
1989    30         .
1989    31         .
1989    32         .
1989    33         .
1989    34         .
1989    35         .
1989    36         .
1989    37         .
1989    38         .
1989    39         .
1989    40         .
1989    41         .
1989    42         .
1989    43         .
1989    44         .
1989    45         .
1989    46         .
1989    47         .
1989    48         .
1989    49         .
1989    50         .
1989    51         .
1989    52         .
1989    53         .
1989    54         .
1989    55         .
1990    12     0.000
1990    13     0.000
1990    14     0.000
1990    15     0.000
1990    16     0.003
1990    17     0.011
1990    18     0.031
1990    19     0.070
1990    20     0.125
1990    21     0.193
1990    22     0.270
1990    23     0.356
1990    24     0.451
1990    25     0.552
1990    26     0.661
1990    27     0.764
1990    28     0.860
1990    29         .
1990    30         .
1990    31         .
1990    32         .
1990    33         .
1990    34         .
1990    35         .
1990    36         .
1990    37         .
1990    38         .
1990    39         .
1990    40         .
1990    41         .
1990    42         .
1990    43         .
1990    44         .
1990    45         .
1990    46         .
1990    47         .
1990    48         .
1990    49         .
1990    50         .
1990    51         .
1990    52         .
1990    53         .
1990    54         .
1990    55         .
1991    12     0.000
1991    13     0.000
1991    14     0.000
1991    15     0.000
1991    16     0.003
1991    17     0.011
1991    18     0.032
1991    19     0.069
1991    20     0.125
1991    21     0.198
1991    22     0.281
1991    23     0.371
1991    24     0.468
1991    25     0.575
1991    26     0.681
1991    27     0.784
1991    28         .
1991    29         .
1991    30         .
1991    31         .
1991    32         .
1991    33         .
1991    34         .
1991    35         .
1991    36         .
1991    37         .
1991    38         .
1991    39         .
1991    40         .
1991    41         .
1991    42         .
1991    43         .
1991    44         .
1991    45         .
1991    46         .
1991    47         .
1991    48         .
1991    49         .
1991    50         .
1991    51         .
1991    52         .
1991    53         .
1991    54         .
1991    55         .
1992    12     0.000
1992    13     0.000
1992    14     0.000
1992    15     0.000
1992    16     0.003
1992    17     0.012
1992    18     0.032
1992    19     0.070
1992    20     0.128
1992    21     0.200
1992    22     0.282
1992    23     0.370
1992    24     0.466
1992    25     0.566
1992    26     0.666
1992    27         .
1992    28         .
1992    29         .
1992    30         .
1992    31         .
1992    32         .
1992    33         .
1992    34         .
1992    35         .
1992    36         .
1992    37         .
1992    38         .
1992    39         .
1992    40         .
1992    41         .
1992    42         .
1992    43         .
1992    44         .
1992    45         .
1992    46         .
1992    47         .
1992    48         .
1992    49         .
1992    50         .
1992    51         .
1992    52         .
1992    53         .
1992    54         .
1992    55         .
1993    12     0.000
1993    13     0.000
1993    14     0.000
1993    15     0.001
1993    16     0.003
1993    17     0.011
1993    18     0.031
1993    19     0.071
1993    20     0.130
1993    21     0.204
1993    22     0.286
1993    23     0.374
1993    24     0.467
1993    25     0.563
1993    26         .
1993    27         .
1993    28         .
1993    29         .
1993    30         .
1993    31         .
1993    32         .
1993    33         .
1993    34         .
1993    35         .
1993    36         .
1993    37         .
1993    38         .
1993    39         .
1993    40         .
1993    41         .
1993    42         .
1993    43         .
1993    44         .
1993    45         .
1993    46         .
1993    47         .
1993    48         .
1993    49         .
1993    50         .
1993    51         .
1993    52         .
1993    53         .
1993    54         .
1993    55         .
1994    12     0.000
1994    13     0.000
1994    14     0.000
1994    15     0.001
1994    16     0.003
1994    17     0.011
1994    18     0.032
1994    19     0.071
1994    20     0.131
1994    21     0.203
1994    22     0.284
1994    23     0.368
1994    24     0.459
1994    25         .
1994    26         .
1994    27         .
1994    28         .
1994    29         .
1994    30         .
1994    31         .
1994    32         .
1994    33         .
1994    34         .
1994    35         .
1994    36         .
1994    37         .
1994    38         .
1994    39         .
1994    40         .
1994    41         .
1994    42         .
1994    43         .
1994    44         .
1994    45         .
1994    46         .
1994    47         .
1994    48         .
1994    49         .
1994    50         .
1994    51         .
1994    52         .
1994    53         .
1994    54         .
1994    55         .
1995    12     0.000
1995    13     0.000
1995    14     0.000
1995    15     0.000
1995    16     0.003
1995    17     0.012
1995    18     0.032
1995    19     0.071
1995    20     0.127
1995    21     0.194
1995    22     0.268
1995    23     0.348
1995    24         .
1995    25         .
1995    26         .
1995    27         .
1995    28         .
1995    29         .
1995    30         .
1995    31         .
1995    32         .
1995    33         .
1995    34         .
1995    35         .
1995    36         .
1995    37         .
1995    38         .
1995    39         .
1995    40         .
1995    41         .
1995    42         .
1995    43         .
1995    44         .
1995    45         .
1995    46         .
1995    47         .
1995    48         .
1995    49         .
1995    50         .
1995    51         .
1995    52         .
1995    53         .
1995    54         .
1995    55         .
1996    12     0.000
1996    13     0.000
1996    14     0.000
1996    15     0.001
1996    16     0.003
1996    17     0.012
1996    18     0.033
1996    19     0.069
1996    20     0.122
1996    21     0.184
1996    22     0.254
1996    23         .
1996    24         .
1996    25         .
1996    26         .
1996    27         .
1996    28         .
1996    29         .
1996    30         .
1996    31         .
1996    32         .
1996    33         .
1996    34         .
1996    35         .
1996    36         .
1996    37         .
1996    38         .
1996    39         .
1996    40         .
1996    41         .
1996    42         .
1996    43         .
1996    44         .
1996    45         .
1996    46         .
1996    47         .
1996    48         .
1996    49         .
1996    50         .
1996    51         .
1996    52         .
1996    53         .
1996    54         .
1996    55         .
1997    12     0.000
1997    13     0.000
1997    14     0.000
1997    15     0.001
1997    16     0.003
1997    17     0.013
1997    18     0.031
1997    19     0.065
1997    20     0.115
1997    21     0.174
1997    22         .
1997    23         .
1997    24         .
1997    25         .
1997    26         .
1997    27         .
1997    28         .
1997    29         .
1997    30         .
1997    31         .
1997    32         .
1997    33         .
1997    34         .
1997    35         .
1997    36         .
1997    37         .
1997    38         .
1997    39         .
1997    40         .
1997    41         .
1997    42         .
1997    43         .
1997    44         .
1997    45         .
1997    46         .
1997    47         .
1997    48         .
1997    49         .
1997    50         .
1997    51         .
1997    52         .
1997    53         .
1997    54         .
1997    55         .
1998    12     0.000
1998    13     0.000
1998    14     0.000
1998    15     0.001
1998    16     0.003
1998    17     0.011
1998    18     0.028
1998    19     0.058
1998    20     0.103
1998    21         .
1998    22         .
1998    23         .
1998    24         .
1998    25         .
1998    26         .
1998    27         .
1998    28         .
1998    29         .
1998    30         .
1998    31         .
1998    32         .
1998    33         .
1998    34         .
1998    35         .
1998    36         .
1998    37         .
1998    38         .
1998    39         .
1998    40         .
1998    41         .
1998    42         .
1998    43         .
1998    44         .
1998    45         .
1998    46         .
1998    47         .
1998    48         .
1998    49         .
1998    50         .
1998    51         .
1998    52         .
1998    53         .
1998    54         .
1998    55         .
1999    12     0.000
1999    13     0.000
1999    14     0.000
1999    15     0.001
1999    16     0.003
1999    17     0.009
1999    18     0.023
1999    19     0.049
1999    20         .
1999    21         .
1999    22         .
1999    23         .
1999    24         .
1999    25         .
1999    26         .
1999    27         .
1999    28         .
1999    29         .
1999    30         .
1999    31         .
1999    32         .
1999    33         .
1999    34         .
1999    35         .
1999    36         .
1999    37         .
1999    38         .
1999    39         .
1999    40         .
1999    41         .
1999    42         .
1999    43         .
1999    44         .
1999    45         .
1999    46         .
1999    47         .
1999    48         .
1999    49         .
1999    50         .
1999    51         .
1999    52         .
1999    53         .
1999    54         .
1999    55         .
2000    12     0.000
2000    13     0.000
2000    14     0.000
2000    15     0.000
2000    16     0.002
2000    17     0.007
2000    18     0.018
2000    19         .
2000    20         .
2000    21         .
2000    22         .
2000    23         .
2000    24         .
2000    25         .
2000    26         .
2000    27         .
2000    28         .
2000    29         .
2000    30         .
2000    31         .
2000    32         .
2000    33         .
2000    34         .
2000    35         .
2000    36         .
2000    37         .
2000    38         .
2000    39         .
2000    40         .
2000    41         .
2000    42         .
2000    43         .
2000    44         .
2000    45         .
2000    46         .
2000    47         .
2000    48         .
2000    49         .
2000    50         .
2000    51         .
2000    52         .
2000    53         .
2000    54         .
2000    55         .
2001    12     0.000
2001    13     0.000
2001    14     0.000
2001    15     0.000
2001    16     0.002
2001    17     0.007
2001    18         .
2001    19         .
2001    20         .
2001    21         .
2001    22         .
2001    23         .
2001    24         .
2001    25         .
2001    26         .
2001    27         .
2001    28         .
2001    29         .
2001    30         .
2001    31         .
2001    32         .
2001    33         .
2001    34         .
2001    35         .
2001    36         .
2001    37         .
2001    38         .
2001    39         .
2001    40         .
2001    41         .
2001    42         .
2001    43         .
2001    44         .
2001    45         .
2001    46         .
2001    47         .
2001    48         .
2001    49         .
2001    50         .
2001    51         .
2001    52         .
2001    53         .
2001    54         .
2001    55         .
2002    12     0.000
2002    13     0.000
2002    14     0.000
2002    15     0.000
2002    16     0.002
2002    17         .
2002    18         .
2002    19         .
2002    20         .
2002    21         .
2002    22         .
2002    23         .
2002    24         .
2002    25         .
2002    26         .
2002    27         .
2002    28         .
2002    29         .
2002    30         .
2002    31         .
2002    32         .
2002    33         .
2002    34         .
2002    35         .
2002    36         .
2002    37         .
2002    38         .
2002    39         .
2002    40         .
2002    41         .
2002    42         .
2002    43         .
2002    44         .
2002    45         .
2002    46         .
2002    47         .
2002    48         .
2002    49         .
2002    50         .
2002    51         .
2002    52         .
2002    53         .
2002    54         .
2002    55         .
2003    12     0.000
2003    13     0.000
2003    14     0.000
2003    15     0.000
2003    16         .
2003    17         .
2003    18         .
2003    19         .
2003    20         .
2003    21         .
2003    22         .
2003    23         .
2003    24         .
2003    25         .
2003    26         .
2003    27         .
2003    28         .
2003    29         .
2003    30         .
2003    31         .
2003    32         .
2003    33         .
2003    34         .
2003    35         .
2003    36         .
2003    37         .
2003    38         .
2003    39         .
2003    40         .
2003    41         .
2003    42         .
2003    43         .
2003    44         .
2003    45         .
2003    46         .
2003    47         .
2003    48         .
2003    49         .
2003    50         .
2003    51         .
2003    52         .
2003    53         .
2003    54         .
2003    55         .
2004    12     0.000
2004    13     0.000
2004    14     0.000
2004    15         .
2004    16         .
2004    17         .
2004    18         .
2004    19         .
2004    20         .
2004    21         .
2004    22         .
2004    23         .
2004    24         .
2004    25         .
2004    26         .
2004    27         .
2004    28         .
2004    29         .
2004    30         .
2004    31         .
2004    32         .
2004    33         .
2004    34         .
2004    35         .
2004    36         .
2004    37         .
2004    38         .
2004    39         .
2004    40         .
2004    41         .
2004    42         .
2004    43         .
2004    44         .
2004    45         .
2004    46         .
2004    47         .
2004    48         .
2004    49         .
2004    50         .
2004    51         .
2004    52         .
2004    53         .
2004    54         .
2004    55         .
2005    12     0.000
2005    13     0.000
2005    14         .
2005    15         .
2005    16         .
2005    17         .
2005    18         .
2005    19         .
2005    20         .
2005    21         .
2005    22         .
2005    23         .
2005    24         .
2005    25         .
2005    26         .
2005    27         .
2005    28         .
2005    29         .
2005    30         .
2005    31         .
2005    32         .
2005    33         .
2005    34         .
2005    35         .
2005    36         .
2005    37         .
2005    38         .
2005    39         .
2005    40         .
2005    41         .
2005    42         .
2005    43         .
2005    44         .
2005    45         .
2005    46         .
2005    47         .
2005    48         .
2005    49         .
2005    50         .
2005    51         .
2005    52         .
2005    53         .
2005    54         .
2005    55         .
