Russian Federation, Cumulative period fertility rates (Lexis squares)
Last modified: 22/10/2020
Year    Age     CPFR
1959    12     0.000
1959    13     0.000
1959    14     0.000
1959    15     0.000
1959    16     0.001
1959    17     0.003
1959    18     0.013
1959    19     0.046
1959    20     0.112
1959    21     0.235
1959    22     0.376
1959    23     0.552
1959    24     0.737
1959    25     0.927
1959    26     1.104
1959    27     1.265
1959    28     1.421
1959    29     1.566
1959    30     1.696
1959    31     1.827
1959    32     1.933
1959    33     2.034
1959    34     2.118
1959    35     2.196
1959    36     2.269
1959    37     2.328
1959    38     2.382
1959    39     2.430
1959    40     2.467
1959    41     2.501
1959    42     2.527
1959    43     2.546
1959    44     2.559
1959    45     2.567
1959    46     2.573
1959    47     2.576
1959    48     2.578
1959    49     2.580
1959    50     2.581
1959    51     2.581
1959    52     2.581
1959    53     2.582
1959    54     2.582
1959    55     2.582
1960    12     0.000
1960    13     0.000
1960    14     0.000
1960    15     0.000
1960    16     0.001
1960    17     0.004
1960    18     0.015
1960    19     0.049
1960    20     0.119
1960    21     0.240
1960    22     0.382
1960    23     0.548
1960    24     0.729
1960    25     0.913
1960    26     1.095
1960    27     1.256
1960    28     1.400
1960    29     1.550
1960    30     1.678
1960    31     1.811
1960    32     1.911
1960    33     2.017
1960    34     2.102
1960    35     2.179
1960    36     2.249
1960    37     2.312
1960    38     2.362
1960    39     2.411
1960    40     2.447
1960    41     2.480
1960    42     2.501
1960    43     2.522
1960    44     2.534
1960    45     2.542
1960    46     2.547
1960    47     2.550
1960    48     2.552
1960    49     2.553
1960    50     2.554
1960    51     2.554
1960    52     2.555
1960    53     2.555
1960    54     2.555
1960    55     2.555
1961    12     0.000
1961    13     0.000
1961    14     0.000
1961    15     0.000
1961    16     0.001
1961    17     0.004
1961    18     0.019
1961    19     0.062
1961    20     0.140
1961    21     0.275
1961    22     0.430
1961    23     0.597
1961    24     0.770
1961    25     0.943
1961    26     1.112
1961    27     1.273
1961    28     1.415
1961    29     1.544
1961    30     1.662
1961    31     1.787
1961    32     1.890
1961    33     1.978
1961    34     2.058
1961    35     2.127
1961    36     2.190
1961    37     2.246
1961    38     2.292
1961    39     2.331
1961    40     2.363
1961    41     2.393
1961    42     2.413
1961    43     2.428
1961    44     2.440
1961    45     2.446
1961    46     2.451
1961    47     2.454
1961    48     2.455
1961    49     2.456
1961    50     2.457
1961    51     2.457
1961    52     2.457
1961    53     2.457
1961    54     2.457
1961    55     2.458
1962    12     0.000
1962    13     0.000
1962    14     0.000
1962    15     0.000
1962    16     0.001
1962    17     0.004
1962    18     0.018
1962    19     0.063
1962    20     0.137
1962    21     0.262
1962    22     0.407
1962    23     0.570
1962    24     0.735
1962    25     0.900
1962    26     1.060
1962    27     1.211
1962    28     1.353
1962    29     1.478
1962    30     1.582
1962    31     1.703
1962    32     1.797
1962    33     1.889
1962    34     1.961
1962    35     2.030
1962    36     2.089
1962    37     2.140
1962    38     2.184
1962    39     2.223
1962    40     2.252
1962    41     2.279
1962    42     2.298
1962    43     2.313
1962    44     2.322
1962    45     2.330
1962    46     2.334
1962    47     2.336
1962    48     2.338
1962    49     2.338
1962    50     2.339
1962    51     2.339
1962    52     2.339
1962    53     2.339
1962    54     2.340
1962    55     2.340
1963    12     0.000
1963    13     0.000
1963    14     0.000
1963    15     0.000
1963    16     0.000
1963    17     0.004
1963    18     0.018
1963    19     0.065
1963    20     0.152
1963    21     0.282
1963    22     0.426
1963    23     0.588
1963    24     0.752
1963    25     0.912
1963    26     1.063
1963    27     1.205
1963    28     1.339
1963    29     1.465
1963    30     1.571
1963    31     1.678
1963    32     1.771
1963    33     1.857
1963    34     1.931
1963    35     1.992
1963    36     2.050
1963    37     2.097
1963    38     2.138
1963    39     2.173
1963    40     2.201
1963    41     2.226
1963    42     2.243
1963    43     2.257
1963    44     2.267
1963    45     2.273
1963    46     2.277
1963    47     2.279
1963    48     2.280
1963    49     2.281
1963    50     2.281
1963    51     2.282
1963    52     2.282
1963    53     2.282
1963    54     2.282
1963    55     2.282
1964    12     0.000
1964    13     0.000
1964    14     0.000
1964    15     0.000
1964    16     0.001
1964    17     0.003
1964    18     0.017
1964    19     0.061
1964    20     0.150
1964    21     0.285
1964    22     0.414
1964    23     0.565
1964    24     0.723
1964    25     0.876
1964    26     1.019
1964    27     1.149
1964    28     1.272
1964    29     1.390
1964    30     1.495
1964    31     1.597
1964    32     1.678
1964    33     1.763
1964    34     1.830
1964    35     1.892
1964    36     1.943
1964    37     1.989
1964    38     2.026
1964    39     2.059
1964    40     2.084
1964    41     2.108
1964    42     2.123
1964    43     2.136
1964    44     2.145
1964    45     2.151
1964    46     2.154
1964    47     2.157
1964    48     2.158
1964    49     2.158
1964    50     2.159
1964    51     2.159
1964    52     2.159
1964    53     2.159
1964    54     2.159
1964    55     2.159
1965    12     0.000
1965    13     0.000
1965    14     0.000
1965    15     0.000
1965    16     0.000
1965    17     0.003
1965    18     0.014
1965    19     0.058
1965    20     0.143
1965    21     0.275
1965    22     0.415
1965    23     0.548
1965    24     0.694
1965    25     0.841
1965    26     0.982
1965    27     1.110
1965    28     1.227
1965    29     1.339
1965    30     1.440
1965    31     1.544
1965    32     1.624
1965    33     1.701
1965    34     1.768
1965    35     1.827
1965    36     1.881
1965    37     1.923
1965    38     1.962
1965    39     1.992
1965    40     2.017
1965    41     2.038
1965    42     2.053
1965    43     2.064
1965    44     2.073
1965    45     2.078
1965    46     2.082
1965    47     2.084
1965    48     2.085
1965    49     2.085
1965    50     2.086
1965    51     2.086
1965    52     2.086
1965    53     2.086
1965    54     2.086
1965    55     2.086
1966    12     0.000
1966    13     0.000
1966    14     0.000
1966    15     0.000
1966    16     0.001
1966    17     0.004
1966    18     0.017
1966    19     0.055
1966    20     0.142
1966    21     0.275
1966    22     0.420
1966    23     0.575
1966    24     0.711
1966    25     0.853
1966    26     0.994
1966    27     1.125
1966    28     1.243
1966    29     1.353
1966    30     1.452
1966    31     1.555
1966    32     1.639
1966    33     1.717
1966    34     1.783
1966    35     1.845
1966    36     1.897
1966    37     1.942
1966    38     1.977
1966    39     2.009
1966    40     2.032
1966    41     2.053
1966    42     2.066
1966    43     2.078
1966    44     2.085
1966    45     2.090
1966    46     2.093
1966    47     2.095
1966    48     2.096
1966    49     2.097
1966    50     2.097
1966    51     2.097
1966    52     2.098
1966    53     2.098
1966    54     2.098
1966    55     2.098
1967    12     0.000
1967    13     0.000
1967    14     0.000
1967    15     0.000
1967    16     0.001
1967    17     0.003
1967    18     0.016
1967    19     0.058
1967    20     0.132
1967    21     0.265
1967    22     0.408
1967    23     0.560
1967    24     0.709
1967    25     0.835
1967    26     0.965
1967    27     1.093
1967    28     1.207
1967    29     1.312
1967    30     1.404
1967    31     1.499
1967    32     1.579
1967    33     1.654
1967    34     1.717
1967    35     1.771
1967    36     1.822
1967    37     1.863
1967    38     1.897
1967    39     1.924
1967    40     1.947
1967    41     1.965
1967    42     1.978
1967    43     1.988
1967    44     1.995
1967    45     1.999
1967    46     2.002
1967    47     2.004
1967    48     2.005
1967    49     2.005
1967    50     2.005
1967    51     2.006
1967    52     2.006
1967    53     2.006
1967    54     2.006
1967    55     2.006
1968    12     0.000
1968    13     0.000
1968    14     0.000
1968    15     0.000
1968    16     0.001
1968    17     0.004
1968    18     0.016
1968    19     0.056
1968    20     0.141
1968    21     0.255
1968    22     0.400
1968    23     0.553
1968    24     0.702
1968    25     0.842
1968    26     0.963
1968    27     1.082
1968    28     1.195
1968    29     1.298
1968    30     1.390
1968    31     1.478
1968    32     1.554
1968    33     1.628
1968    34     1.690
1968    35     1.745
1968    36     1.790
1968    37     1.832
1968    38     1.865
1968    39     1.893
1968    40     1.913
1968    41     1.932
1968    42     1.944
1968    43     1.953
1968    44     1.959
1968    45     1.964
1968    46     1.966
1968    47     1.967
1968    48     1.968
1968    49     1.969
1968    50     1.969
1968    51     1.969
1968    52     1.969
1968    53     1.969
1968    54     1.969
1968    55     1.970
1969    12     0.000
1969    13     0.000
1969    14     0.000
1969    15     0.000
1969    16     0.001
1969    17     0.004
1969    18     0.016
1969    19     0.057
1969    20     0.139
1969    21     0.275
1969    22     0.409
1969    23     0.572
1969    24     0.725
1969    25     0.869
1969    26     1.001
1969    27     1.112
1969    28     1.221
1969    29     1.324
1969    30     1.415
1969    31     1.506
1969    32     1.580
1969    33     1.650
1969    34     1.712
1969    35     1.768
1969    36     1.814
1969    37     1.852
1969    38     1.886
1969    39     1.912
1969    40     1.933
1969    41     1.949
1969    42     1.961
1969    43     1.969
1969    44     1.975
1969    45     1.978
1969    46     1.981
1969    47     1.982
1969    48     1.983
1969    49     1.983
1969    50     1.983
1969    51     1.984
1969    52     1.984
1969    53     1.984
1969    54     1.984
1969    55     1.984
1970    12     0.000
1970    13     0.000
1970    14     0.000
1970    15     0.000
1970    16     0.001
1970    17     0.004
1970    18     0.017
1970    19     0.060
1970    20     0.149
1970    21     0.284
1970    22     0.451
1970    23     0.602
1970    24     0.765
1970    25     0.908
1970    26     1.036
1970    27     1.151
1970    28     1.248
1970    29     1.351
1970    30     1.443
1970    31     1.529
1970    32     1.605
1970    33     1.672
1970    34     1.731
1970    35     1.784
1970    36     1.831
1970    37     1.869
1970    38     1.900
1970    39     1.927
1970    40     1.947
1970    41     1.963
1970    42     1.974
1970    43     1.982
1970    44     1.987
1970    45     1.991
1970    46     1.992
1970    47     1.994
1970    48     1.994
1970    49     1.994
1970    50     1.995
1970    51     1.995
1970    52     1.995
1970    53     1.995
1970    54     1.995
1970    55     1.995
1971    12     0.000
1971    13     0.000
1971    14     0.000
1971    15     0.000
1971    16     0.001
1971    17     0.004
1971    18     0.019
1971    19     0.063
1971    20     0.156
1971    21     0.300
1971    22     0.464
1971    23     0.638
1971    24     0.782
1971    25     0.933
1971    26     1.059
1971    27     1.176
1971    28     1.285
1971    29     1.379
1971    30     1.474
1971    31     1.562
1971    32     1.639
1971    33     1.708
1971    34     1.766
1971    35     1.818
1971    36     1.864
1971    37     1.903
1971    38     1.934
1971    39     1.959
1971    40     1.979
1971    41     1.996
1971    42     2.006
1971    43     2.013
1971    44     2.018
1971    45     2.021
1971    46     2.023
1971    47     2.023
1971    48     2.024
1971    49     2.024
1971    50     2.024
1971    51     2.024
1971    52     2.024
1971    53     2.024
1971    54     2.024
1971    55     2.024
1972    12     0.000
1972    13     0.000
1972    14     0.000
1972    15     0.000
1972    16     0.001
1972    17     0.004
1972    18     0.020
1972    19     0.066
1972    20     0.159
1972    21     0.305
1972    22     0.470
1972    23     0.637
1972    24     0.803
1972    25     0.933
1972    26     1.071
1972    27     1.186
1972    28     1.294
1972    29     1.395
1972    30     1.480
1972    31     1.571
1972    32     1.646
1972    33     1.714
1972    34     1.773
1972    35     1.823
1972    36     1.868
1972    37     1.906
1972    38     1.938
1972    39     1.963
1972    40     1.982
1972    41     1.998
1972    42     2.009
1972    43     2.016
1972    44     2.021
1972    45     2.024
1972    46     2.025
1972    47     2.026
1972    48     2.026
1972    49     2.027
1972    50     2.027
1972    51     2.027
1972    52     2.027
1972    53     2.027
1972    54     2.027
1972    55     2.027
1973    12     0.000
1973    13     0.000
1973    14     0.000
1973    15     0.000
1973    16     0.001
1973    17     0.005
1973    18     0.019
1973    19     0.065
1973    20     0.161
1973    21     0.301
1973    22     0.465
1973    23     0.628
1973    24     0.780
1973    25     0.926
1973    26     1.044
1973    27     1.166
1973    28     1.268
1973    29     1.363
1973    30     1.447
1973    31     1.524
1973    32     1.599
1973    33     1.664
1973    34     1.720
1973    35     1.770
1973    36     1.810
1973    37     1.846
1973    38     1.876
1973    39     1.901
1973    40     1.919
1973    41     1.934
1973    42     1.944
1973    43     1.951
1973    44     1.956
1973    45     1.959
1973    46     1.960
1973    47     1.961
1973    48     1.961
1973    49     1.961
1973    50     1.961
1973    51     1.962
1973    52     1.962
1973    53     1.962
1973    54     1.962
1973    55     1.962
1974    12     0.000
1974    13     0.000
1974    14     0.000
1974    15     0.000
1974    16     0.001
1974    17     0.005
1974    18     0.021
1974    19     0.067
1974    20     0.170
1974    21     0.317
1974    22     0.483
1974    23     0.653
1974    24     0.811
1974    25     0.955
1974    26     1.092
1974    27     1.202
1974    28     1.316
1974    29     1.410
1974    30     1.495
1974    31     1.574
1974    32     1.638
1974    33     1.703
1974    34     1.757
1974    35     1.805
1974    36     1.846
1974    37     1.880
1974    38     1.909
1974    39     1.933
1974    40     1.953
1974    41     1.967
1974    42     1.977
1974    43     1.984
1974    44     1.989
1974    45     1.992
1974    46     1.993
1974    47     1.994
1974    48     1.994
1974    49     1.994
1974    50     1.994
1974    51     1.994
1974    52     1.994
1974    53     1.995
1974    54     1.995
1974    55     1.995
1975    12     0.000
1975    13     0.000
1975    14     0.000
1975    15     0.000
1975    16     0.001
1975    17     0.005
1975    18     0.022
1975    19     0.071
1975    20     0.172
1975    21     0.324
1975    22     0.492
1975    23     0.656
1975    24     0.814
1975    25     0.958
1975    26     1.087
1975    27     1.210
1975    28     1.309
1975    29     1.410
1975    30     1.493
1975    31     1.569
1975    32     1.636
1975    33     1.694
1975    34     1.748
1975    35     1.792
1975    36     1.831
1975    37     1.865
1975    38     1.890
1975    39     1.912
1975    40     1.931
1975    41     1.945
1975    42     1.955
1975    43     1.961
1975    44     1.966
1975    45     1.968
1975    46     1.969
1975    47     1.970
1975    48     1.970
1975    49     1.971
1975    50     1.971
1975    51     1.971
1975    52     1.971
1975    53     1.971
1975    54     1.971
1975    55     1.971
1976    12     0.000
1976    13     0.000
1976    14     0.000
1976    15     0.000
1976    16     0.001
1976    17     0.006
1976    18     0.024
1976    19     0.074
1976    20     0.181
1976    21     0.331
1976    22     0.501
1976    23     0.669
1976    24     0.824
1976    25     0.970
1976    26     1.100
1976    27     1.219
1976    28     1.331
1976    29     1.419
1976    30     1.508
1976    31     1.581
1976    32     1.643
1976    33     1.698
1976    34     1.743
1976    35     1.787
1976    36     1.823
1976    37     1.854
1976    38     1.879
1976    39     1.898
1976    40     1.915
1976    41     1.928
1976    42     1.937
1976    43     1.944
1976    44     1.948
1976    45     1.950
1976    46     1.952
1976    47     1.952
1976    48     1.953
1976    49     1.953
1976    50     1.953
1976    51     1.953
1976    52     1.953
1976    53     1.953
1976    54     1.953
1976    55     1.953
1977    12     0.000
1977    13     0.000
1977    14     0.000
1977    15     0.000
1977    16     0.001
1977    17     0.006
1977    18     0.025
1977    19     0.077
1977    20     0.185
1977    21     0.338
1977    22     0.502
1977    23     0.669
1977    24     0.822
1977    25     0.961
1977    26     1.089
1977    27     1.207
1977    28     1.312
1977    29     1.411
1977    30     1.489
1977    31     1.567
1977    32     1.627
1977    33     1.679
1977    34     1.725
1977    35     1.762
1977    36     1.798
1977    37     1.827
1977    38     1.850
1977    39     1.870
1977    40     1.884
1977    41     1.895
1977    42     1.904
1977    43     1.910
1977    44     1.914
1977    45     1.916
1977    46     1.917
1977    47     1.918
1977    48     1.918
1977    49     1.918
1977    50     1.918
1977    51     1.918
1977    52     1.918
1977    53     1.918
1977    54     1.918
1977    55     1.918
1978    12     0.000
1978    13     0.000
1978    14     0.000
1978    15     0.000
1978    16     0.001
1978    17     0.007
1978    18     0.027
1978    19     0.082
1978    20     0.191
1978    21     0.346
1978    22     0.517
1978    23     0.679
1978    24     0.830
1978    25     0.967
1978    26     1.092
1978    27     1.209
1978    28     1.314
1978    29     1.408
1978    30     1.495
1978    31     1.563
1978    32     1.627
1978    33     1.677
1978    34     1.721
1978    35     1.757
1978    36     1.787
1978    37     1.815
1978    38     1.836
1978    39     1.854
1978    40     1.867
1978    41     1.877
1978    42     1.885
1978    43     1.891
1978    44     1.894
1978    45     1.896
1978    46     1.897
1978    47     1.898
1978    48     1.898
1978    49     1.898
1978    50     1.899
1978    51     1.899
1978    52     1.899
1978    53     1.899
1978    54     1.899
1978    55     1.899
1979    12     0.000
1979    13     0.000
1979    14     0.000
1979    15     0.000
1979    16     0.001
1979    17     0.007
1979    18     0.028
1979    19     0.085
1979    20     0.199
1979    21     0.357
1979    22     0.527
1979    23     0.693
1979    24     0.838
1979    25     0.975
1979    26     1.097
1979    27     1.207
1979    28     1.309
1979    29     1.399
1979    30     1.479
1979    31     1.553
1979    32     1.607
1979    33     1.660
1979    34     1.700
1979    35     1.734
1979    36     1.763
1979    37     1.786
1979    38     1.807
1979    39     1.824
1979    40     1.836
1979    41     1.846
1979    42     1.853
1979    43     1.857
1979    44     1.861
1979    45     1.863
1979    46     1.864
1979    47     1.864
1979    48     1.865
1979    49     1.865
1979    50     1.865
1979    51     1.865
1979    52     1.865
1979    53     1.865
1979    54     1.865
1979    55     1.865
1980    12     0.000
1980    13     0.000
1980    14     0.000
1980    15     0.000
1980    16     0.001
1980    17     0.008
1980    18     0.029
1980    19     0.086
1980    20     0.203
1980    21     0.365
1980    22     0.538
1980    23     0.706
1980    24     0.856
1980    25     0.988
1980    26     1.111
1980    27     1.221
1980    28     1.320
1980    29     1.411
1980    30     1.490
1980    31     1.558
1980    32     1.620
1980    33     1.665
1980    34     1.708
1980    35     1.741
1980    36     1.769
1980    37     1.792
1980    38     1.810
1980    39     1.826
1980    40     1.837
1980    41     1.846
1980    42     1.852
1980    43     1.856
1980    44     1.859
1980    45     1.861
1980    46     1.862
1980    47     1.862
1980    48     1.863
1980    49     1.863
1980    50     1.863
1980    51     1.863
1980    52     1.863
1980    53     1.863
1980    54     1.863
1980    55     1.863
1981    12     0.000
1981    13     0.000
1981    14     0.000
1981    15     0.000
1981    16     0.002
1981    17     0.009
1981    18     0.031
1981    19     0.088
1981    20     0.199
1981    21     0.358
1981    22     0.530
1981    23     0.696
1981    24     0.848
1981    25     0.986
1981    26     1.107
1981    27     1.221
1981    28     1.323
1981    29     1.415
1981    30     1.498
1981    31     1.571
1981    32     1.631
1981    33     1.685
1981    34     1.724
1981    35     1.761
1981    36     1.789
1981    37     1.812
1981    38     1.831
1981    39     1.845
1981    40     1.857
1981    41     1.866
1981    42     1.872
1981    43     1.876
1981    44     1.879
1981    45     1.880
1981    46     1.881
1981    47     1.882
1981    48     1.882
1981    49     1.882
1981    50     1.882
1981    51     1.882
1981    52     1.882
1981    53     1.882
1981    54     1.882
1981    55     1.882
1982    12     0.000
1982    13     0.000
1982    14     0.000
1982    15     0.000
1982    16     0.002
1982    17     0.009
1982    18     0.033
1982    19     0.090
1982    20     0.203
1982    21     0.360
1982    22     0.536
1982    23     0.709
1982    24     0.868
1982    25     1.011
1982    26     1.143
1982    27     1.258
1982    28     1.366
1982    29     1.463
1982    30     1.547
1982    31     1.624
1982    32     1.688
1982    33     1.743
1982    34     1.791
1982    35     1.827
1982    36     1.860
1982    37     1.885
1982    38     1.904
1982    39     1.920
1982    40     1.931
1982    41     1.940
1982    42     1.946
1982    43     1.951
1982    44     1.953
1982    45     1.955
1982    46     1.955
1982    47     1.956
1982    48     1.956
1982    49     1.956
1982    50     1.956
1982    51     1.956
1982    52     1.956
1982    53     1.956
1982    54     1.956
1982    55     1.956
1983    12     0.000
1983    13     0.000
1983    14     0.000
1983    15     0.000
1983    16     0.002
1983    17     0.010
1983    18     0.035
1983    19     0.097
1983    20     0.214
1983    21     0.375
1983    22     0.550
1983    23     0.730
1983    24     0.898
1983    25     1.052
1983    26     1.194
1983    27     1.324
1983    28     1.439
1983    29     1.546
1983    30     1.640
1983    31     1.723
1983    32     1.796
1983    33     1.857
1983    34     1.908
1983    35     1.953
1983    36     1.985
1983    37     2.014
1983    38     2.035
1983    39     2.051
1983    40     2.063
1983    41     2.072
1983    42     2.078
1983    43     2.082
1983    44     2.085
1983    45     2.086
1983    46     2.087
1983    47     2.087
1983    48     2.088
1983    49     2.088
1983    50     2.088
1983    51     2.088
1983    52     2.088
1983    53     2.088
1983    54     2.088
1983    55     2.088
1984    12     0.000
1984    13     0.000
1984    14     0.000
1984    15     0.000
1984    16     0.002
1984    17     0.010
1984    18     0.037
1984    19     0.103
1984    20     0.225
1984    21     0.388
1984    22     0.565
1984    23     0.741
1984    24     0.906
1984    25     1.059
1984    26     1.196
1984    27     1.321
1984    28     1.433
1984    29     1.530
1984    30     1.621
1984    31     1.700
1984    32     1.767
1984    33     1.827
1984    34     1.877
1984    35     1.918
1984    36     1.954
1984    37     1.979
1984    38     2.001
1984    39     2.016
1984    40     2.027
1984    41     2.036
1984    42     2.042
1984    43     2.046
1984    44     2.048
1984    45     2.050
1984    46     2.050
1984    47     2.051
1984    48     2.051
1984    49     2.051
1984    50     2.051
1984    51     2.051
1984    52     2.051
1984    53     2.051
1984    54     2.051
1984    55     2.051
1985    12     0.000
1985    13     0.000
1985    14     0.000
1985    15     0.000
1985    16     0.002
1985    17     0.010
1985    18     0.039
1985    19     0.106
1985    20     0.230
1985    21     0.394
1985    22     0.571
1985    23     0.745
1985    24     0.907
1985    25     1.059
1985    26     1.198
1985    27     1.322
1985    28     1.434
1985    29     1.534
1985    30     1.621
1985    31     1.700
1985    32     1.767
1985    33     1.825
1985    34     1.875
1985    35     1.917
1985    36     1.951
1985    37     1.980
1985    38     1.999
1985    39     2.016
1985    40     2.028
1985    41     2.036
1985    42     2.042
1985    43     2.046
1985    44     2.048
1985    45     2.049
1985    46     2.050
1985    47     2.050
1985    48     2.051
1985    49     2.051
1985    50     2.051
1985    51     2.051
1985    52     2.051
1985    53     2.051
1985    54     2.051
1985    55     2.051
1986    12     0.000
1986    13     0.000
1986    14     0.000
1986    15     0.000
1986    16     0.002
1986    17     0.011
1986    18     0.040
1986    19     0.109
1986    20     0.236
1986    21     0.404
1986    22     0.585
1986    23     0.765
1986    24     0.933
1986    25     1.088
1986    26     1.235
1986    27     1.368
1986    28     1.489
1986    29     1.597
1986    30     1.694
1986    31     1.778
1986    32     1.853
1986    33     1.918
1986    34     1.973
1986    35     2.022
1986    36     2.062
1986    37     2.094
1986    38     2.120
1986    39     2.137
1986    40     2.152
1986    41     2.161
1986    42     2.167
1986    43     2.172
1986    44     2.174
1986    45     2.176
1986    46     2.176
1986    47     2.177
1986    48     2.177
1986    49     2.177
1986    50     2.177
1986    51     2.177
1986    52     2.177
1986    53     2.177
1986    54     2.177
1986    55     2.177
1987    12     0.000
1987    13     0.000
1987    14     0.000
1987    15     0.000
1987    16     0.002
1987    17     0.011
1987    18     0.043
1987    19     0.118
1987    20     0.250
1987    21     0.423
1987    22     0.609
1987    23     0.791
1987    24     0.961
1987    25     1.118
1987    26     1.263
1987    27     1.398
1987    28     1.521
1987    29     1.631
1987    30     1.730
1987    31     1.817
1987    32     1.892
1987    33     1.959
1987    34     2.017
1987    35     2.066
1987    36     2.107
1987    37     2.142
1987    38     2.168
1987    39     2.188
1987    40     2.202
1987    41     2.213
1987    42     2.219
1987    43     2.224
1987    44     2.227
1987    45     2.228
1987    46     2.229
1987    47     2.229
1987    48     2.229
1987    49     2.229
1987    50     2.229
1987    51     2.229
1987    52     2.229
1987    53     2.229
1987    54     2.229
1987    55     2.229
1988    12     0.000
1988    13     0.000
1988    14     0.000
1988    15     0.000
1988    16     0.001
1988    17     0.011
1988    18     0.042
1988    19     0.118
1988    20     0.256
1988    21     0.430
1988    22     0.615
1988    23     0.795
1988    24     0.960
1988    25     1.110
1988    26     1.248
1988    27     1.374
1988    28     1.488
1988    29     1.591
1988    30     1.683
1988    31     1.763
1988    32     1.833
1988    33     1.892
1988    34     1.945
1988    35     1.990
1988    36     2.028
1988    37     2.059
1988    38     2.083
1988    39     2.102
1988    40     2.116
1988    41     2.125
1988    42     2.132
1988    43     2.136
1988    44     2.139
1988    45     2.140
1988    46     2.141
1988    47     2.141
1988    48     2.141
1988    49     2.142
1988    50     2.142
1988    51     2.142
1988    52     2.142
1988    53     2.142
1988    54     2.142
1988    55     2.142
1989    12     0.000
1989    13     0.000
1989    14     0.000
1989    15     0.000
1989    16     0.002
1989    17     0.012
1989    18     0.046
1989    19     0.128
1989    20     0.268
1989    21     0.443
1989    22     0.624
1989    23     0.795
1989    24     0.952
1989    25     1.093
1989    26     1.221
1989    27     1.336
1989    28     1.440
1989    29     1.532
1989    30     1.614
1989    31     1.686
1989    32     1.748
1989    33     1.802
1989    34     1.846
1989    35     1.886
1989    36     1.919
1989    37     1.945
1989    38     1.967
1989    39     1.983
1989    40     1.995
1989    41     2.004
1989    42     2.009
1989    43     2.013
1989    44     2.016
1989    45     2.017
1989    46     2.018
1989    47     2.018
1989    48     2.018
1989    49     2.018
1989    50     2.018
1989    51     2.018
1989    52     2.018
1989    53     2.018
1989    54     2.018
1989    55     2.018
1990    12     0.000
1990    13     0.000
1990    14     0.000
1990    15     0.000
1990    16     0.002
1990    17     0.015
1990    18     0.054
1990    19     0.138
1990    20     0.281
1990    21     0.453
1990    22     0.628
1990    23     0.790
1990    24     0.935
1990    25     1.066
1990    26     1.183
1990    27     1.288
1990    28     1.383
1990    29     1.466
1990    30     1.539
1990    31     1.604
1990    32     1.659
1990    33     1.706
1990    34     1.746
1990    35     1.778
1990    36     1.807
1990    37     1.831
1990    38     1.849
1990    39     1.864
1990    40     1.874
1990    41     1.882
1990    42     1.887
1990    43     1.890
1990    44     1.892
1990    45     1.893
1990    46     1.894
1990    47     1.894
1990    48     1.894
1990    49     1.894
1990    50     1.894
1990    51     1.894
1990    52     1.894
1990    53     1.894
1990    54     1.894
1990    55     1.894
1991    12     0.000
1991    13     0.000
1991    14     0.000
1991    15     0.000
1991    16     0.003
1991    17     0.016
1991    18     0.056
1991    19     0.139
1991    20     0.275
1991    21     0.438
1991    22     0.602
1991    23     0.753
1991    24     0.887
1991    25     1.005
1991    26     1.112
1991    27     1.206
1991    28     1.289
1991    29     1.363
1991    30     1.426
1991    31     1.482
1991    32     1.530
1991    33     1.570
1991    34     1.605
1991    35     1.634
1991    36     1.657
1991    37     1.677
1991    38     1.693
1991    39     1.705
1991    40     1.715
1991    41     1.722
1991    42     1.727
1991    43     1.730
1991    44     1.731
1991    45     1.733
1991    46     1.733
1991    47     1.733
1991    48     1.733
1991    49     1.733
1991    50     1.733
1991    51     1.733
1991    52     1.733
1991    53     1.733
1991    54     1.733
1991    55     1.733
1992    12     0.000
1992    13     0.000
1992    14     0.000
1992    15     0.000
1992    16     0.003
1992    17     0.015
1992    18     0.053
1992    19     0.134
1992    20     0.258
1992    21     0.406
1992    22     0.557
1992    23     0.693
1992    24     0.814
1992    25     0.921
1992    26     1.015
1992    27     1.098
1992    28     1.171
1992    29     1.234
1992    30     1.289
1992    31     1.336
1992    32     1.376
1992    33     1.410
1992    34     1.439
1992    35     1.463
1992    36     1.484
1992    37     1.500
1992    38     1.514
1992    39     1.524
1992    40     1.532
1992    41     1.538
1992    42     1.543
1992    43     1.545
1992    44     1.547
1992    45     1.548
1992    46     1.548
1992    47     1.548
1992    48     1.548
1992    49     1.548
1992    50     1.548
1992    51     1.548
1992    52     1.548
1992    53     1.548
1992    54     1.549
1992    55     1.549
1993    12     0.000
1993    13     0.000
1993    14     0.000
1993    15     0.000
1993    16     0.003
1993    17     0.015
1993    18     0.050
1993    19     0.125
1993    20     0.241
1993    21     0.376
1993    22     0.509
1993    23     0.631
1993    24     0.738
1993    25     0.834
1993    26     0.917
1993    27     0.990
1993    28     1.054
1993    29     1.110
1993    30     1.157
1993    31     1.198
1993    32     1.232
1993    33     1.260
1993    34     1.283
1993    35     1.303
1993    36     1.319
1993    37     1.333
1993    38     1.343
1993    39     1.351
1993    40     1.358
1993    41     1.362
1993    42     1.366
1993    43     1.368
1993    44     1.369
1993    45     1.370
1993    46     1.370
1993    47     1.370
1993    48     1.370
1993    49     1.370
1993    50     1.370
1993    51     1.370
1993    52     1.370
1993    53     1.370
1993    54     1.370
1993    55     1.370
1994    12     0.000
1994    13     0.000
1994    14     0.000
1994    15     0.000
1994    16     0.003
1994    17     0.017
1994    18     0.054
1994    19     0.132
1994    20     0.249
1994    21     0.385
1994    22     0.517
1994    23     0.638
1994    24     0.747
1994    25     0.843
1994    26     0.930
1994    27     1.006
1994    28     1.073
1994    29     1.132
1994    30     1.181
1994    31     1.223
1994    32     1.258
1994    33     1.287
1994    34     1.311
1994    35     1.331
1994    36     1.347
1994    37     1.360
1994    38     1.370
1994    39     1.378
1994    40     1.383
1994    41     1.388
1994    42     1.391
1994    43     1.393
1994    44     1.394
1994    45     1.395
1994    46     1.395
1994    47     1.395
1994    48     1.395
1994    49     1.395
1994    50     1.395
1994    51     1.395
1994    52     1.395
1994    53     1.395
1994    54     1.395
1994    55     1.395
1995    12     0.000
1995    13     0.000
1995    14     0.000
1995    15     0.000
1995    16     0.003
1995    17     0.015
1995    18     0.050
1995    19     0.120
1995    20     0.226
1995    21     0.352
1995    22     0.478
1995    23     0.591
1995    24     0.694
1995    25     0.788
1995    26     0.873
1995    27     0.948
1995    28     1.014
1995    29     1.072
1995    30     1.122
1995    31     1.165
1995    32     1.201
1995    33     1.230
1995    34     1.254
1995    35     1.274
1995    36     1.290
1995    37     1.303
1995    38     1.313
1995    39     1.321
1995    40     1.327
1995    41     1.331
1995    42     1.334
1995    43     1.336
1995    44     1.337
1995    45     1.337
1995    46     1.338
1995    47     1.338
1995    48     1.338
1995    49     1.338
1995    50     1.338
1995    51     1.338
1995    52     1.338
1995    53     1.338
1995    54     1.338
1995    55     1.338
1996    12     0.000
1996    13     0.000
1996    14     0.000
1996    15     0.000
1996    16     0.002
1996    17     0.013
1996    18     0.043
1996    19     0.104
1996    20     0.197
1996    21     0.311
1996    22     0.427
1996    23     0.536
1996    24     0.634
1996    25     0.724
1996    26     0.806
1996    27     0.879
1996    28     0.944
1996    29     1.002
1996    30     1.051
1996    31     1.095
1996    32     1.131
1996    33     1.161
1996    34     1.186
1996    35     1.206
1996    36     1.222
1996    37     1.235
1996    38     1.246
1996    39     1.254
1996    40     1.259
1996    41     1.264
1996    42     1.267
1996    43     1.269
1996    44     1.270
1996    45     1.270
1996    46     1.271
1996    47     1.271
1996    48     1.271
1996    49     1.271
1996    50     1.271
1996    51     1.271
1996    52     1.271
1996    53     1.271
1996    54     1.271
1996    55     1.271
1997    12     0.000
1997    13     0.000
1997    14     0.000
1997    15     0.000
1997    16     0.003
1997    17     0.014
1997    18     0.042
1997    19     0.098
1997    20     0.182
1997    21     0.284
1997    22     0.390
1997    23     0.492
1997    24     0.586
1997    25     0.672
1997    26     0.751
1997    27     0.822
1997    28     0.887
1997    29     0.944
1997    30     0.995
1997    31     1.039
1997    32     1.076
1997    33     1.107
1997    34     1.133
1997    35     1.154
1997    36     1.171
1997    37     1.184
1997    38     1.194
1997    39     1.202
1997    40     1.208
1997    41     1.212
1997    42     1.215
1997    43     1.217
1997    44     1.218
1997    45     1.218
1997    46     1.219
1997    47     1.219
1997    48     1.219
1997    49     1.219
1997    50     1.219
1997    51     1.219
1997    52     1.219
1997    53     1.219
1997    54     1.219
1997    55     1.219
1998    12     0.000
1998    13     0.000
1998    14     0.000
1998    15     0.000
1998    16     0.003
1998    17     0.013
1998    18     0.039
1998    19     0.091
1998    20     0.173
1998    21     0.273
1998    22     0.377
1998    23     0.478
1998    24     0.574
1998    25     0.663
1998    26     0.743
1998    27     0.816
1998    28     0.882
1998    29     0.941
1998    30     0.994
1998    31     1.041
1998    32     1.081
1998    33     1.113
1998    34     1.140
1998    35     1.163
1998    36     1.181
1998    37     1.195
1998    38     1.206
1998    39     1.214
1998    40     1.221
1998    41     1.225
1998    42     1.228
1998    43     1.230
1998    44     1.231
1998    45     1.232
1998    46     1.232
1998    47     1.232
1998    48     1.232
1998    49     1.232
1998    50     1.232
1998    51     1.232
1998    52     1.232
1998    53     1.232
1998    54     1.232
1998    55     1.232
1999    12     0.000
1999    13     0.000
1999    14     0.000
1999    15     0.000
1999    16     0.002
1999    17     0.011
1999    18     0.033
1999    19     0.078
1999    20     0.149
1999    21     0.240
1999    22     0.337
1999    23     0.432
1999    24     0.523
1999    25     0.608
1999    26     0.686
1999    27     0.756
1999    28     0.819
1999    29     0.876
1999    30     0.926
1999    31     0.971
1999    32     1.009
1999    33     1.041
1999    34     1.067
1999    35     1.089
1999    36     1.107
1999    37     1.121
1999    38     1.132
1999    39     1.140
1999    40     1.146
1999    41     1.150
1999    42     1.153
1999    43     1.155
1999    44     1.156
1999    45     1.157
1999    46     1.157
1999    47     1.157
1999    48     1.157
1999    49     1.157
1999    50     1.157
1999    51     1.157
1999    52     1.157
1999    53     1.157
1999    54     1.157
1999    55     1.157
2000    12     0.000
2000    13     0.000
2000    14     0.000
2000    15     0.000
2000    16     0.002
2000    17     0.010
2000    18     0.030
2000    19     0.073
2000    20     0.141
2000    21     0.230
2000    22     0.328
2000    23     0.426
2000    24     0.521
2000    25     0.609
2000    26     0.691
2000    27     0.765
2000    28     0.831
2000    29     0.891
2000    30     0.945
2000    31     0.994
2000    32     1.035
2000    33     1.070
2000    34     1.098
2000    35     1.122
2000    36     1.141
2000    37     1.156
2000    38     1.168
2000    39     1.177
2000    40     1.183
2000    41     1.188
2000    42     1.191
2000    43     1.193
2000    44     1.195
2000    45     1.195
2000    46     1.195
2000    47     1.196
2000    48     1.196
2000    49     1.196
2000    50     1.196
2000    51     1.196
2000    52     1.196
2000    53     1.196
2000    54     1.196
2000    55     1.196
2001    12     0.000
2001    13     0.000
2001    14     0.000
2001    15     0.000
2001    16     0.002
2001    17     0.010
2001    18     0.030
2001    19     0.071
2001    20     0.138
2001    21     0.225
2001    22     0.321
2001    23     0.419
2001    24     0.514
2001    25     0.604
2001    26     0.689
2001    27     0.766
2001    28     0.836
2001    29     0.898
2001    30     0.954
2001    31     1.006
2001    32     1.050
2001    33     1.087
2001    34     1.118
2001    35     1.144
2001    36     1.165
2001    37     1.182
2001    38     1.195
2001    39     1.204
2001    40     1.211
2001    41     1.216
2001    42     1.219
2001    43     1.221
2001    44     1.222
2001    45     1.223
2001    46     1.223
2001    47     1.223
2001    48     1.224
2001    49     1.224
2001    50     1.224
2001    51     1.224
2001    52     1.224
2001    53     1.224
2001    54     1.224
2001    55     1.224
2002    12     0.000
2002    13     0.000
2002    14     0.000
2002    15     0.000
2002    16     0.002
2002    17     0.010
2002    18     0.030
2002    19     0.071
2002    20     0.137
2002    21     0.223
2002    22     0.320
2002    23     0.419
2002    24     0.520
2002    25     0.616
2002    26     0.705
2002    27     0.787
2002    28     0.863
2002    29     0.931
2002    30     0.991
2002    31     1.045
2002    32     1.093
2002    33     1.134
2002    34     1.169
2002    35     1.198
2002    36     1.222
2002    37     1.241
2002    38     1.255
2002    39     1.266
2002    40     1.274
2002    41     1.279
2002    42     1.283
2002    43     1.285
2002    44     1.286
2002    45     1.287
2002    46     1.287
2002    47     1.287
2002    48     1.287
2002    49     1.287
2002    50     1.287
2002    51     1.287
2002    52     1.287
2002    53     1.287
2002    54     1.287
2002    55     1.287
2003    12     0.000
2003    13     0.000
2003    14     0.000
2003    15     0.000
2003    16     0.003
2003    17     0.011
2003    18     0.032
2003    19     0.073
2003    20     0.139
2003    21     0.224
2003    22     0.321
2003    23     0.421
2003    24     0.521
2003    25     0.621
2003    26     0.714
2003    27     0.801
2003    28     0.879
2003    29     0.951
2003    30     1.015
2003    31     1.073
2003    32     1.124
2003    33     1.168
2003    34     1.205
2003    35     1.237
2003    36     1.263
2003    37     1.284
2003    38     1.299
2003    39     1.311
2003    40     1.319
2003    41     1.325
2003    42     1.329
2003    43     1.331
2003    44     1.333
2003    45     1.333
2003    46     1.334
2003    47     1.334
2003    48     1.334
2003    49     1.334
2003    50     1.334
2003    51     1.334
2003    52     1.334
2003    53     1.334
2003    54     1.334
2003    55     1.334
2004    12     0.000
2004    13     0.000
2004    14     0.000
2004    15     0.000
2004    16     0.003
2004    17     0.011
2004    18     0.033
2004    19     0.074
2004    20     0.139
2004    21     0.222
2004    22     0.315
2004    23     0.414
2004    24     0.513
2004    25     0.611
2004    26     0.705
2004    27     0.793
2004    28     0.873
2004    29     0.946
2004    30     1.011
2004    31     1.071
2004    32     1.123
2004    33     1.168
2004    34     1.207
2004    35     1.239
2004    36     1.267
2004    37     1.289
2004    38     1.307
2004    39     1.319
2004    40     1.328
2004    41     1.335
2004    42     1.339
2004    43     1.342
2004    44     1.343
2004    45     1.344
2004    46     1.344
2004    47     1.344
2004    48     1.344
2004    49     1.344
2004    50     1.345
2004    51     1.345
2004    52     1.345
2004    53     1.345
2004    54     1.345
2004    55     1.345
2005    12     0.000
2005    13     0.000
2005    14     0.000
2005    15     0.000
2005    16     0.003
2005    17     0.011
2005    18     0.032
2005    19     0.071
2005    20     0.132
2005    21     0.208
2005    22     0.296
2005    23     0.387
2005    24     0.482
2005    25     0.574
2005    26     0.663
2005    27     0.748
2005    28     0.827
2005    29     0.899
2005    30     0.963
2005    31     1.021
2005    32     1.073
2005    33     1.117
2005    34     1.156
2005    35     1.189
2005    36     1.215
2005    37     1.238
2005    38     1.255
2005    39     1.268
2005    40     1.278
2005    41     1.284
2005    42     1.289
2005    43     1.291
2005    44     1.293
2005    45     1.294
2005    46     1.294
2005    47     1.294
2005    48     1.294
2005    49     1.294
2005    50     1.294
2005    51     1.294
2005    52     1.294
2005    53     1.294
2005    54     1.294
2005    55     1.294
2006    12     0.000
2006    13     0.000
2006    14     0.000
2006    15     0.000
2006    16     0.003
2006    17     0.011
2006    18     0.031
2006    19     0.071
2006    20     0.132
2006    21     0.208
2006    22     0.293
2006    23     0.384
2006    24     0.478
2006    25     0.572
2006    26     0.661
2006    27     0.745
2006    28     0.824
2006    29     0.897
2006    30     0.963
2006    31     1.023
2006    32     1.075
2006    33     1.122
2006    34     1.161
2006    35     1.195
2006    36     1.223
2006    37     1.246
2006    38     1.264
2006    39     1.277
2006    40     1.287
2006    41     1.294
2006    42     1.299
2006    43     1.302
2006    44     1.303
2006    45     1.304
2006    46     1.304
2006    47     1.305
2006    48     1.305
2006    49     1.305
2006    50     1.305
2006    51     1.305
2006    52     1.305
2006    53     1.305
2006    54     1.305
2006    55     1.305
2007    12     0.000
2007    13     0.000
2007    14     0.000
2007    15     0.000
2007    16     0.003
2007    17     0.011
2007    18     0.031
2007    19     0.070
2007    20     0.131
2007    21     0.208
2007    22     0.293
2007    23     0.383
2007    24     0.479
2007    25     0.578
2007    26     0.677
2007    27     0.769
2007    28     0.854
2007    29     0.936
2007    30     1.012
2007    31     1.082
2007    32     1.143
2007    33     1.196
2007    34     1.243
2007    35     1.282
2007    36     1.316
2007    37     1.344
2007    38     1.365
2007    39     1.382
2007    40     1.394
2007    41     1.403
2007    42     1.409
2007    43     1.412
2007    44     1.414
2007    45     1.415
2007    46     1.415
2007    47     1.415
2007    48     1.416
2007    49     1.416
2007    50     1.416
2007    51     1.416
2007    52     1.416
2007    53     1.416
2007    54     1.416
2007    55     1.416
2008    12     0.000
2008    13     0.000
2008    14     0.000
2008    15     0.001
2008    16     0.003
2008    17     0.012
2008    18     0.033
2008    19     0.072
2008    20     0.133
2008    21     0.211
2008    22     0.298
2008    23     0.390
2008    24     0.486
2008    25     0.589
2008    26     0.691
2008    27     0.791
2008    28     0.882
2008    29     0.968
2008    30     1.049
2008    31     1.125
2008    32     1.194
2008    33     1.253
2008    34     1.304
2008    35     1.349
2008    36     1.387
2008    37     1.419
2008    38     1.444
2008    39     1.463
2008    40     1.477
2008    41     1.487
2008    42     1.494
2008    43     1.498
2008    44     1.500
2008    45     1.501
2008    46     1.501
2008    47     1.502
2008    48     1.502
2008    49     1.502
2008    50     1.502
2008    51     1.502
2008    52     1.502
2008    53     1.502
2008    54     1.502
2008    55     1.502
2009    12     0.000
2009    13     0.000
2009    14     0.000
2009    15     0.001
2009    16     0.003
2009    17     0.012
2009    18     0.033
2009    19     0.071
2009    20     0.128
2009    21     0.202
2009    22     0.287
2009    23     0.379
2009    24     0.478
2009    25     0.579
2009    26     0.685
2009    27     0.788
2009    28     0.886
2009    29     0.975
2009    30     1.058
2009    31     1.138
2009    32     1.209
2009    33     1.273
2009    34     1.329
2009    35     1.376
2009    36     1.417
2009    37     1.451
2009    38     1.478
2009    39     1.498
2009    40     1.513
2009    41     1.524
2009    42     1.532
2009    43     1.536
2009    44     1.539
2009    45     1.540
2009    46     1.541
2009    47     1.541
2009    48     1.541
2009    49     1.541
2009    50     1.541
2009    51     1.541
2009    52     1.541
2009    53     1.541
2009    54     1.541
2009    55     1.541
2010    12     0.000
2010    13     0.000
2010    14     0.000
2010    15     0.000
2010    16     0.003
2010    17     0.011
2010    18     0.030
2010    19     0.067
2010    20     0.122
2010    21     0.190
2010    22     0.269
2010    23     0.358
2010    24     0.455
2010    25     0.557
2010    26     0.660
2010    27     0.766
2010    28     0.868
2010    29     0.964
2010    30     1.052
2010    31     1.133
2010    32     1.209
2010    33     1.277
2010    34     1.336
2010    35     1.387
2010    36     1.431
2010    37     1.468
2010    38     1.497
2010    39     1.520
2010    40     1.536
2010    41     1.548
2010    42     1.556
2010    43     1.561
2010    44     1.564
2010    45     1.566
2010    46     1.566
2010    47     1.567
2010    48     1.567
2010    49     1.567
2010    50     1.567
2010    51     1.567
2010    52     1.567
2010    53     1.567
2010    54     1.567
2010    55     1.567
2011    12     0.000
2011    13     0.000
2011    14     0.000
2011    15     0.001
2011    16     0.003
2011    17     0.012
2011    18     0.032
2011    19     0.070
2011    20     0.127
2011    21     0.196
2011    22     0.274
2011    23     0.361
2011    24     0.458
2011    25     0.562
2011    26     0.666
2011    27     0.770
2011    28     0.872
2011    29     0.968
2011    30     1.059
2011    31     1.141
2011    32     1.215
2011    33     1.283
2011    34     1.344
2011    35     1.397
2011    36     1.442
2011    37     1.480
2011    38     1.510
2011    39     1.533
2011    40     1.551
2011    41     1.563
2011    42     1.571
2011    43     1.577
2011    44     1.580
2011    45     1.581
2011    46     1.582
2011    47     1.582
2011    48     1.583
2011    49     1.583
2011    50     1.583
2011    51     1.583
2011    52     1.583
2011    53     1.583
2011    54     1.583
2011    55     1.583
2012    12     0.000
2012    13     0.000
2012    14     0.000
2012    15     0.001
2012    16     0.003
2012    17     0.012
2012    18     0.033
2012    19     0.072
2012    20     0.133
2012    21     0.207
2012    22     0.288
2012    23     0.376
2012    24     0.476
2012    25     0.586
2012    26     0.699
2012    27     0.809
2012    28     0.915
2012    29     1.019
2012    30     1.116
2012    31     1.207
2012    32     1.288
2012    33     1.360
2012    34     1.426
2012    35     1.485
2012    36     1.536
2012    37     1.577
2012    38     1.611
2012    39     1.637
2012    40     1.657
2012    41     1.671
2012    42     1.680
2012    43     1.685
2012    44     1.689
2012    45     1.690
2012    46     1.691
2012    47     1.692
2012    48     1.692
2012    49     1.692
2012    50     1.692
2012    51     1.692
2012    52     1.692
2012    53     1.692
2012    54     1.692
2012    55     1.692
2013    12     0.000
2013    13     0.000
2013    14     0.000
2013    15     0.001
2013    16     0.003
2013    17     0.012
2013    18     0.032
2013    19     0.071
2013    20     0.130
2013    21     0.203
2013    22     0.286
2013    23     0.374
2013    24     0.470
2013    25     0.576
2013    26     0.689
2013    27     0.802
2013    28     0.911
2013    29     1.013
2013    30     1.113
2013    31     1.205
2013    32     1.290
2013    33     1.364
2013    34     1.429
2013    35     1.490
2013    36     1.542
2013    37     1.587
2013    38     1.623
2013    39     1.650
2013    40     1.671
2013    41     1.686
2013    42     1.696
2013    43     1.702
2013    44     1.705
2013    45     1.707
2013    46     1.708
2013    47     1.708
2013    48     1.708
2013    49     1.709
2013    50     1.709
2013    51     1.709
2013    52     1.709
2013    53     1.709
2013    54     1.709
2013    55     1.709
2014    12     0.000
2014    13     0.000
2014    14     0.000
2014    15     0.001
2014    16     0.003
2014    17     0.012
2014    18     0.033
2014    19     0.071
2014    20     0.129
2014    21     0.202
2014    22     0.283
2014    23     0.373
2014    24     0.468
2014    25     0.572
2014    26     0.685
2014    27     0.801
2014    28     0.915
2014    29     1.021
2014    30     1.122
2014    31     1.218
2014    32     1.307
2014    33     1.387
2014    34     1.456
2014    35     1.517
2014    36     1.573
2014    37     1.620
2014    38     1.658
2014    39     1.688
2014    40     1.710
2014    41     1.726
2014    42     1.737
2014    43     1.744
2014    44     1.748
2014    45     1.750
2014    46     1.751
2014    47     1.751
2014    48     1.751
2014    49     1.752
2014    50     1.752
2014    51     1.752
2014    52     1.752
2014    53     1.752
2014    54     1.752
2014    55     1.752
2015    12     0.000
2015    13     0.000
2015    14     0.000
2015    15     0.000
2015    16     0.002
2015    17     0.010
2015    18     0.028
2015    19     0.063
2015    20     0.118
2015    21     0.188
2015    22     0.269
2015    23     0.357
2015    24     0.455
2015    25     0.560
2015    26     0.670
2015    27     0.787
2015    28     0.904
2015    29     1.017
2015    30     1.122
2015    31     1.221
2015    32     1.314
2015    33     1.397
2015    34     1.472
2015    35     1.535
2015    36     1.591
2015    37     1.639
2015    38     1.679
2015    39     1.710
2015    40     1.733
2015    41     1.750
2015    42     1.761
2015    43     1.768
2015    44     1.772
2015    45     1.774
2015    46     1.775
2015    47     1.776
2015    48     1.776
2015    49     1.776
2015    50     1.776
2015    51     1.776
2015    52     1.776
2015    53     1.776
2015    54     1.776
2015    55     1.776
2016    12     0.000
2016    13     0.000
2016    14     0.000
2016    15     0.000
2016    16     0.002
2016    17     0.008
2016    18     0.024
2016    19     0.056
2016    20     0.107
2016    21     0.173
2016    22     0.251
2016    23     0.338
2016    24     0.433
2016    25     0.537
2016    26     0.646
2016    27     0.757
2016    28     0.871
2016    29     0.984
2016    30     1.092
2016    31     1.193
2016    32     1.285
2016    33     1.371
2016    34     1.446
2016    35     1.514
2016    36     1.571
2016    37     1.619
2016    38     1.660
2016    39     1.692
2016    40     1.717
2016    41     1.734
2016    42     1.746
2016    43     1.753
2016    44     1.758
2016    45     1.760
2016    46     1.761
2016    47     1.762
2016    48     1.762
2016    49     1.762
2016    50     1.762
2016    51     1.762
2016    52     1.762
2016    53     1.762
2016    54     1.762
2016    55     1.762
2017    12     0.000
2017    13     0.000
2017    14     0.000
2017    15     0.000
2017    16     0.002
2017    17     0.006
2017    18     0.019
2017    19     0.047
2017    20     0.093
2017    21     0.154
2017    22     0.225
2017    23     0.307
2017    24     0.399
2017    25     0.496
2017    26     0.598
2017    27     0.699
2017    28     0.799
2017    29     0.898
2017    30     0.996
2017    31     1.088
2017    32     1.172
2017    33     1.248
2017    34     1.318
2017    35     1.381
2017    36     1.436
2017    37     1.483
2017    38     1.521
2017    39     1.552
2017    40     1.576
2017    41     1.594
2017    42     1.605
2017    43     1.612
2017    44     1.617
2017    45     1.619
2017    46     1.620
2017    47     1.620
2017    48     1.621
2017    49     1.621
2017    50     1.621
2017    51     1.621
2017    52     1.621
2017    53     1.621
2017    54     1.621
2017    55     1.621
2018    12     0.000
2018    13     0.000
2018    14     0.000
2018    15     0.000
2018    16     0.002
2018    17     0.006
2018    18     0.017
2018    19     0.041
2018    20     0.083
2018    21     0.140
2018    22     0.210
2018    23     0.287
2018    24     0.376
2018    25     0.471
2018    26     0.571
2018    27     0.671
2018    28     0.768
2018    29     0.862
2018    30     0.956
2018    31     1.046
2018    32     1.130
2018    33     1.205
2018    34     1.273
2018    35     1.336
2018    36     1.391
2018    37     1.439
2018    38     1.477
2018    39     1.508
2018    40     1.532
2018    41     1.550
2018    42     1.562
2018    43     1.570
2018    44     1.574
2018    45     1.577
2018    46     1.578
2018    47     1.579
2018    48     1.579
2018    49     1.579
2018    50     1.579
2018    51     1.579
2018    52     1.579
2018    53     1.579
2018    54     1.579
2018    55     1.579
