Russian Federation, Cumulative period fertility rates (vertical parallelograms)
Last modified: 22/10/2020
Year  ARDY  Cohort     CPFR
1959   12    1947     0.000
1959   13    1946     0.000
1959   14    1945     0.000
1959   15    1944     0.000
1959   16    1943     0.000
1959   17    1942     0.002
1959   18    1941     0.007
1959   19    1940     0.026
1959   20    1939     0.075
1959   21    1938     0.168
1959   22    1937     0.302
1959   23    1936     0.461
1959   24    1935     0.643
1959   25    1934     0.831
1959   26    1933     1.016
1959   27    1932     1.184
1959   28    1931     1.343
1959   29    1930     1.494
1959   30    1929     1.631
1959   31    1928     1.762
1959   32    1927     1.881
1959   33    1926     1.983
1959   34    1925     2.076
1959   35    1924     2.157
1959   36    1923     2.232
1959   37    1922     2.298
1959   38    1921     2.355
1959   39    1920     2.406
1959   40    1919     2.448
1959   41    1918     2.484
1959   42    1917     2.514
1959   43    1916     2.536
1959   44    1915     2.552
1959   45    1914     2.562
1959   46    1913     2.570
1959   47    1912     2.574
1959   48    1911     2.577
1959   49    1910     2.578
1959   50    1909     2.579
1959   51    1908     2.580
1959   52    1907     2.580
1959   53    1906     2.581
1959   54    1905     2.581
1959   55    1904     2.581
1960   12    1948     0.000
1960   13    1947     0.000
1960   14    1946     0.000
1960   15    1945     0.000
1960   16    1944     0.000
1960   17    1943     0.002
1960   18    1942     0.008
1960   19    1941     0.028
1960   20    1940     0.078
1960   21    1939     0.173
1960   22    1938     0.307
1960   23    1937     0.461
1960   24    1936     0.636
1960   25    1935     0.819
1960   26    1934     1.003
1960   27    1933     1.175
1960   28    1932     1.326
1960   29    1931     1.474
1960   30    1930     1.612
1960   31    1929     1.744
1960   32    1928     1.860
1960   33    1927     1.962
1960   34    1926     2.058
1960   35    1925     2.139
1960   36    1924     2.213
1960   37    1923     2.279
1960   38    1922     2.335
1960   39    1921     2.385
1960   40    1920     2.427
1960   41    1919     2.462
1960   42    1918     2.488
1960   43    1917     2.509
1960   44    1916     2.526
1960   45    1915     2.535
1960   46    1914     2.542
1960   47    1913     2.546
1960   48    1912     2.548
1960   49    1911     2.550
1960   50    1910     2.551
1960   51    1909     2.551
1960   52    1908     2.552
1960   53    1907     2.552
1960   54    1906     2.552
1960   55    1905     2.553
1961   12    1949     0.000
1961   13    1948     0.000
1961   14    1947     0.000
1961   15    1946     0.000
1961   16    1945     0.000
1961   17    1944     0.002
1961   18    1943     0.010
1961   19    1942     0.037
1961   20    1941     0.096
1961   21    1940     0.201
1961   22    1939     0.348
1961   23    1938     0.510
1961   24    1937     0.680
1961   25    1936     0.853
1961   26    1935     1.025
1961   27    1934     1.190
1961   28    1933     1.342
1961   29    1932     1.477
1961   30    1931     1.600
1961   31    1930     1.722
1961   32    1929     1.837
1961   33    1928     1.932
1961   34    1927     2.016
1961   35    1926     2.090
1961   36    1925     2.156
1961   37    1924     2.216
1961   38    1923     2.267
1961   39    1922     2.309
1961   40    1921     2.344
1961   41    1920     2.375
1961   42    1919     2.400
1961   43    1918     2.417
1961   44    1917     2.431
1961   45    1916     2.440
1961   46    1915     2.446
1961   47    1914     2.449
1961   48    1913     2.451
1961   49    1912     2.452
1961   50    1911     2.453
1961   51    1910     2.453
1961   52    1909     2.454
1961   53    1908     2.454
1961   54    1907     2.454
1961   55    1906     2.454
1962   12    1950     0.000
1962   13    1949     0.000
1962   14    1948     0.000
1962   15    1947     0.000
1962   16    1946     0.000
1962   17    1945     0.002
1962   18    1944     0.010
1962   19    1943     0.038
1962   20    1942     0.097
1962   21    1941     0.194
1962   22    1940     0.331
1962   23    1939     0.486
1962   24    1938     0.650
1962   25    1937     0.815
1962   26    1936     0.978
1962   27    1935     1.134
1962   28    1934     1.281
1962   29    1933     1.414
1962   30    1932     1.527
1962   31    1931     1.640
1962   32    1930     1.748
1962   33    1929     1.842
1962   34    1928     1.923
1962   35    1927     1.994
1962   36    1926     2.058
1962   37    1925     2.112
1962   38    1924     2.160
1962   39    1923     2.201
1962   40    1922     2.235
1962   41    1921     2.264
1962   42    1920     2.286
1962   43    1919     2.303
1962   44    1918     2.315
1962   45    1917     2.324
1962   46    1916     2.330
1962   47    1915     2.333
1962   48    1914     2.334
1962   49    1913     2.335
1962   50    1912     2.336
1962   51    1911     2.336
1962   52    1910     2.336
1962   53    1909     2.337
1962   54    1908     2.337
1962   55    1907     2.337
1963   12    1951     0.000
1963   13    1950     0.000
1963   14    1949     0.000
1963   15    1948     0.000
1963   16    1947     0.000
1963   17    1946     0.002
1963   18    1945     0.010
1963   19    1944     0.039
1963   20    1943     0.107
1963   21    1942     0.216
1963   22    1941     0.354
1963   23    1940     0.506
1963   24    1939     0.670
1963   25    1938     0.833
1963   26    1937     0.988
1963   27    1936     1.134
1963   28    1935     1.273
1963   29    1934     1.404
1963   30    1933     1.519
1963   31    1932     1.625
1963   32    1931     1.725
1963   33    1930     1.815
1963   34    1929     1.895
1963   35    1928     1.962
1963   36    1927     2.022
1963   37    1926     2.075
1963   38    1925     2.119
1963   39    1924     2.157
1963   40    1923     2.188
1963   41    1922     2.214
1963   42    1921     2.235
1963   43    1920     2.251
1963   44    1919     2.263
1963   45    1918     2.270
1963   46    1917     2.275
1963   47    1916     2.278
1963   48    1915     2.280
1963   49    1914     2.281
1963   50    1913     2.281
1963   51    1912     2.282
1963   52    1911     2.282
1963   53    1910     2.282
1963   54    1909     2.282
1963   55    1908     2.282
1964   12    1952     0.000
1964   13    1951     0.000
1964   14    1950     0.000
1964   15    1949     0.000
1964   16    1948     0.000
1964   17    1947     0.001
1964   18    1946     0.008
1964   19    1945     0.036
1964   20    1944     0.104
1964   21    1943     0.218
1964   22    1942     0.352
1964   23    1941     0.491
1964   24    1940     0.646
1964   25    1939     0.802
1964   26    1938     0.951
1964   27    1937     1.087
1964   28    1936     1.214
1964   29    1935     1.334
1964   30    1934     1.446
1964   31    1933     1.549
1964   32    1932     1.640
1964   33    1931     1.723
1964   34    1930     1.800
1964   35    1929     1.864
1964   36    1928     1.920
1964   37    1927     1.969
1964   38    1926     2.011
1964   39    1925     2.046
1964   40    1924     2.074
1964   41    1923     2.099
1964   42    1922     2.118
1964   43    1921     2.132
1964   44    1920     2.143
1964   45    1919     2.150
1964   46    1918     2.155
1964   47    1917     2.158
1964   48    1916     2.159
1964   49    1915     2.160
1964   50    1914     2.161
1964   51    1913     2.161
1964   52    1912     2.161
1964   53    1911     2.161
1964   54    1910     2.161
1964   55    1909     2.162
1965   12    1953     0.000
1965   13    1952     0.000
1965   14    1951     0.000
1965   15    1950     0.000
1965   16    1949     0.000
1965   17    1948     0.002
1965   18    1947     0.008
1965   19    1946     0.032
1965   20    1945     0.098
1965   21    1944     0.209
1965   22    1943     0.348
1965   23    1942     0.484
1965   24    1941     0.623
1965   25    1940     0.771
1965   26    1939     0.915
1965   27    1938     1.050
1965   28    1937     1.172
1965   29    1936     1.286
1965   30    1935     1.392
1965   31    1934     1.495
1965   32    1933     1.587
1965   33    1932     1.665
1965   34    1931     1.738
1965   35    1930     1.801
1965   36    1929     1.858
1965   37    1928     1.905
1965   38    1927     1.946
1965   39    1926     1.980
1965   40    1925     2.007
1965   41    1924     2.030
1965   42    1923     2.048
1965   43    1922     2.061
1965   44    1921     2.071
1965   45    1920     2.078
1965   46    1919     2.082
1965   47    1918     2.085
1965   48    1917     2.087
1965   49    1916     2.088
1965   50    1915     2.088
1965   51    1914     2.088
1965   52    1913     2.088
1965   53    1912     2.089
1965   54    1911     2.089
1965   55    1910     2.089
1966   12    1954     0.000
1966   13    1953     0.000
1966   14    1952     0.000
1966   15    1951     0.000
1966   16    1950     0.000
1966   17    1949     0.002
1966   18    1948     0.009
1966   19    1947     0.033
1966   20    1946     0.094
1966   21    1945     0.207
1966   22    1944     0.349
1966   23    1943     0.500
1966   24    1942     0.646
1966   25    1941     0.784
1966   26    1940     0.926
1966   27    1939     1.063
1966   28    1938     1.187
1966   29    1937     1.301
1966   30    1936     1.405
1966   31    1935     1.506
1966   32    1934     1.600
1966   33    1933     1.681
1966   34    1932     1.753
1966   35    1931     1.817
1966   36    1930     1.874
1966   37    1929     1.923
1966   38    1928     1.962
1966   39    1927     1.996
1966   40    1926     2.023
1966   41    1925     2.045
1966   42    1924     2.062
1966   43    1923     2.074
1966   44    1922     2.084
1966   45    1921     2.090
1966   46    1920     2.094
1966   47    1919     2.097
1966   48    1918     2.098
1966   49    1917     2.099
1966   50    1916     2.099
1966   51    1915     2.100
1966   52    1914     2.100
1966   53    1913     2.100
1966   54    1912     2.100
1966   55    1911     2.100
1967   12    1955     0.000
1967   13    1954     0.000
1967   14    1953     0.000
1967   15    1952     0.000
1967   16    1951     0.000
1967   17    1950     0.002
1967   18    1949     0.008
1967   19    1948     0.034
1967   20    1947     0.092
1967   21    1946     0.195
1967   22    1945     0.337
1967   23    1944     0.485
1967   24    1943     0.637
1967   25    1942     0.774
1967   26    1941     0.901
1967   27    1940     1.031
1967   28    1939     1.152
1967   29    1938     1.262
1967   30    1937     1.360
1967   31    1936     1.454
1967   32    1935     1.541
1967   33    1934     1.619
1967   34    1933     1.688
1967   35    1932     1.746
1967   36    1931     1.798
1967   37    1930     1.844
1967   38    1929     1.882
1967   39    1928     1.912
1967   40    1927     1.937
1967   41    1926     1.958
1967   42    1925     1.973
1967   43    1924     1.985
1967   44    1923     1.993
1967   45    1922     1.998
1967   46    1921     2.002
1967   47    1920     2.004
1967   48    1919     2.005
1967   49    1918     2.006
1967   50    1917     2.007
1967   51    1916     2.007
1967   52    1915     2.007
1967   53    1914     2.007
1967   54    1913     2.007
1967   55    1912     2.007
1968   12    1956     0.000
1968   13    1955     0.000
1968   14    1954     0.000
1968   15    1953     0.000
1968   16    1952     0.000
1968   17    1951     0.002
1968   18    1950     0.009
1968   19    1949     0.033
1968   20    1948     0.095
1968   21    1947     0.196
1968   22    1946     0.326
1968   23    1945     0.477
1968   24    1944     0.629
1968   25    1943     0.774
1968   26    1942     0.904
1968   27    1941     1.023
1968   28    1940     1.140
1968   29    1939     1.248
1968   30    1938     1.345
1968   31    1937     1.436
1968   32    1936     1.518
1968   33    1935     1.592
1968   34    1934     1.661
1968   35    1933     1.719
1968   36    1932     1.769
1968   37    1931     1.812
1968   38    1930     1.849
1968   39    1929     1.880
1968   40    1928     1.905
1968   41    1927     1.924
1968   42    1926     1.939
1968   43    1925     1.950
1968   44    1924     1.957
1968   45    1923     1.963
1968   46    1922     1.966
1968   47    1921     1.968
1968   48    1920     1.969
1968   49    1919     1.970
1968   50    1918     1.970
1968   51    1917     1.970
1968   52    1916     1.970
1968   53    1915     1.970
1968   54    1914     1.970
1968   55    1913     1.970
1969   12    1957     0.000
1969   13    1956     0.000
1969   14    1955     0.000
1969   15    1954     0.000
1969   16    1953     0.000
1969   17    1952     0.002
1969   18    1951     0.009
1969   19    1950     0.033
1969   20    1949     0.094
1969   21    1948     0.204
1969   22    1947     0.342
1969   23    1946     0.490
1969   24    1945     0.650
1969   25    1944     0.798
1969   26    1943     0.936
1969   27    1942     1.057
1969   28    1941     1.167
1969   29    1940     1.274
1969   30    1939     1.370
1969   31    1938     1.462
1969   32    1937     1.544
1969   33    1936     1.616
1969   34    1935     1.682
1969   35    1934     1.741
1969   36    1933     1.792
1969   37    1932     1.834
1969   38    1931     1.870
1969   39    1930     1.900
1969   40    1929     1.923
1969   41    1928     1.942
1969   42    1927     1.955
1969   43    1926     1.965
1969   44    1925     1.972
1969   45    1924     1.977
1969   46    1923     1.980
1969   47    1922     1.982
1969   48    1921     1.983
1969   49    1920     1.983
1969   50    1919     1.984
1969   51    1918     1.984
1969   52    1917     1.984
1969   53    1916     1.984
1969   54    1915     1.984
1969   55    1914     1.984
1970   12    1958     0.000
1970   13    1957     0.000
1970   14    1956     0.000
1970   15    1955     0.000
1970   16    1954     0.000
1970   17    1953     0.002
1970   18    1952     0.009
1970   19    1951     0.035
1970   20    1950     0.101
1970   21    1949     0.214
1970   22    1948     0.367
1970   23    1947     0.527
1970   24    1946     0.684
1970   25    1945     0.838
1970   26    1944     0.972
1970   27    1943     1.094
1970   28    1942     1.199
1970   29    1941     1.299
1970   30    1940     1.397
1970   31    1939     1.486
1970   32    1938     1.568
1970   33    1937     1.639
1970   34    1936     1.702
1970   35    1935     1.758
1970   36    1934     1.808
1970   37    1933     1.850
1970   38    1932     1.884
1970   39    1931     1.913
1970   40    1930     1.937
1970   41    1929     1.955
1970   42    1928     1.968
1970   43    1927     1.978
1970   44    1926     1.984
1970   45    1925     1.988
1970   46    1924     1.991
1970   47    1923     1.992
1970   48    1922     1.993
1970   49    1921     1.994
1970   50    1920     1.994
1970   51    1919     1.994
1970   52    1918     1.994
1970   53    1917     1.994
1970   54    1916     1.994
1970   55    1915     1.994
1971   12    1959     0.000
1971   13    1958     0.000
1971   14    1957     0.000
1971   15    1956     0.000
1971   16    1955     0.000
1971   17    1954     0.002
1971   18    1953     0.010
1971   19    1952     0.037
1971   20    1951     0.105
1971   21    1950     0.225
1971   22    1949     0.381
1971   23    1948     0.552
1971   24    1947     0.711
1971   25    1946     0.858
1971   26    1945     0.997
1971   27    1944     1.118
1971   28    1943     1.231
1971   29    1942     1.331
1971   30    1941     1.426
1971   31    1940     1.518
1971   32    1939     1.601
1971   33    1938     1.674
1971   34    1937     1.737
1971   35    1936     1.792
1971   36    1935     1.841
1971   37    1934     1.884
1971   38    1933     1.919
1971   39    1932     1.946
1971   40    1931     1.969
1971   41    1930     1.987
1971   42    1929     2.000
1971   43    1928     2.009
1971   44    1927     2.015
1971   45    1926     2.019
1971   46    1925     2.021
1971   47    1924     2.022
1971   48    1923     2.023
1971   49    1922     2.023
1971   50    1921     2.024
1971   51    1920     2.024
1971   52    1919     2.024
1971   53    1918     2.024
1971   54    1917     2.024
1971   55    1916     2.024
1972   12    1960     0.000
1972   13    1959     0.000
1972   14    1958     0.000
1972   15    1957     0.000
1972   16    1956     0.000
1972   17    1955     0.002
1972   18    1954     0.011
1972   19    1953     0.039
1972   20    1952     0.108
1972   21    1951     0.229
1972   22    1950     0.387
1972   23    1949     0.554
1972   24    1948     0.722
1972   25    1947     0.869
1972   26    1946     1.003
1972   27    1945     1.129
1972   28    1944     1.240
1972   29    1943     1.345
1972   30    1942     1.437
1972   31    1941     1.526
1972   32    1940     1.609
1972   33    1939     1.680
1972   34    1938     1.744
1972   35    1937     1.798
1972   36    1936     1.845
1972   37    1935     1.887
1972   38    1934     1.922
1972   39    1933     1.951
1972   40    1932     1.973
1972   41    1931     1.990
1972   42    1930     2.003
1972   43    1929     2.012
1972   44    1928     2.018
1972   45    1927     2.022
1972   46    1926     2.024
1972   47    1925     2.025
1972   48    1924     2.026
1972   49    1923     2.026
1972   50    1922     2.026
1972   51    1921     2.026
1972   52    1920     2.027
1972   53    1919     2.027
1972   54    1918     2.027
1972   55    1917     2.027
1973   12    1961     0.000
1973   13    1960     0.000
1973   14    1959     0.000
1973   15    1958     0.000
1973   16    1957     0.000
1973   17    1956     0.002
1973   18    1955     0.011
1973   19    1954     0.039
1973   20    1953     0.109
1973   21    1952     0.229
1973   22    1951     0.383
1973   23    1950     0.548
1973   24    1949     0.706
1973   25    1948     0.855
1973   26    1947     0.987
1973   27    1946     1.106
1973   28    1945     1.218
1973   29    1944     1.316
1973   30    1943     1.405
1973   31    1942     1.486
1973   32    1941     1.562
1973   33    1940     1.632
1973   34    1939     1.693
1973   35    1938     1.746
1973   36    1937     1.790
1973   37    1936     1.828
1973   38    1935     1.861
1973   39    1934     1.889
1973   40    1933     1.910
1973   41    1932     1.927
1973   42    1931     1.940
1973   43    1930     1.948
1973   44    1929     1.954
1973   45    1928     1.958
1973   46    1927     1.960
1973   47    1926     1.961
1973   48    1925     1.961
1973   49    1924     1.961
1973   50    1923     1.962
1973   51    1922     1.962
1973   52    1921     1.962
1973   53    1920     1.962
1973   54    1919     1.962
1973   55    1918     1.962
1974   12    1962     0.000
1974   13    1961     0.000
1974   14    1960     0.000
1974   15    1959     0.000
1974   16    1958     0.000
1974   17    1957     0.002
1974   18    1956     0.012
1974   19    1955     0.041
1974   20    1954     0.114
1974   21    1953     0.242
1974   22    1952     0.400
1974   23    1951     0.569
1974   24    1950     0.734
1974   25    1949     0.885
1974   26    1948     1.026
1974   27    1947     1.149
1974   28    1946     1.261
1974   29    1945     1.365
1974   30    1944     1.454
1974   31    1943     1.536
1974   32    1942     1.607
1974   33    1941     1.672
1974   34    1940     1.732
1974   35    1939     1.782
1974   36    1938     1.827
1974   37    1937     1.865
1974   38    1936     1.896
1974   39    1935     1.922
1974   40    1934     1.944
1974   41    1933     1.961
1974   42    1932     1.973
1974   43    1931     1.981
1974   44    1930     1.987
1974   45    1929     1.991
1974   46    1928     1.993
1974   47    1927     1.994
1974   48    1926     1.995
1974   49    1925     1.995
1974   50    1924     1.995
1974   51    1923     1.995
1974   52    1922     1.995
1974   53    1921     1.995
1974   54    1920     1.995
1974   55    1919     1.995
1975   12    1963     0.000
1975   13    1962     0.000
1975   14    1961     0.000
1975   15    1960     0.000
1975   16    1959     0.000
1975   17    1958     0.003
1975   18    1957     0.012
1975   19    1956     0.044
1975   20    1955     0.119
1975   21    1954     0.247
1975   22    1953     0.410
1975   23    1952     0.577
1975   24    1951     0.739
1975   25    1950     0.890
1975   26    1949     1.025
1975   27    1948     1.152
1975   28    1947     1.263
1975   29    1946     1.363
1975   30    1945     1.455
1975   31    1944     1.533
1975   32    1943     1.605
1975   33    1942     1.667
1975   34    1941     1.723
1975   35    1940     1.772
1975   36    1939     1.814
1975   37    1938     1.851
1975   38    1937     1.880
1975   39    1936     1.904
1975   40    1935     1.924
1975   41    1934     1.940
1975   42    1933     1.952
1975   43    1932     1.960
1975   44    1931     1.965
1975   45    1930     1.969
1975   46    1929     1.971
1975   47    1928     1.972
1975   48    1927     1.972
1975   49    1926     1.972
1975   50    1925     1.973
1975   51    1924     1.973
1975   52    1923     1.973
1975   53    1922     1.973
1975   54    1921     1.973
1975   55    1920     1.973
1976   12    1964     0.000
1976   13    1963     0.000
1976   14    1962     0.000
1976   15    1961     0.000
1976   16    1960     0.000
1976   17    1959     0.003
1976   18    1958     0.013
1976   19    1957     0.046
1976   20    1956     0.125
1976   21    1955     0.256
1976   22    1954     0.419
1976   23    1953     0.589
1976   24    1952     0.750
1976   25    1951     0.901
1976   26    1950     1.039
1976   27    1949     1.164
1976   28    1948     1.280
1976   29    1947     1.379
1976   30    1946     1.468
1976   31    1945     1.548
1976   32    1944     1.615
1976   33    1943     1.673
1976   34    1942     1.723
1976   35    1941     1.768
1976   36    1940     1.808
1976   37    1939     1.841
1976   38    1938     1.870
1976   39    1937     1.892
1976   40    1936     1.910
1976   41    1935     1.924
1976   42    1934     1.936
1976   43    1933     1.943
1976   44    1932     1.949
1976   45    1931     1.952
1976   46    1930     1.954
1976   47    1929     1.955
1976   48    1928     1.955
1976   49    1927     1.955
1976   50    1926     1.955
1976   51    1925     1.956
1976   52    1924     1.956
1976   53    1923     1.956
1976   54    1922     1.956
1976   55    1921     1.956
1977   12    1965     0.000
1977   13    1964     0.000
1977   14    1963     0.000
1977   15    1962     0.000
1977   16    1961     0.001
1977   17    1960     0.003
1977   18    1959     0.015
1977   19    1958     0.049
1977   20    1957     0.128
1977   21    1956     0.262
1977   22    1955     0.423
1977   23    1954     0.589
1977   24    1953     0.750
1977   25    1952     0.896
1977   26    1951     1.029
1977   27    1950     1.152
1977   28    1949     1.263
1977   29    1948     1.366
1977   30    1947     1.454
1977   31    1946     1.532
1977   32    1945     1.601
1977   33    1944     1.656
1977   34    1943     1.705
1977   35    1942     1.746
1977   36    1941     1.783
1977   37    1940     1.815
1977   38    1939     1.841
1977   39    1938     1.863
1977   40    1937     1.880
1977   41    1936     1.892
1977   42    1935     1.903
1977   43    1934     1.910
1977   44    1933     1.915
1977   45    1932     1.918
1977   46    1931     1.919
1977   47    1930     1.920
1977   48    1929     1.921
1977   49    1928     1.921
1977   50    1927     1.921
1977   51    1926     1.921
1977   52    1925     1.921
1977   53    1924     1.921
1977   54    1923     1.921
1977   55    1922     1.921
1978   12    1966     0.000
1978   13    1965     0.000
1978   14    1964     0.000
1978   15    1963     0.000
1978   16    1962     0.001
1978   17    1961     0.003
1978   18    1960     0.015
1978   19    1959     0.051
1978   20    1958     0.134
1978   21    1957     0.269
1978   22    1956     0.435
1978   23    1955     0.602
1978   24    1954     0.759
1978   25    1953     0.903
1978   26    1952     1.034
1978   27    1951     1.154
1978   28    1950     1.266
1978   29    1949     1.365
1978   30    1948     1.456
1978   31    1947     1.533
1978   32    1946     1.598
1978   33    1945     1.656
1978   34    1944     1.702
1978   35    1943     1.742
1978   36    1942     1.775
1978   37    1941     1.804
1978   38    1940     1.829
1978   39    1939     1.848
1978   40    1938     1.864
1978   41    1937     1.875
1978   42    1936     1.884
1978   43    1935     1.891
1978   44    1934     1.895
1978   45    1933     1.898
1978   46    1932     1.900
1978   47    1931     1.900
1978   48    1930     1.901
1978   49    1929     1.901
1978   50    1928     1.901
1978   51    1927     1.901
1978   52    1926     1.901
1978   53    1925     1.901
1978   54    1924     1.901
1978   55    1923     1.901
1979   12    1967     0.000
1979   13    1966     0.000
1979   14    1965     0.000
1979   15    1964     0.000
1979   16    1963     0.001
1979   17    1962     0.004
1979   18    1961     0.016
1979   19    1960     0.053
1979   20    1959     0.139
1979   21    1958     0.279
1979   22    1957     0.445
1979   23    1956     0.615
1979   24    1955     0.770
1979   25    1954     0.910
1979   26    1953     1.040
1979   27    1952     1.156
1979   28    1951     1.262
1979   29    1950     1.358
1979   30    1949     1.443
1979   31    1948     1.520
1979   32    1947     1.584
1979   33    1946     1.637
1979   34    1945     1.683
1979   35    1944     1.720
1979   36    1943     1.751
1979   37    1942     1.777
1979   38    1941     1.800
1979   39    1940     1.818
1979   40    1939     1.833
1979   41    1938     1.844
1979   42    1937     1.852
1979   43    1936     1.858
1979   44    1935     1.862
1979   45    1934     1.864
1979   46    1933     1.866
1979   47    1932     1.867
1979   48    1931     1.867
1979   49    1930     1.867
1979   50    1929     1.867
1979   51    1928     1.867
1979   52    1927     1.867
1979   53    1926     1.867
1979   54    1925     1.867
1979   55    1924     1.867
1980   12    1968     0.000
1980   13    1967     0.000
1980   14    1966     0.000
1980   15    1965     0.000
1980   16    1964     0.001
1980   17    1963     0.004
1980   18    1962     0.017
1980   19    1961     0.055
1980   20    1960     0.141
1980   21    1959     0.284
1980   22    1958     0.455
1980   23    1957     0.626
1980   24    1956     0.785
1980   25    1955     0.926
1980   26    1954     1.053
1980   27    1953     1.169
1980   28    1952     1.274
1980   29    1951     1.369
1980   30    1950     1.454
1980   31    1949     1.527
1980   32    1948     1.593
1980   33    1947     1.645
1980   34    1946     1.690
1980   35    1945     1.728
1980   36    1944     1.758
1980   37    1943     1.783
1980   38    1942     1.803
1980   39    1941     1.820
1980   40    1940     1.834
1980   41    1939     1.844
1980   42    1938     1.851
1980   43    1937     1.857
1980   44    1936     1.860
1980   45    1935     1.862
1980   46    1934     1.864
1980   47    1933     1.864
1980   48    1932     1.865
1980   49    1931     1.865
1980   50    1930     1.865
1980   51    1929     1.865
1980   52    1928     1.865
1980   53    1927     1.865
1980   54    1926     1.865
1980   55    1925     1.865
1981   12    1969     0.000
1981   13    1968     0.000
1981   14    1967     0.000
1981   15    1966     0.000
1981   16    1965     0.001
1981   17    1964     0.004
1981   18    1963     0.018
1981   19    1962     0.057
1981   20    1961     0.141
1981   21    1960     0.279
1981   22    1959     0.447
1981   23    1958     0.618
1981   24    1957     0.776
1981   25    1956     0.921
1981   26    1955     1.050
1981   27    1954     1.167
1981   28    1953     1.275
1981   29    1952     1.372
1981   30    1951     1.459
1981   31    1950     1.537
1981   32    1949     1.604
1981   33    1948     1.661
1981   34    1947     1.707
1981   35    1946     1.745
1981   36    1945     1.777
1981   37    1944     1.803
1981   38    1943     1.824
1981   39    1942     1.840
1981   40    1941     1.853
1981   41    1940     1.864
1981   42    1939     1.871
1981   43    1938     1.876
1981   44    1937     1.879
1981   45    1936     1.881
1981   46    1935     1.883
1981   47    1934     1.883
1981   48    1933     1.884
1981   49    1932     1.884
1981   50    1931     1.884
1981   51    1930     1.884
1981   52    1929     1.884
1981   53    1928     1.884
1981   54    1927     1.884
1981   55    1926     1.884
1982   12    1970     0.000
1982   13    1969     0.000
1982   14    1968     0.000
1982   15    1967     0.000
1982   16    1966     0.001
1982   17    1965     0.005
1982   18    1964     0.019
1982   19    1963     0.059
1982   20    1962     0.144
1982   21    1961     0.282
1982   22    1960     0.451
1982   23    1959     0.627
1982   24    1958     0.793
1982   25    1957     0.943
1982   26    1956     1.081
1982   27    1955     1.203
1982   28    1954     1.315
1982   29    1953     1.417
1982   30    1952     1.508
1982   31    1951     1.588
1982   32    1950     1.659
1982   33    1949     1.718
1982   34    1948     1.770
1982   35    1947     1.811
1982   36    1946     1.846
1982   37    1945     1.875
1982   38    1944     1.896
1982   39    1943     1.914
1982   40    1942     1.927
1982   41    1941     1.937
1982   42    1940     1.945
1982   43    1939     1.950
1982   44    1938     1.954
1982   45    1937     1.956
1982   46    1936     1.957
1982   47    1935     1.957
1982   48    1934     1.957
1982   49    1933     1.958
1982   50    1932     1.958
1982   51    1931     1.958
1982   52    1930     1.958
1982   53    1929     1.958
1982   54    1928     1.958
1982   55    1927     1.958
1983   12    1971     0.000
1983   13    1970     0.000
1983   14    1969     0.000
1983   15    1968     0.000
1983   16    1967     0.001
1983   17    1966     0.005
1983   18    1965     0.021
1983   19    1964     0.063
1983   20    1963     0.153
1983   21    1962     0.295
1983   22    1961     0.465
1983   23    1960     0.644
1983   24    1959     0.818
1983   25    1958     0.979
1983   26    1957     1.127
1983   27    1956     1.262
1983   28    1955     1.384
1983   29    1954     1.495
1983   30    1953     1.596
1983   31    1952     1.684
1983   32    1951     1.762
1983   33    1950     1.829
1983   34    1949     1.885
1983   35    1948     1.933
1983   36    1947     1.971
1983   37    1946     2.002
1983   38    1945     2.026
1983   39    1944     2.044
1983   40    1943     2.059
1983   41    1942     2.069
1983   42    1941     2.076
1983   43    1940     2.082
1983   44    1939     2.085
1983   45    1938     2.087
1983   46    1937     2.088
1983   47    1936     2.089
1983   48    1935     2.089
1983   49    1934     2.089
1983   50    1933     2.089
1983   51    1932     2.089
1983   52    1931     2.089
1983   53    1930     2.089
1983   54    1929     2.089
1983   55    1928     2.089
1984   12    1972     0.000
1984   13    1971     0.000
1984   14    1970     0.000
1984   15    1969     0.000
1984   16    1968     0.001
1984   17    1967     0.005
1984   18    1966     0.022
1984   19    1965     0.067
1984   20    1964     0.161
1984   21    1963     0.307
1984   22    1962     0.480
1984   23    1961     0.657
1984   24    1960     0.828
1984   25    1959     0.987
1984   26    1958     1.131
1984   27    1957     1.261
1984   28    1956     1.380
1984   29    1955     1.484
1984   30    1954     1.578
1984   31    1953     1.663
1984   32    1952     1.735
1984   33    1951     1.799
1984   34    1950     1.854
1984   35    1949     1.899
1984   36    1948     1.938
1984   37    1947     1.968
1984   38    1946     1.992
1984   39    1945     2.010
1984   40    1944     2.023
1984   41    1943     2.033
1984   42    1942     2.040
1984   43    1941     2.045
1984   44    1940     2.048
1984   45    1939     2.050
1984   46    1938     2.051
1984   47    1937     2.052
1984   48    1936     2.052
1984   49    1935     2.052
1984   50    1934     2.052
1984   51    1933     2.052
1984   52    1932     2.052
1984   53    1931     2.052
1984   54    1930     2.052
1984   55    1929     2.052
1985   12    1973     0.000
1985   13    1972     0.000
1985   14    1971     0.000
1985   15    1970     0.000
1985   16    1969     0.001
1985   17    1968     0.005
1985   18    1967     0.023
1985   19    1966     0.070
1985   20    1965     0.166
1985   21    1964     0.313
1985   22    1963     0.485
1985   23    1962     0.662
1985   24    1961     0.830
1985   25    1960     0.987
1985   26    1959     1.132
1985   27    1958     1.263
1985   28    1957     1.380
1985   29    1956     1.487
1985   30    1955     1.580
1985   31    1954     1.662
1985   32    1953     1.736
1985   33    1952     1.798
1985   34    1951     1.852
1985   35    1950     1.898
1985   36    1949     1.936
1985   37    1948     1.967
1985   38    1947     1.991
1985   39    1946     2.009
1985   40    1945     2.023
1985   41    1944     2.033
1985   42    1943     2.040
1985   43    1942     2.045
1985   44    1941     2.048
1985   45    1940     2.050
1985   46    1939     2.051
1985   47    1938     2.051
1985   48    1937     2.051
1985   49    1936     2.052
1985   50    1935     2.052
1985   51    1934     2.052
1985   52    1933     2.052
1985   53    1932     2.052
1985   54    1931     2.052
1985   55    1930     2.052
1986   12    1974     0.000
1986   13    1973     0.000
1986   14    1972     0.000
1986   15    1971     0.000
1986   16    1970     0.001
1986   17    1969     0.005
1986   18    1968     0.023
1986   19    1967     0.072
1986   20    1966     0.170
1986   21    1965     0.321
1986   22    1964     0.498
1986   23    1963     0.679
1986   24    1962     0.853
1986   25    1961     1.014
1986   26    1960     1.165
1986   27    1959     1.305
1986   28    1958     1.431
1986   29    1957     1.546
1986   30    1956     1.648
1986   31    1955     1.738
1986   32    1954     1.817
1986   33    1953     1.888
1986   34    1952     1.947
1986   35    1951     1.999
1986   36    1950     2.043
1986   37    1949     2.079
1986   38    1948     2.109
1986   39    1947     2.130
1986   40    1946     2.146
1986   41    1945     2.157
1986   42    1944     2.165
1986   43    1943     2.170
1986   44    1942     2.174
1986   45    1941     2.176
1986   46    1940     2.177
1986   47    1939     2.177
1986   48    1938     2.178
1986   49    1937     2.178
1986   50    1936     2.178
1986   51    1935     2.178
1986   52    1934     2.178
1986   53    1933     2.178
1986   54    1932     2.178
1986   55    1931     2.178
1987   12    1975     0.000
1987   13    1974     0.000
1987   14    1973     0.000
1987   15    1972     0.000
1987   16    1971     0.001
1987   17    1970     0.006
1987   18    1969     0.025
1987   19    1968     0.077
1987   20    1967     0.181
1987   21    1966     0.337
1987   22    1965     0.519
1987   23    1964     0.704
1987   24    1963     0.880
1987   25    1962     1.043
1987   26    1961     1.194
1987   27    1960     1.334
1987   28    1959     1.462
1987   29    1958     1.578
1987   30    1957     1.682
1987   31    1956     1.776
1987   32    1955     1.856
1987   33    1954     1.927
1987   34    1953     1.989
1987   35    1952     2.043
1987   36    1951     2.088
1987   37    1950     2.126
1987   38    1949     2.156
1987   39    1948     2.179
1987   40    1947     2.196
1987   41    1946     2.208
1987   42    1945     2.217
1987   43    1944     2.222
1987   44    1943     2.226
1987   45    1942     2.228
1987   46    1941     2.229
1987   47    1940     2.229
1987   48    1939     2.230
1987   49    1938     2.230
1987   50    1937     2.230
1987   51    1936     2.230
1987   52    1935     2.230
1987   53    1934     2.230
1987   54    1933     2.230
1987   55    1932     2.230
1988   12    1976     0.000
1988   13    1975     0.000
1988   14    1974     0.000
1988   15    1973     0.000
1988   16    1972     0.001
1988   17    1971     0.005
1988   18    1970     0.024
1988   19    1969     0.076
1988   20    1968     0.184
1988   21    1967     0.343
1988   22    1966     0.525
1988   23    1965     0.709
1988   24    1964     0.881
1988   25    1963     1.038
1988   26    1962     1.182
1988   27    1961     1.314
1988   28    1960     1.433
1988   29    1959     1.542
1988   30    1958     1.639
1988   31    1957     1.725
1988   32    1956     1.800
1988   33    1955     1.863
1988   34    1954     1.919
1988   35    1953     1.968
1988   36    1952     2.010
1988   37    1951     2.044
1988   38    1950     2.072
1988   39    1949     2.093
1988   40    1948     2.110
1988   41    1947     2.121
1988   42    1946     2.129
1988   43    1945     2.134
1988   44    1944     2.138
1988   45    1943     2.140
1988   46    1942     2.141
1988   47    1941     2.141
1988   48    1940     2.142
1988   49    1939     2.142
1988   50    1938     2.142
1988   51    1937     2.142
1988   52    1936     2.142
1988   53    1935     2.142
1988   54    1934     2.142
1988   55    1933     2.142
1989   12    1977     0.000
1989   13    1976     0.000
1989   14    1975     0.000
1989   15    1974     0.000
1989   16    1973     0.001
1989   17    1972     0.006
1989   18    1971     0.027
1989   19    1970     0.083
1989   20    1969     0.195
1989   21    1968     0.356
1989   22    1967     0.536
1989   23    1966     0.713
1989   24    1965     0.877
1989   25    1964     1.026
1989   26    1963     1.160
1989   27    1962     1.281
1989   28    1961     1.390
1989   29    1960     1.488
1989   30    1959     1.575
1989   31    1958     1.651
1989   32    1957     1.718
1989   33    1956     1.776
1989   34    1955     1.824
1989   35    1954     1.866
1989   36    1953     1.903
1989   37    1952     1.932
1989   38    1951     1.956
1989   39    1950     1.975
1989   40    1949     1.989
1989   41    1948     2.000
1989   42    1947     2.007
1989   43    1946     2.011
1989   44    1945     2.014
1989   45    1944     2.016
1989   46    1943     2.017
1989   47    1942     2.017
1989   48    1941     2.018
1989   49    1940     2.018
1989   50    1939     2.018
1989   51    1938     2.018
1989   52    1937     2.018
1989   53    1936     2.018
1989   54    1935     2.018
1989   55    1934     2.018
1990   12    1978     0.000
1990   13    1977     0.000
1990   14    1976     0.000
1990   15    1975     0.000
1990   16    1974     0.001
1990   17    1973     0.008
1990   18    1972     0.032
1990   19    1971     0.092
1990   20    1970     0.207
1990   21    1969     0.367
1990   22    1968     0.543
1990   23    1967     0.712
1990   24    1966     0.865
1990   25    1965     1.003
1990   26    1964     1.127
1990   27    1963     1.238
1990   28    1962     1.337
1990   29    1961     1.426
1990   30    1960     1.504
1990   31    1959     1.572
1990   32    1958     1.632
1990   33    1957     1.682
1990   34    1956     1.726
1990   35    1955     1.762
1990   36    1954     1.793
1990   37    1953     1.819
1990   38    1952     1.840
1990   39    1951     1.856
1990   40    1950     1.869
1990   41    1949     1.878
1990   42    1948     1.884
1990   43    1947     1.888
1990   44    1946     1.891
1990   45    1945     1.892
1990   46    1944     1.893
1990   47    1943     1.893
1990   48    1942     1.893
1990   49    1941     1.894
1990   50    1940     1.894
1990   51    1939     1.894
1990   52    1938     1.894
1990   53    1937     1.894
1990   54    1936     1.894
1990   55    1935     1.894
1991   12    1979     0.000
1991   13    1978     0.000
1991   14    1977     0.000
1991   15    1976     0.000
1991   16    1975     0.001
1991   17    1974     0.008
1991   18    1973     0.034
1991   19    1972     0.094
1991   20    1971     0.205
1991   21    1970     0.357
1991   22    1969     0.522
1991   23    1968     0.680
1991   24    1967     0.823
1991   25    1966     0.948
1991   26    1965     1.060
1991   27    1964     1.160
1991   28    1963     1.249
1991   29    1962     1.327
1991   30    1961     1.395
1991   31    1960     1.455
1991   32    1959     1.506
1991   33    1958     1.550
1991   34    1957     1.587
1991   35    1956     1.619
1991   36    1955     1.645
1991   37    1954     1.667
1991   38    1953     1.685
1991   39    1952     1.699
1991   40    1951     1.710
1991   41    1950     1.718
1991   42    1949     1.724
1991   43    1948     1.728
1991   44    1947     1.730
1991   45    1946     1.731
1991   46    1945     1.732
1991   47    1944     1.732
1991   48    1943     1.733
1991   49    1942     1.733
1991   50    1941     1.733
1991   51    1940     1.733
1991   52    1939     1.733
1991   53    1938     1.733
1991   54    1937     1.733
1991   55    1936     1.733
1992   12    1980     0.000
1992   13    1979     0.000
1992   14    1978     0.000
1992   15    1977     0.000
1992   16    1976     0.001
1992   17    1975     0.008
1992   18    1974     0.032
1992   19    1973     0.090
1992   20    1972     0.194
1992   21    1971     0.333
1992   22    1970     0.484
1992   23    1969     0.628
1992   24    1968     0.756
1992   25    1967     0.870
1992   26    1966     0.969
1992   27    1965     1.058
1992   28    1964     1.135
1992   29    1963     1.203
1992   30    1962     1.262
1992   31    1961     1.313
1992   32    1960     1.356
1992   33    1959     1.393
1992   34    1958     1.425
1992   35    1957     1.451
1992   36    1956     1.473
1992   37    1955     1.492
1992   38    1954     1.506
1992   39    1953     1.518
1992   40    1952     1.528
1992   41    1951     1.535
1992   42    1950     1.540
1992   43    1949     1.543
1992   44    1948     1.545
1992   45    1947     1.546
1992   46    1946     1.547
1992   47    1945     1.547
1992   48    1944     1.548
1992   49    1943     1.548
1992   50    1942     1.548
1992   51    1941     1.548
1992   52    1940     1.548
1992   53    1939     1.548
1992   54    1938     1.548
1992   55    1937     1.548
1993   12    1981     0.000
1993   13    1980     0.000
1993   14    1979     0.000
1993   15    1978     0.000
1993   16    1977     0.001
1993   17    1976     0.008
1993   18    1975     0.031
1993   19    1974     0.085
1993   20    1973     0.182
1993   21    1972     0.309
1993   22    1971     0.445
1993   23    1970     0.572
1993   24    1969     0.686
1993   25    1968     0.788
1993   26    1967     0.877
1993   27    1966     0.955
1993   28    1965     1.023
1993   29    1964     1.083
1993   30    1963     1.134
1993   31    1962     1.178
1993   32    1961     1.215
1993   33    1960     1.246
1993   34    1959     1.271
1993   35    1958     1.293
1993   36    1957     1.311
1993   37    1956     1.325
1993   38    1955     1.337
1993   39    1954     1.346
1993   40    1953     1.354
1993   41    1952     1.359
1993   42    1951     1.363
1993   43    1950     1.366
1993   44    1949     1.368
1993   45    1948     1.369
1993   46    1947     1.369
1993   47    1946     1.369
1993   48    1945     1.370
1993   49    1944     1.370
1993   50    1943     1.370
1993   51    1942     1.370
1993   52    1941     1.370
1993   53    1940     1.370
1993   54    1939     1.370
1993   55    1938     1.370
1994   12    1982     0.000
1994   13    1981     0.000
1994   14    1980     0.000
1994   15    1979     0.000
1994   16    1978     0.001
1994   17    1977     0.009
1994   18    1976     0.033
1994   19    1975     0.090
1994   20    1974     0.189
1994   21    1973     0.318
1994   22    1972     0.453
1994   23    1971     0.580
1994   24    1970     0.694
1994   25    1969     0.797
1994   26    1968     0.888
1994   27    1967     0.970
1994   28    1966     1.041
1994   29    1965     1.103
1994   30    1964     1.157
1994   31    1963     1.203
1994   32    1962     1.241
1994   33    1961     1.273
1994   34    1960     1.299
1994   35    1959     1.321
1994   36    1958     1.338
1994   37    1957     1.353
1994   38    1956     1.364
1994   39    1955     1.373
1994   40    1954     1.380
1994   41    1953     1.385
1994   42    1952     1.389
1994   43    1951     1.391
1994   44    1950     1.393
1994   45    1949     1.393
1994   46    1948     1.394
1994   47    1947     1.394
1994   48    1946     1.394
1994   49    1945     1.394
1994   50    1944     1.394
1994   51    1943     1.394
1994   52    1942     1.394
1994   53    1941     1.394
1994   54    1940     1.394
1994   55    1939     1.394
1995   12    1983     0.000
1995   13    1982     0.000
1995   14    1981     0.000
1995   15    1980     0.000
1995   16    1979     0.001
1995   17    1978     0.008
1995   18    1977     0.031
1995   19    1976     0.083
1995   20    1975     0.171
1995   21    1974     0.289
1995   22    1973     0.417
1995   23    1972     0.537
1995   24    1971     0.644
1995   25    1970     0.743
1995   26    1969     0.832
1995   27    1968     0.912
1995   28    1967     0.982
1995   29    1966     1.044
1995   30    1965     1.098
1995   31    1964     1.144
1995   32    1963     1.183
1995   33    1962     1.216
1995   34    1961     1.242
1995   35    1960     1.264
1995   36    1959     1.282
1995   37    1958     1.296
1995   38    1957     1.308
1995   39    1956     1.316
1995   40    1955     1.323
1995   41    1954     1.328
1995   42    1953     1.332
1995   43    1952     1.334
1995   44    1951     1.335
1995   45    1950     1.336
1995   46    1949     1.337
1995   47    1948     1.337
1995   48    1947     1.337
1995   49    1946     1.337
1995   50    1945     1.337
1995   51    1944     1.337
1995   52    1943     1.337
1995   53    1942     1.337
1995   54    1941     1.337
1995   55    1940     1.337
1996   12    1984     0.000
1996   13    1983     0.000
1996   14    1982     0.000
1996   15    1981     0.000
1996   16    1980     0.001
1996   17    1979     0.007
1996   18    1978     0.026
1996   19    1977     0.071
1996   20    1976     0.149
1996   21    1975     0.254
1996   22    1974     0.370
1996   23    1973     0.484
1996   24    1972     0.587
1996   25    1971     0.680
1996   26    1970     0.766
1996   27    1969     0.843
1996   28    1968     0.912
1996   29    1967     0.974
1996   30    1966     1.027
1996   31    1965     1.074
1996   32    1964     1.113
1996   33    1963     1.146
1996   34    1962     1.173
1996   35    1961     1.195
1996   36    1960     1.213
1996   37    1959     1.228
1996   38    1958     1.240
1996   39    1957     1.249
1996   40    1956     1.256
1996   41    1955     1.261
1996   42    1954     1.264
1996   43    1953     1.267
1996   44    1952     1.268
1996   45    1951     1.269
1996   46    1950     1.270
1996   47    1949     1.270
1996   48    1948     1.270
1996   49    1947     1.270
1996   50    1946     1.270
1996   51    1945     1.270
1996   52    1944     1.270
1996   53    1943     1.270
1996   54    1942     1.270
1996   55    1941     1.270
1997   12    1985     0.000
1997   13    1984     0.000
1997   14    1983     0.000
1997   15    1982     0.000
1997   16    1981     0.001
1997   17    1980     0.008
1997   18    1979     0.026
1997   19    1978     0.068
1997   20    1977     0.138
1997   21    1976     0.233
1997   22    1975     0.338
1997   23    1974     0.442
1997   24    1973     0.540
1997   25    1972     0.630
1997   26    1971     0.712
1997   27    1970     0.788
1997   28    1969     0.856
1997   29    1968     0.916
1997   30    1967     0.970
1997   31    1966     1.017
1997   32    1965     1.058
1997   33    1964     1.092
1997   34    1963     1.120
1997   35    1962     1.144
1997   36    1961     1.162
1997   37    1960     1.177
1997   38    1959     1.189
1997   39    1958     1.198
1997   40    1957     1.204
1997   41    1956     1.209
1997   42    1955     1.213
1997   43    1954     1.215
1997   44    1953     1.217
1997   45    1952     1.217
1997   46    1951     1.218
1997   47    1950     1.218
1997   48    1949     1.218
1997   49    1948     1.218
1997   50    1947     1.218
1997   51    1946     1.218
1997   52    1945     1.218
1997   53    1944     1.218
1997   54    1943     1.218
1997   55    1942     1.218
1998   12    1986     0.000
1998   13    1985     0.000
1998   14    1984     0.000
1998   15    1983     0.000
1998   16    1982     0.001
1998   17    1981     0.007
1998   18    1980     0.024
1998   19    1979     0.063
1998   20    1978     0.130
1998   21    1977     0.222
1998   22    1976     0.326
1998   23    1975     0.429
1998   24    1974     0.527
1998   25    1973     0.620
1998   26    1972     0.704
1998   27    1971     0.780
1998   28    1970     0.850
1998   29    1969     0.913
1998   30    1968     0.969
1998   31    1967     1.018
1998   32    1966     1.061
1998   33    1965     1.097
1998   34    1964     1.127
1998   35    1963     1.152
1998   36    1962     1.172
1998   37    1961     1.188
1998   38    1960     1.200
1998   39    1959     1.210
1998   40    1958     1.217
1998   41    1957     1.223
1998   42    1956     1.226
1998   43    1955     1.229
1998   44    1954     1.230
1998   45    1953     1.231
1998   46    1952     1.231
1998   47    1951     1.232
1998   48    1950     1.232
1998   49    1949     1.232
1998   50    1948     1.232
1998   51    1947     1.232
1998   52    1946     1.232
1998   53    1945     1.232
1998   54    1944     1.232
1998   55    1943     1.232
1999   12    1987     0.000
1999   13    1986     0.000
1999   14    1985     0.000
1999   15    1984     0.000
1999   16    1983     0.001
1999   17    1982     0.006
1999   18    1981     0.020
1999   19    1980     0.053
1999   20    1979     0.112
1999   21    1978     0.194
1999   22    1977     0.289
1999   23    1976     0.386
1999   24    1975     0.479
1999   25    1974     0.567
1999   26    1973     0.649
1999   27    1972     0.722
1999   28    1971     0.789
1999   29    1970     0.849
1999   30    1969     0.902
1999   31    1968     0.949
1999   32    1967     0.990
1999   33    1966     1.025
1999   34    1965     1.054
1999   35    1964     1.078
1999   36    1963     1.098
1999   37    1962     1.114
1999   38    1961     1.126
1999   39    1960     1.136
1999   40    1959     1.143
1999   41    1958     1.148
1999   42    1957     1.151
1999   43    1956     1.154
1999   44    1955     1.155
1999   45    1954     1.156
1999   46    1953     1.156
1999   47    1952     1.157
1999   48    1951     1.157
1999   49    1950     1.157
1999   50    1949     1.157
1999   51    1948     1.157
1999   52    1947     1.157
1999   53    1946     1.157
1999   54    1945     1.157
1999   55    1944     1.157
2000   12    1988     0.000
2000   13    1987     0.000
2000   14    1986     0.000
2000   15    1985     0.000
2000   16    1984     0.001
2000   17    1983     0.005
2000   18    1982     0.018
2000   19    1981     0.050
2000   20    1980     0.106
2000   21    1979     0.185
2000   22    1978     0.280
2000   23    1977     0.378
2000   24    1976     0.475
2000   25    1975     0.566
2000   26    1974     0.651
2000   27    1973     0.729
2000   28    1972     0.799
2000   29    1971     0.862
2000   30    1970     0.919
2000   31    1969     0.971
2000   32    1968     1.015
2000   33    1967     1.053
2000   34    1966     1.084
2000   35    1965     1.111
2000   36    1964     1.132
2000   37    1963     1.149
2000   38    1962     1.162
2000   39    1961     1.172
2000   40    1960     1.180
2000   41    1959     1.185
2000   42    1958     1.189
2000   43    1957     1.192
2000   44    1956     1.193
2000   45    1955     1.194
2000   46    1954     1.195
2000   47    1953     1.195
2000   48    1952     1.195
2000   49    1951     1.195
2000   50    1950     1.195
2000   51    1949     1.195
2000   52    1948     1.195
2000   53    1947     1.195
2000   54    1946     1.195
2000   55    1945     1.195
2001   12    1989     0.000
2001   13    1988     0.000
2001   14    1987     0.000
2001   15    1986     0.000
2001   16    1985     0.001
2001   17    1984     0.005
2001   18    1983     0.019
2001   19    1982     0.049
2001   20    1981     0.103
2001   21    1980     0.181
2001   22    1979     0.273
2001   23    1978     0.371
2001   24    1977     0.468
2001   25    1976     0.560
2001   26    1975     0.648
2001   27    1974     0.728
2001   28    1973     0.802
2001   29    1972     0.868
2001   30    1971     0.927
2001   31    1970     0.981
2001   32    1969     1.028
2001   33    1968     1.069
2001   34    1967     1.103
2001   35    1966     1.132
2001   36    1965     1.155
2001   37    1964     1.174
2001   38    1963     1.188
2001   39    1962     1.199
2001   40    1961     1.207
2001   41    1960     1.213
2001   42    1959     1.217
2001   43    1958     1.220
2001   44    1957     1.221
2001   45    1956     1.222
2001   46    1955     1.223
2001   47    1954     1.223
2001   48    1953     1.223
2001   49    1952     1.223
2001   50    1951     1.223
2001   51    1950     1.223
2001   52    1949     1.223
2001   53    1948     1.223
2001   54    1947     1.223
2001   55    1946     1.223
2002   12    1990     0.000
2002   13    1989     0.000
2002   14    1988     0.000
2002   15    1987     0.000
2002   16    1986     0.001
2002   17    1985     0.006
2002   18    1984     0.019
2002   19    1983     0.049
2002   20    1982     0.102
2002   21    1981     0.179
2002   22    1980     0.272
2002   23    1979     0.371
2002   24    1978     0.471
2002   25    1977     0.569
2002   26    1976     0.662
2002   27    1975     0.748
2002   28    1974     0.826
2002   29    1973     0.898
2002   30    1972     0.962
2002   31    1971     1.019
2002   32    1970     1.070
2002   33    1969     1.114
2002   34    1968     1.152
2002   35    1967     1.184
2002   36    1966     1.210
2002   37    1965     1.231
2002   38    1964     1.248
2002   39    1963     1.260
2002   40    1962     1.270
2002   41    1961     1.276
2002   42    1960     1.280
2002   43    1959     1.283
2002   44    1958     1.285
2002   45    1957     1.286
2002   46    1956     1.286
2002   47    1955     1.286
2002   48    1954     1.287
2002   49    1953     1.287
2002   50    1952     1.287
2002   51    1951     1.287
2002   52    1950     1.287
2002   53    1949     1.287
2002   54    1948     1.287
2002   55    1947     1.287
2003   12    1991     0.000
2003   13    1990     0.000
2003   14    1989     0.000
2003   15    1988     0.000
2003   16    1987     0.001
2003   17    1986     0.006
2003   18    1985     0.020
2003   19    1984     0.051
2003   20    1983     0.104
2003   21    1982     0.180
2003   22    1981     0.272
2003   23    1980     0.371
2003   24    1979     0.472
2003   25    1978     0.572
2003   26    1977     0.668
2003   27    1976     0.759
2003   28    1975     0.841
2003   29    1974     0.916
2003   30    1973     0.984
2003   31    1972     1.045
2003   32    1971     1.099
2003   33    1970     1.146
2003   34    1969     1.187
2003   35    1968     1.221
2003   36    1967     1.250
2003   37    1966     1.273
2003   38    1965     1.291
2003   39    1964     1.305
2003   40    1963     1.315
2003   41    1962     1.322
2003   42    1961     1.326
2003   43    1960     1.330
2003   44    1959     1.331
2003   45    1958     1.332
2003   46    1957     1.333
2003   47    1956     1.333
2003   48    1955     1.333
2003   49    1954     1.333
2003   50    1953     1.333
2003   51    1952     1.333
2003   52    1951     1.333
2003   53    1950     1.333
2003   54    1949     1.333
2003   55    1948     1.333
2004   12    1992     0.000
2004   13    1991     0.000
2004   14    1990     0.000
2004   15    1989     0.000
2004   16    1988     0.001
2004   17    1987     0.006
2004   18    1986     0.021
2004   19    1985     0.052
2004   20    1984     0.105
2004   21    1983     0.179
2004   22    1982     0.268
2004   23    1981     0.365
2004   24    1980     0.464
2004   25    1979     0.563
2004   26    1978     0.659
2004   27    1977     0.750
2004   28    1976     0.834
2004   29    1975     0.910
2004   30    1974     0.979
2004   31    1973     1.042
2004   32    1972     1.098
2004   33    1971     1.146
2004   34    1970     1.188
2004   35    1969     1.223
2004   36    1968     1.253
2004   37    1967     1.278
2004   38    1966     1.298
2004   39    1965     1.313
2004   40    1964     1.324
2004   41    1963     1.331
2004   42    1962     1.336
2004   43    1961     1.340
2004   44    1960     1.342
2004   45    1959     1.343
2004   46    1958     1.343
2004   47    1957     1.344
2004   48    1956     1.344
2004   49    1955     1.344
2004   50    1954     1.344
2004   51    1953     1.344
2004   52    1952     1.344
2004   53    1951     1.344
2004   54    1950     1.344
2004   55    1949     1.344
2005   12    1993     0.000
2005   13    1992     0.000
2005   14    1991     0.000
2005   15    1990     0.000
2005   16    1989     0.001
2005   17    1988     0.006
2005   18    1987     0.020
2005   19    1986     0.050
2005   20    1985     0.100
2005   21    1984     0.169
2005   22    1983     0.252
2005   23    1982     0.342
2005   24    1981     0.435
2005   25    1980     0.529
2005   26    1979     0.620
2005   27    1978     0.707
2005   28    1977     0.788
2005   29    1976     0.864
2005   30    1975     0.932
2005   31    1974     0.993
2005   32    1973     1.048
2005   33    1972     1.096
2005   34    1971     1.137
2005   35    1970     1.173
2005   36    1969     1.202
2005   37    1968     1.227
2005   38    1967     1.247
2005   39    1966     1.262
2005   40    1965     1.273
2005   41    1964     1.281
2005   42    1963     1.286
2005   43    1962     1.290
2005   44    1961     1.292
2005   45    1960     1.293
2005   46    1959     1.293
2005   47    1958     1.294
2005   48    1957     1.294
2005   49    1956     1.294
2005   50    1955     1.294
2005   51    1954     1.294
2005   52    1953     1.294
2005   53    1952     1.294
2005   54    1951     1.294
2005   55    1950     1.294
2006   12    1994     0.000
2006   13    1993     0.000
2006   14    1992     0.000
2006   15    1991     0.000
2006   16    1990     0.001
2006   17    1989     0.006
2006   18    1988     0.020
2006   19    1987     0.050
2006   20    1986     0.100
2006   21    1985     0.170
2006   22    1984     0.251
2006   23    1983     0.339
2006   24    1982     0.431
2006   25    1981     0.526
2006   26    1980     0.618
2006   27    1979     0.704
2006   28    1978     0.785
2006   29    1977     0.861
2006   30    1976     0.931
2006   31    1975     0.994
2006   32    1974     1.050
2006   33    1973     1.099
2006   34    1972     1.142
2006   35    1971     1.179
2006   36    1970     1.210
2006   37    1969     1.235
2006   38    1968     1.255
2006   39    1967     1.271
2006   40    1966     1.283
2006   41    1965     1.291
2006   42    1964     1.297
2006   43    1963     1.300
2006   44    1962     1.302
2006   45    1961     1.303
2006   46    1960     1.304
2006   47    1959     1.304
2006   48    1958     1.304
2006   49    1957     1.304
2006   50    1956     1.304
2006   51    1955     1.304
2006   52    1954     1.304
2006   53    1953     1.304
2006   54    1952     1.304
2006   55    1951     1.304
2007   12    1995     0.000
2007   13    1994     0.000
2007   14    1993     0.000
2007   15    1992     0.000
2007   16    1991     0.001
2007   17    1990     0.006
2007   18    1989     0.020
2007   19    1988     0.049
2007   20    1987     0.099
2007   21    1986     0.169
2007   22    1985     0.250
2007   23    1984     0.338
2007   24    1983     0.431
2007   25    1982     0.529
2007   26    1981     0.628
2007   27    1980     0.724
2007   28    1979     0.812
2007   29    1978     0.896
2007   30    1977     0.975
2007   31    1976     1.048
2007   32    1975     1.113
2007   33    1974     1.171
2007   34    1973     1.220
2007   35    1972     1.263
2007   36    1971     1.300
2007   37    1970     1.331
2007   38    1969     1.355
2007   39    1968     1.374
2007   40    1967     1.389
2007   41    1966     1.399
2007   42    1965     1.406
2007   43    1964     1.410
2007   44    1963     1.413
2007   45    1962     1.414
2007   46    1961     1.415
2007   47    1960     1.415
2007   48    1959     1.415
2007   49    1958     1.415
2007   50    1957     1.415
2007   51    1956     1.415
2007   52    1955     1.415
2007   53    1954     1.415
2007   54    1953     1.415
2007   55    1952     1.415
2008   12    1996     0.000
2008   13    1995     0.000
2008   14    1994     0.000
2008   15    1993     0.000
2008   16    1992     0.002
2008   17    1991     0.007
2008   18    1990     0.022
2008   19    1989     0.052
2008   20    1988     0.102
2008   21    1987     0.171
2008   22    1986     0.255
2008   23    1985     0.344
2008   24    1984     0.438
2008   25    1983     0.538
2008   26    1982     0.641
2008   27    1981     0.743
2008   28    1980     0.838
2008   29    1979     0.926
2008   30    1978     1.010
2008   31    1977     1.089
2008   32    1976     1.161
2008   33    1975     1.225
2008   34    1974     1.280
2008   35    1973     1.328
2008   36    1972     1.369
2008   37    1971     1.404
2008   38    1970     1.433
2008   39    1969     1.454
2008   40    1968     1.470
2008   41    1967     1.482
2008   42    1966     1.491
2008   43    1965     1.496
2008   44    1964     1.499
2008   45    1963     1.500
2008   46    1962     1.501
2008   47    1961     1.502
2008   48    1960     1.502
2008   49    1959     1.502
2008   50    1958     1.502
2008   51    1957     1.502
2008   52    1956     1.502
2008   53    1955     1.502
2008   54    1954     1.502
2008   55    1953     1.502
2009   12    1997     0.000
2009   13    1996     0.000
2009   14    1995     0.000
2009   15    1994     0.000
2009   16    1993     0.002
2009   17    1992     0.007
2009   18    1991     0.022
2009   19    1990     0.051
2009   20    1989     0.099
2009   21    1988     0.165
2009   22    1987     0.245
2009   23    1986     0.334
2009   24    1985     0.429
2009   25    1984     0.529
2009   26    1983     0.633
2009   27    1982     0.738
2009   28    1981     0.839
2009   29    1980     0.932
2009   30    1979     1.018
2009   31    1978     1.099
2009   32    1977     1.175
2009   33    1976     1.243
2009   34    1975     1.302
2009   35    1974     1.354
2009   36    1973     1.398
2009   37    1972     1.435
2009   38    1971     1.465
2009   39    1970     1.489
2009   40    1969     1.506
2009   41    1968     1.519
2009   42    1967     1.529
2009   43    1966     1.534
2009   44    1965     1.538
2009   45    1964     1.540
2009   46    1963     1.540
2009   47    1962     1.541
2009   48    1961     1.541
2009   49    1960     1.541
2009   50    1959     1.541
2009   51    1958     1.541
2009   52    1957     1.541
2009   53    1956     1.541
2009   54    1955     1.541
2009   55    1954     1.541
2010   12    1998     0.000
2010   13    1997     0.000
2010   14    1996     0.000
2010   15    1995     0.000
2010   16    1994     0.001
2010   17    1993     0.006
2010   18    1992     0.020
2010   19    1991     0.048
2010   20    1990     0.094
2010   21    1989     0.156
2010   22    1988     0.230
2010   23    1987     0.314
2010   24    1986     0.407
2010   25    1985     0.507
2010   26    1984     0.610
2010   27    1983     0.715
2010   28    1982     0.818
2010   29    1981     0.918
2010   30    1980     1.010
2010   31    1979     1.094
2010   32    1978     1.172
2010   33    1977     1.244
2010   34    1976     1.308
2010   35    1975     1.363
2010   36    1974     1.411
2010   37    1973     1.451
2010   38    1972     1.484
2010   39    1971     1.509
2010   40    1970     1.529
2010   41    1969     1.543
2010   42    1968     1.553
2010   43    1967     1.559
2010   44    1966     1.563
2010   45    1965     1.565
2010   46    1964     1.566
2010   47    1963     1.567
2010   48    1962     1.567
2010   49    1961     1.567
2010   50    1960     1.567
2010   51    1959     1.567
2010   52    1958     1.567
2010   53    1957     1.567
2010   54    1956     1.567
2010   55    1955     1.567
2011   12    1999     0.000
2011   13    1998     0.000
2011   14    1997     0.000
2011   15    1996     0.000
2011   16    1995     0.002
2011   17    1994     0.007
2011   18    1993     0.021
2011   19    1992     0.050
2011   20    1991     0.098
2011   21    1990     0.162
2011   22    1989     0.234
2011   23    1988     0.318
2011   24    1987     0.410
2011   25    1986     0.511
2011   26    1985     0.617
2011   27    1984     0.719
2011   28    1983     0.823
2011   29    1982     0.922
2011   30    1981     1.015
2011   31    1980     1.103
2011   32    1979     1.179
2011   33    1978     1.251
2011   34    1977     1.315
2011   35    1976     1.372
2011   36    1975     1.421
2011   37    1974     1.462
2011   38    1973     1.497
2011   39    1972     1.523
2011   40    1971     1.543
2011   41    1970     1.558
2011   42    1969     1.568
2011   43    1968     1.575
2011   44    1967     1.579
2011   45    1966     1.581
2011   46    1965     1.582
2011   47    1964     1.583
2011   48    1963     1.583
2011   49    1962     1.583
2011   50    1961     1.583
2011   51    1960     1.583
2011   52    1959     1.583
2011   53    1958     1.583
2011   54    1957     1.583
2011   55    1956     1.583
2012   12    2000     0.000
2012   13    1999     0.000
2012   14    1998     0.000
2012   15    1997     0.000
2012   16    1996     0.002
2012   17    1995     0.007
2012   18    1994     0.021
2012   19    1993     0.051
2012   20    1992     0.102
2012   21    1991     0.169
2012   22    1990     0.248
2012   23    1989     0.331
2012   24    1988     0.425
2012   25    1987     0.531
2012   26    1986     0.644
2012   27    1985     0.757
2012   28    1984     0.863
2012   29    1983     0.969
2012   30    1982     1.070
2012   31    1981     1.164
2012   32    1980     1.252
2012   33    1979     1.325
2012   34    1978     1.395
2012   35    1977     1.457
2012   36    1976     1.512
2012   37    1975     1.559
2012   38    1974     1.595
2012   39    1973     1.626
2012   40    1972     1.648
2012   41    1971     1.665
2012   42    1970     1.676
2012   43    1969     1.683
2012   44    1968     1.688
2012   45    1967     1.690
2012   46    1966     1.691
2012   47    1965     1.692
2012   48    1964     1.692
2012   49    1963     1.692
2012   50    1962     1.692
2012   51    1961     1.692
2012   52    1960     1.692
2012   53    1959     1.692
2012   54    1958     1.692
2012   55    1957     1.692
2013   12    2001     0.000
2013   13    2000     0.000
2013   14    1999     0.000
2013   15    1998     0.000
2013   16    1997     0.002
2013   17    1996     0.007
2013   18    1995     0.021
2013   19    1994     0.049
2013   20    1993     0.100
2013   21    1992     0.167
2013   22    1991     0.245
2013   23    1990     0.331
2013   24    1989     0.421
2013   25    1988     0.523
2013   26    1987     0.633
2013   27    1986     0.748
2013   28    1985     0.860
2013   29    1984     0.963
2013   30    1983     1.065
2013   31    1982     1.161
2013   32    1981     1.249
2013   33    1980     1.331
2013   34    1979     1.397
2013   35    1978     1.461
2013   36    1977     1.517
2013   37    1976     1.567
2013   38    1975     1.607
2013   39    1974     1.638
2013   40    1973     1.662
2013   41    1972     1.680
2013   42    1971     1.692
2013   43    1970     1.700
2013   44    1969     1.704
2013   45    1968     1.707
2013   46    1967     1.708
2013   47    1966     1.709
2013   48    1965     1.709
2013   49    1964     1.709
2013   50    1963     1.709
2013   51    1962     1.709
2013   52    1961     1.709
2013   53    1960     1.709
2013   54    1959     1.709
2013   55    1958     1.709
2014   12    2002     0.000
2014   13    2001     0.000
2014   14    2000     0.000
2014   15    1999     0.000
2014   16    1998     0.001
2014   17    1997     0.006
2014   18    1996     0.020
2014   19    1995     0.049
2014   20    1994     0.097
2014   21    1993     0.164
2014   22    1992     0.242
2014   23    1991     0.327
2014   24    1990     0.421
2014   25    1989     0.519
2014   26    1988     0.628
2014   27    1987     0.744
2014   28    1986     0.860
2014   29    1985     0.971
2014   30    1984     1.072
2014   31    1983     1.172
2014   32    1982     1.265
2014   33    1981     1.348
2014   34    1980     1.425
2014   35    1979     1.487
2014   36    1978     1.547
2014   37    1977     1.598
2014   38    1976     1.641
2014   39    1975     1.675
2014   40    1974     1.700
2014   41    1973     1.719
2014   42    1972     1.732
2014   43    1971     1.741
2014   44    1970     1.746
2014   45    1969     1.749
2014   46    1968     1.750
2014   47    1967     1.751
2014   48    1966     1.751
2014   49    1965     1.751
2014   50    1964     1.752
2014   51    1963     1.752
2014   52    1962     1.752
2014   53    1961     1.752
2014   54    1960     1.752
2014   55    1959     1.752
2015   12    2003     0.000
2015   13    2002     0.000
2015   14    2001     0.000
2015   15    2000     0.000
2015   16    1999     0.001
2015   17    1998     0.005
2015   18    1997     0.017
2015   19    1996     0.044
2015   20    1995     0.089
2015   21    1994     0.151
2015   22    1993     0.229
2015   23    1992     0.314
2015   24    1991     0.406
2015   25    1990     0.509
2015   26    1989     0.615
2015   27    1988     0.730
2015   28    1987     0.847
2015   29    1986     0.963
2015   30    1985     1.073
2015   31    1984     1.173
2015   32    1983     1.270
2015   33    1982     1.358
2015   34    1981     1.436
2015   35    1980     1.507
2015   36    1979     1.564
2015   37    1978     1.617
2015   38    1977     1.661
2015   39    1976     1.696
2015   40    1975     1.723
2015   41    1974     1.743
2015   42    1973     1.757
2015   43    1972     1.766
2015   44    1971     1.771
2015   45    1970     1.774
2015   46    1969     1.775
2015   47    1968     1.776
2015   48    1967     1.776
2015   49    1966     1.777
2015   50    1965     1.777
2015   51    1964     1.777
2015   52    1963     1.777
2015   53    1962     1.777
2015   54    1961     1.777
2015   55    1960     1.777
2016   12    2004     0.000
2016   13    2003     0.000
2016   14    2002     0.000
2016   15    2001     0.000
2016   16    2000     0.001
2016   17    1999     0.004
2016   18    1998     0.014
2016   19    1997     0.038
2016   20    1996     0.081
2016   21    1995     0.139
2016   22    1994     0.211
2016   23    1993     0.294
2016   24    1992     0.385
2016   25    1991     0.485
2016   26    1990     0.593
2016   27    1989     0.701
2016   28    1988     0.814
2016   29    1987     0.928
2016   30    1986     1.039
2016   31    1985     1.145
2016   32    1984     1.239
2016   33    1983     1.329
2016   34    1982     1.410
2016   35    1981     1.481
2016   36    1980     1.545
2016   37    1979     1.596
2016   38    1978     1.641
2016   39    1977     1.677
2016   40    1976     1.706
2016   41    1975     1.727
2016   42    1974     1.741
2016   43    1973     1.750
2016   44    1972     1.756
2016   45    1971     1.759
2016   46    1970     1.761
2016   47    1969     1.762
2016   48    1968     1.762
2016   49    1967     1.762
2016   50    1966     1.763
2016   51    1965     1.763
2016   52    1964     1.763
2016   53    1963     1.763
2016   54    1962     1.763
2016   55    1961     1.763
2017   12    2005     0.000
2017   13    2004     0.000
2017   14    2003     0.000
2017   15    2002     0.000
2017   16    2001     0.001
2017   17    2000     0.004
2017   18    1999     0.011
2017   19    1998     0.031
2017   20    1997     0.069
2017   21    1996     0.123
2017   22    1995     0.189
2017   23    1994     0.266
2017   24    1993     0.353
2017   25    1992     0.448
2017   26    1991     0.547
2017   27    1990     0.651
2017   28    1989     0.749
2017   29    1988     0.849
2017   30    1987     0.949
2017   31    1986     1.043
2017   32    1985     1.132
2017   33    1984     1.210
2017   34    1983     1.284
2017   35    1982     1.351
2017   36    1981     1.410
2017   37    1980     1.462
2017   38    1979     1.502
2017   39    1978     1.538
2017   40    1977     1.565
2017   41    1976     1.586
2017   42    1975     1.600
2017   43    1974     1.610
2017   44    1973     1.615
2017   45    1972     1.618
2017   46    1971     1.620
2017   47    1970     1.621
2017   48    1969     1.621
2017   49    1968     1.621
2017   50    1967     1.621
2017   51    1966     1.622
2017   52    1965     1.622
2017   53    1964     1.622
2017   54    1963     1.622
2017   55    1962     1.622
2018   12    2006     0.000
2018   13    2005     0.000
2018   14    2004     0.000
2018   15    2003     0.000
2018   16    2002     0.001
2018   17    2001     0.003
2018   18    2000     0.011
2018   19    1999     0.027
2018   20    1998     0.060
2018   21    1997     0.110
2018   22    1996     0.175
2018   23    1995     0.248
2018   24    1994     0.331
2018   25    1993     0.424
2018   26    1992     0.522
2018   27    1991     0.622
2018   28    1990     0.722
2018   29    1989     0.815
2018   30    1988     0.909
2018   31    1987     1.002
2018   32    1986     1.090
2018   33    1985     1.170
2018   34    1984     1.240
2018   35    1983     1.306
2018   36    1982     1.364
2018   37    1981     1.416
2018   38    1980     1.460
2018   39    1979     1.493
2018   40    1978     1.521
2018   41    1977     1.543
2018   42    1976     1.558
2018   43    1975     1.567
2018   44    1974     1.573
2018   45    1973     1.576
2018   46    1972     1.578
2018   47    1971     1.579
2018   48    1970     1.579
2018   49    1969     1.580
2018   50    1968     1.580
2018   51    1967     1.580
2018   52    1966     1.580
2018   53    1965     1.580
2018   54    1964     1.580
2018   55    1963     1.580
