Russian Federation, Female population exposure by calendar year and age (Lexis squares, age in completed years (ACY))
Last modified: 22/10/2020
Year    Age        Exposure
1959     12      1004493.38
1959     13       786572.81
1959     14       515964.62
1959     15       432303.73
1959     16       525118.67
1959     17       845921.46
1959     18      1109462.71
1959     19      1197629.23
1959     20      1311638.82
1959     21      1329234.77
1959     22      1234973.31
1959     23      1095931.19
1959     24       943467.43
1959     25       878056.08
1959     26       965088.34
1959     27      1032929.29
1959     28      1126900.87
1959     29      1198375.07
1959     30      1288475.94
1959     31      1273861.28
1959     32      1213448.24
1959     33      1190254.02
1959     34      1102486.05
1959     35      1048744.40
1959     36       931343.60
1959     37       776222.08
1959     38       713207.55
1959     39       685132.50
1959     40       757002.41
1959     41       693584.62
1959     42       602660.40
1959     43       726679.03
1959     44       876382.11
1959     45       948005.44
1959     46       948518.14
1959     47       903300.29
1959     48       913713.17
1959     49       869112.15
1959     50       815463.35
1959     51       797473.77
1959     52       752205.44
1959     53       733723.78
1959     54       712004.53
1959     55       739340.39
1960     12      1057797.54
1960     13      1001255.90
1960     14       782821.49
1960     15       514334.60
1960     16       432176.85
1960     17       524671.63
1960     18       844541.60
1960     19      1104838.30
1960     20      1195485.06
1960     21      1309229.02
1960     22      1324973.77
1960     23      1230886.87
1960     24      1089625.62
1960     25       939429.73
1960     26       872283.63
1960     27       959375.80
1960     28      1029547.79
1960     29      1121068.53
1960     30      1196026.99
1960     31      1283287.96
1960     32      1269577.77
1960     33      1210861.12
1960     34      1184773.28
1960     35      1101151.38
1960     36      1046005.87
1960     37       927413.89
1960     38       774118.18
1960     39       708424.82
1960     40       681974.92
1960     41       753776.59
1960     42       690402.21
1960     43       599893.04
1960     44       722520.55
1960     45       875497.29
1960     46       946602.38
1960     47       945715.54
1960     48       904825.03
1960     49       909188.24
1960     50       865229.12
1960     51       814035.85
1960     52       794416.20
1960     53       750836.21
1960     54       731483.01
1960     55       710191.12
1961     12      1154565.86
1961     13      1053087.34
1961     14       998561.97
1961     15       779238.87
1961     16       512738.96
1961     17       431690.83
1961     18       523554.56
1961     19       842999.21
1961     20      1099979.36
1961     21      1193380.24
1961     22      1306949.63
1961     23      1320977.28
1961     24      1227076.00
1961     25      1083625.11
1961     26       935470.42
1961     27       866303.34
1961     28       953741.84
1961     29      1025909.74
1961     30      1115115.06
1961     31      1193500.64
1961     32      1278329.06
1961     33      1265147.54
1961     34      1208504.72
1961     35      1179287.81
1961     36      1099910.03
1961     37      1043490.57
1961     38       923632.84
1961     39       772034.84
1961     40       703566.92
1961     41       678608.43
1961     42       750909.62
1961     43       686878.94
1961     44       596992.31
1961     45       717940.67
1961     46       874662.08
1961     47       945092.27
1961     48       942897.90
1961     49       906244.43
1961     50       904516.50
1961     51       861334.61
1961     52       812686.47
1961     53       791035.18
1961     54       749563.71
1961     55       728873.29
1962     12      1191843.51
1962     13      1151139.16
1962     14      1048410.98
1962     15       995871.17
1962     16       775628.89
1962     17       511133.22
1962     18       431202.71
1962     19       522432.68
1962     20       841388.49
1962     21      1095147.88
1962     22      1191331.76
1962     23      1304659.45
1962     24      1317061.14
1962     25      1223314.20
1962     26      1077646.03
1962     27       931531.20
1962     28       860292.24
1962     29       948161.00
1962     30      1022136.32
1962     31      1109154.11
1962     32      1190987.46
1962     33      1273283.58
1962     34      1260845.24
1962     35      1206043.90
1962     36      1173685.57
1962     37      1098689.29
1962     38      1040896.75
1962     39       919867.17
1962     40       769838.56
1962     41       698693.37
1962     42       675157.51
1962     43       747828.49
1962     44       683426.70
1962     45       593926.68
1962     46       713185.87
1962     47       873754.27
1962     48       943237.12
1962     49       939911.57
1962     50       907233.53
1962     51       899671.05
1962     52       857192.00
1962     53       810794.39
1962     54       787534.67
1962     55       747747.17
1963     12      1188410.49
1963     13      1189765.73
1963     14      1147732.42
1963     15      1043729.18
1963     16       993151.71
1963     17       771977.61
1963     18       509500.58
1963     19       430701.99
1963     20       521247.88
1963     21       839795.84
1963     22      1090369.14
1963     23      1189277.11
1963     24      1302420.41
1963     25      1313137.17
1963     26      1219485.99
1963     27      1071611.14
1963     28       927547.19
1963     29       854318.14
1963     30       942462.99
1963     31      1018377.30
1963     32      1103247.67
1963     33      1188447.35
1963     34      1268336.58
1963     35      1256394.24
1963     36      1203432.38
1963     37      1168094.87
1963     38      1097387.57
1963     39      1038259.47
1963     40       915912.26
1963     41       767569.76
1963     42       693722.71
1963     43       671494.35
1963     44       744797.39
1963     45       679805.34
1963     46       590683.00
1963     47       708373.60
1963     48       872545.82
1963     49       941176.43
1963     50       936537.56
1963     51       908080.61
1963     52       894481.01
1963     53       852509.67
1963     54       808719.22
1963     55       783538.74
1964     12      1211826.65
1964     13      1184287.26
1964     14      1187713.03
1964     15      1144326.34
1964     16      1039031.40
1964     17       990375.38
1964     18       768286.74
1964     19       507847.34
1964     20       430140.92
1964     21       520075.13
1964     22       838232.48
1964     23      1085586.20
1964     24      1187251.15
1964     25      1300157.63
1964     26      1309199.50
1964     27      1215682.15
1964     28      1065615.11
1964     29       923632.37
1964     30       848249.93
1964     31       936816.32
1964     32      1014657.53
1964     33      1097285.23
1964     34      1185987.25
1964     35      1263243.90
1964     36      1251819.89
1964     37      1200861.77
1964     38      1162412.44
1964     39      1096010.17
1964     40      1035427.23
1964     41       911934.22
1964     42       765240.71
1964     43       688544.31
1964     44       667924.43
1964     45       741646.20
1964     46       676011.28
1964     47       587409.25
1964     48       703368.93
1964     49       871205.39
1964     50       938799.78
1964     51       933079.69
1964     52       908683.95
1964     53       888877.87
1964     54       847725.95
1964     55       806312.36
1965     12      1209317.11
1965     13      1207771.87
1965     14      1180181.67
1965     15      1185663.11
1965     16      1140920.86
1965     17      1034283.43
1965     18       987536.07
1965     19       764563.31
1965     20       506159.78
1965     21       429600.77
1965     22       518938.48
1965     23       836691.60
1965     24      1080850.75
1965     25      1185229.10
1965     26      1297931.14
1965     27      1305336.92
1965     28      1211935.35
1965     29      1059689.17
1965     30       919648.68
1965     31       842230.05
1965     32       931139.94
1965     33      1010833.78
1965     34      1091389.78
1965     35      1183426.38
1965     36      1258098.44
1965     37      1247305.66
1965     38      1198211.74
1965     39      1156689.66
1965     40      1094478.56
1965     41      1032611.43
1965     42       907875.69
1965     43       762660.42
1965     44       683426.53
1965     45       664180.86
1965     46       738298.51
1965     47       672161.49
1965     48       583936.58
1965     49       698207.64
1965     50       869533.40
1965     51       936377.81
1965     52       929375.58
1965     53       908761.45
1965     54       883112.97
1965     55       842547.18
1966     12      1252738.50
1966     13      1204368.75
1966     14      1203697.32
1966     15      1176048.53
1966     16      1183567.81
1966     17      1137434.58
1966     18      1029449.08
1966     19       984663.23
1966     20       760818.63
1966     21       504484.35
1966     22       429076.09
1966     23       517790.34
1966     24       835188.84
1966     25      1076122.24
1966     26      1183215.62
1966     27      1295729.23
1966     28      1301440.79
1966     29      1208173.00
1966     30      1053644.77
1966     31       915630.97
1966     32       836150.41
1966     33       925361.37
1966     34      1007025.49
1966     35      1085380.88
1966     36      1180775.60
1966     37      1252948.72
1966     38      1242691.54
1966     39      1195497.55
1966     40      1150792.94
1966     41      1092940.20
1966     42      1029683.48
1966     43       903512.98
1966     44       760021.89
1966     45       678030.05
1966     46       660197.21
1966     47       734856.01
1966     48       668069.07
1966     49       580256.57
1966     50       692679.61
1966     51       867768.86
1966     52       933665.94
1966     53       925117.70
1966     54       908572.74
1966     55       876757.14
1967     12      1299087.40
1967     13      1248575.05
1967     14      1199421.84
1967     15      1199589.75
1967     16      1171842.27
1967     17      1181397.18
1967     18      1133874.98
1967     19      1024583.92
1967     20       981781.49
1967     21       757087.60
1967     22       502809.99
1967     23       428532.65
1967     24       516662.64
1967     25       833646.90
1967     26      1071358.93
1967     27      1181225.53
1967     28      1293507.39
1967     29      1297532.68
1967     30      1204314.25
1967     31      1047589.93
1967     32       911619.81
1967     33       829994.02
1967     34       919571.94
1967     35      1003124.04
1967     36      1079284.10
1967     37      1178083.20
1967     38      1247595.68
1967     39      1237859.97
1967     40      1192497.94
1967     41      1144816.79
1967     42      1091259.48
1967     43      1026436.39
1967     44       899062.18
1967     45       757195.50
1967     46       672498.22
1967     47       656158.97
1967     48       731151.73
1967     49       663719.48
1967     50       576264.87
1967     51       687050.92
1967     52       865710.04
1967     53       930428.47
1967     54       920536.75
1967     55       907856.96
1968     12      1310634.20
1968     13      1296112.81
1968     14      1244446.84
1968     15      1194467.20
1968     16      1195457.59
1968     17      1167615.96
1968     18      1179174.73
1968     19      1130280.34
1968     20      1019707.62
1968     21       978896.71
1968     22       753358.82
1968     23       501138.88
1968     24       428005.51
1968     25       515497.36
1968     26       832068.08
1968     27      1066621.11
1968     28      1179244.72
1968     29      1291290.77
1968     30      1293547.09
1968     31      1200433.88
1968     32      1041536.22
1968     33       907561.67
1968     34       823835.45
1968     35       913704.09
1968     36       999149.49
1968     37      1073124.32
1968     38      1175208.56
1968     39      1242070.43
1968     40      1232802.62
1968     41      1189427.14
1968     42      1138668.20
1968     43      1089258.42
1968     44      1023033.65
1968     45       894383.29
1968     46       754171.02
1968     47       666840.46
1968     48       651866.92
1968     49       727211.75
1968     50       659142.87
1968     51       572163.05
1968     52       681170.83
1968     53       863224.77
1968     54       926860.02
1968     55       915476.72
1969     12      1280510.44
1969     13      1308621.27
1969     14      1293153.33
1969     15      1240303.52
1969     16      1189482.84
1969     17      1191270.02
1969     18      1163309.27
1969     19      1176892.67
1969     20      1126619.64
1969     21      1014790.60
1969     22       976005.07
1969     23       749621.21
1969     24       499469.92
1969     25       427454.61
1969     26       514306.50
1969     27       830499.19
1969     28      1061861.38
1969     29      1177211.35
1969     30      1288940.59
1969     31      1289498.84
1969     32      1196525.80
1969     33      1035408.28
1969     34       903422.03
1969     35       817569.45
1969     36       907734.42
1969     37       995047.44
1969     38      1066844.60
1969     39      1172244.59
1969     40      1236337.61
1969     41      1227586.86
1969     42      1186138.49
1969     43      1132208.99
1969     44      1087038.17
1969     45      1019329.05
1969     46       889427.26
1969     47       750977.49
1969     48       660925.71
1969     49       647307.38
1969     50       722926.47
1969     51       654317.76
1969     52       567852.98
1969     53       674977.45
1969     54       860365.80
1969     55       922674.09
1970     12      1300920.43
1970     13      1265873.76
1970     14      1306883.87
1970     15      1288495.30
1970     16      1235583.32
1970     17      1195946.34
1970     18      1193182.38
1970     19      1160337.91
1970     20      1187904.29
1970     21      1111848.10
1970     22      1022261.21
1970     23       981937.56
1970     24       749355.77
1970     25       505965.13
1970     26       430952.93
1970     27       516835.71
1970     28       824892.73
1970     29      1051096.48
1970     30      1179562.07
1970     31      1271145.67
1970     32      1289928.64
1970     33      1187583.64
1970     34      1045733.83
1970     35       899708.15
1970     36       806039.61
1970     37       913439.20
1970     38       980872.34
1970     39      1060299.18
1970     40      1163286.23
1970     41      1216750.02
1970     42      1221914.63
1970     43      1177489.89
1970     44      1129399.93
1970     45      1086527.78
1970     46      1008361.76
1970     47       916966.34
1970     48       771168.39
1970     49       678978.10
1970     50       652595.59
1970     51       717178.38
1970     52       652877.93
1970     53       569520.57
1970     54       679207.25
1970     55       863220.10
1971     12      1280889.56
1971     13      1287478.42
1971     14      1263517.13
1971     15      1302250.10
1971     16      1283943.52
1971     17      1243137.07
1971     18      1197364.15
1971     19      1190619.65
1971     20      1168400.45
1971     21      1174713.80
1971     22      1118417.00
1971     23      1027579.82
1971     24       982376.82
1971     25       754744.97
1971     26       509471.24
1971     27       434143.10
1971     28       511528.89
1971     29       817314.95
1971     30      1050791.26
1971     31      1164927.33
1971     32      1271632.45
1971     33      1283600.48
1971     34      1199002.66
1971     35      1041281.98
1971     36       891488.53
1971     37       812995.21
1971     38       901113.97
1971     39       977054.69
1971     40      1049516.02
1971     41      1149368.04
1971     42      1207641.80
1971     43      1216535.11
1971     44      1173921.44
1971     45      1127676.64
1971     46      1076806.58
1971     47      1035168.67
1971     48       936317.57
1971     49       791335.09
1971     50       682382.78
1971     51       649592.89
1971     52       714759.83
1971     53       656755.10
1971     54       573451.07
1971     55       676360.15
1972     12      1261630.26
1972     13      1278209.25
1972     14      1285233.55
1972     15      1258897.49
1972     16      1297950.44
1972     17      1280627.52
1972     18      1239699.54
1972     19      1193524.10
1972     20      1186250.39
1972     21      1163853.42
1972     22      1170865.75
1972     23      1114208.42
1972     24      1024253.81
1972     25       980314.82
1972     26       753400.28
1972     27       509004.26
1972     28       433500.60
1972     29       510257.36
1972     30       815912.97
1972     31      1049033.11
1972     32      1164298.10
1972     33      1270243.79
1972     34      1281660.39
1972     35      1195085.99
1972     36      1039517.04
1972     37       890200.51
1972     38       811911.96
1972     39       899096.67
1972     40       974789.79
1972     41      1047418.94
1972     42      1146073.08
1972     43      1203920.64
1972     44      1212385.94
1972     45      1169530.46
1972     46      1123933.83
1972     47      1072039.35
1972     48      1030319.72
1972     49       931226.36
1972     50       786612.22
1972     51       678519.41
1972     52       646353.95
1972     53       711422.11
1972     54       652414.62
1972     55       565207.46
1973     12      1233834.69
1973     13      1258850.16
1973     14      1275555.29
1973     15      1280738.98
1973     16      1254029.76
1973     17      1295143.45
1973     18      1278193.04
1973     19      1237569.51
1973     20      1190651.68
1973     21      1182834.73
1973     22      1159846.77
1973     23      1167832.21
1973     24      1110640.52
1973     25      1021388.90
1973     26       978710.25
1973     27       752352.47
1973     28       508705.34
1973     29       432987.28
1973     30       509239.34
1973     31       814653.45
1973     32      1047557.72
1973     33      1163474.52
1973     34      1269309.85
1973     35      1279301.30
1973     36      1193122.67
1973     37      1037992.90
1973     38       888671.22
1973     39       810593.05
1973     40       897013.45
1973     41       972433.09
1973     42      1045009.82
1973     43      1142556.58
1973     44      1200058.92
1973     45      1207947.32
1973     46      1165099.50
1973     47      1119640.51
1973     48      1067323.98
1973     49      1024974.30
1973     50       925907.60
1973     51       781374.17
1973     52       674461.98
1973     53       643210.68
1973     54       708281.99
1973     55       648807.74
1974     12      1197106.63
1974     13      1232278.44
1974     14      1256191.34
1974     15      1270189.45
1974     16      1275515.02
1974     17      1250180.98
1974     18      1292975.57
1974     19      1276790.50
1974     20      1236245.65
1974     21      1188473.93
1974     22      1179888.82
1974     23      1157027.73
1974     24      1164924.18
1974     25      1107581.94
1974     26      1019017.90
1974     27       977516.78
1974     28       751580.44
1974     29       508513.79
1974     30       432566.54
1974     31       508358.35
1974     32       813568.05
1974     33      1045920.04
1974     34      1162625.16
1974     35      1267914.44
1974     36      1277217.97
1974     37      1191285.23
1974     38      1036294.72
1974     39       887294.94
1974     40       809214.59
1974     41       894850.37
1974     42       969909.30
1974     43      1042428.64
1974     44      1138816.15
1974     45      1195871.31
1974     46      1203456.31
1974     47      1160138.94
1974     48      1115401.73
1974     49      1062190.99
1974     50      1019431.68
1974     51       920001.34
1974     52       775935.94
1974     53       670513.02
1974     54       640071.34
1974     55       704565.40
1975     12      1135947.07
1975     13      1195317.79
1975     14      1230955.52
1975     15      1251531.99
1975     16      1266226.76
1975     17      1275276.70
1975     18      1251732.14
1975     19      1294463.48
1975     20      1276659.23
1975     21      1235426.16
1975     22      1187226.74
1975     23      1178615.74
1975     24      1154909.78
1975     25      1163500.32
1975     26      1105840.47
1975     27      1017572.90
1975     28       976891.72
1975     29       751315.24
1975     30       508582.65
1975     31       432500.46
1975     32       507762.52
1975     33       812609.09
1975     34      1044507.67
1975     35      1161587.79
1975     36      1266857.53
1975     37      1275279.07
1975     38      1189493.62
1975     39      1034754.85
1975     40       885911.02
1975     41       807876.33
1975     42       892695.05
1975     43       967359.17
1975     44      1039717.59
1975     45      1134837.15
1975     46      1191791.72
1975     47      1198553.91
1975     48      1155530.15
1975     49      1111340.79
1975     50      1056963.40
1975     51      1013334.14
1975     52       913888.31
1975     53       770385.52
1975     54       666692.64
1975     55       636283.52
1976     12      1057276.17
1976     13      1133538.91
1976     14      1194121.74
1976     15      1229663.86
1976     16      1250945.91
1976     17      1271267.82
1976     18      1282075.35
1976     19      1254387.74
1976     20      1296590.14
1976     21      1276934.59
1976     22      1235239.64
1976     23      1187559.92
1976     24      1178374.09
1976     25      1153433.45
1976     26      1162950.92
1976     27      1104954.48
1976     28      1017109.19
1976     29       977071.09
1976     30       751874.51
1976     31       509054.78
1976     32       432763.47
1976     33       507580.89
1976     34       811820.10
1976     35      1043011.63
1976     36      1160702.06
1976     37      1265450.73
1976     38      1272953.45
1976     39      1187329.11
1976     40      1033205.46
1976     41       884254.62
1976     42       806117.75
1976     43       890243.19
1976     44       964564.56
1976     45      1036280.95
1976     46      1130610.52
1976     47      1187244.38
1976     48      1194049.00
1976     49      1150952.53
1976     50      1106930.58
1976     51      1051077.75
1976     52      1006945.18
1976     53       907732.69
1976     54       764992.84
1976     55       662117.04
1977     12       974215.40
1977     13      1055521.61
1977     14      1131568.20
1977     15      1194044.57
1977     16      1231949.13
1977     17      1255914.41
1977     18      1278255.45
1977     19      1284829.87
1977     20      1256822.61
1977     21      1295523.14
1977     22      1276413.00
1977     23      1236286.22
1977     24      1187698.75
1977     25      1177666.66
1977     26      1153051.90
1977     27      1163455.18
1977     28      1104342.74
1977     29      1016162.16
1977     30       976998.94
1977     31       751002.54
1977     32       508972.28
1977     33       432716.89
1977     34       506680.76
1977     35       810320.70
1977     36      1040944.71
1977     37      1158703.48
1977     38      1263366.69
1977     39      1269905.92
1977     40      1184998.13
1977     41      1031136.94
1977     42       882047.38
1977     43       803819.50
1977     44       887531.33
1977     45       960935.51
1977     46      1032651.11
1977     47      1126041.04
1977     48      1182773.20
1977     49      1188714.88
1977     50      1145868.62
1977     51      1101112.00
1977     52      1044768.32
1977     53      1000338.93
1977     54       901409.24
1977     55       758926.40
1978     12       941240.99
1978     13       973561.58
1978     14      1053706.10
1978     15      1132757.44
1978     16      1196370.04
1978     17      1236949.42
1978     18      1263551.80
1978     19      1279981.76
1978     20      1285494.59
1978     21      1253857.41
1978     22      1293456.47
1978     23      1276587.92
1978     24      1236753.79
1978     25      1188394.61
1978     26      1177882.18
1978     27      1153312.23
1978     28      1162715.93
1978     29      1103297.80
1978     30      1014651.01
1978     31       975870.78
1978     32       750006.56
1978     33       508604.79
1978     34       432012.95
1978     35       505512.32
1978     36       808449.62
1978     37      1038695.08
1978     38      1156774.78
1978     39      1261120.39
1978     40      1266667.51
1978     41      1182350.37
1978     42      1028803.34
1978     43       879294.01
1978     44       801452.10
1978     45       884218.06
1978     46       957707.63
1978     47      1028654.40
1978     48      1121565.40
1978     49      1177437.14
1978     50      1183108.14
1978     51      1139267.15
1978     52      1094622.08
1978     53      1037997.98
1978     54       993415.18
1978     55       894190.77
1979     12       911702.90
1979     13       940721.88
1979     14       972990.21
1979     15      1053748.07
1979     16      1132930.50
1979     17      1204355.75
1979     18      1247603.40
1979     19      1265451.56
1979     20      1280805.90
1979     21      1282481.84
1979     22      1252442.96
1979     23      1292640.12
1979     24      1276104.67
1979     25      1236754.82
1979     26      1186062.76
1979     27      1178057.54
1979     28      1152127.25
1979     29      1162761.56
1979     30      1102730.77
1979     31      1013978.56
1979     32       973960.45
1979     33       747922.91
1979     34       507826.55
1979     35       430432.05
1979     36       504543.85
1979     37       809204.57
1979     38      1036268.45
1979     39      1155628.33
1979     40      1256455.28
1979     41      1263473.02
1979     42      1179740.67
1979     43      1024580.54
1979     44       876286.36
1979     45       797977.01
1979     46       880540.29
1979     47       954932.97
1979     48      1025747.89
1979     49      1116738.71
1979     50      1172417.48
1979     51      1175314.79
1979     52      1133083.73
1979     53      1088413.65
1979     54      1031461.46
1979     55       986387.93
1980     12       887302.88
1980     13       910389.86
1980     14       940612.41
1980     15       971682.81
1980     16      1051862.81
1980     17      1144104.83
1980     18      1213755.21
1980     19      1250540.68
1980     20      1266275.40
1980     21      1278885.28
1980     22      1282539.38
1980     23      1251985.37
1980     24      1291062.02
1980     25      1274360.11
1980     26      1233885.17
1980     27      1184811.08
1980     28      1177416.90
1980     29      1151979.95
1980     30      1162486.63
1980     31      1102018.05
1980     32      1012370.84
1980     33       968505.17
1980     34       745282.23
1980     35       505511.02
1980     36       428882.82
1980     37       505718.77
1980     38       809295.77
1980     39      1034286.19
1980     40      1151927.83
1980     41      1251959.24
1980     42      1260300.01
1980     43      1175212.56
1980     44      1020193.20
1980     45       872275.32
1980     46       793597.52
1980     47       877358.71
1980     48       952919.95
1980     49      1022657.36
1980     50      1111937.26
1980     51      1165588.46
1980     52      1167844.66
1980     53      1127088.46
1980     54      1082384.42
1980     55      1024904.67
1981     12       889319.32
1981     13       885607.51
1981     14       909457.47
1981     15       939194.63
1981     16       969031.06
1981     17      1062326.24
1981     18      1150446.40
1981     19      1215248.36
1981     20      1251070.05
1981     21      1267427.95
1981     22      1280388.74
1981     23      1282097.35
1981     24      1251300.29
1981     25      1289271.88
1981     26      1272531.19
1981     27      1231411.79
1981     28      1183623.96
1981     29      1178289.22
1981     30      1151220.84
1981     31      1161984.68
1981     32      1102111.47
1981     33      1007581.91
1981     34       965257.16
1981     35       742732.65
1981     36       503753.98
1981     37       427668.01
1981     38       506749.45
1981     39       809149.09
1981     40      1032117.23
1981     41      1148231.21
1981     42      1247042.63
1981     43      1256674.11
1981     44      1170523.83
1981     45      1014998.99
1981     46       867667.42
1981     47       788777.94
1981     48       873896.20
1981     49       950724.38
1981     50      1018859.66
1981     51      1106695.97
1981     52      1158054.28
1981     53      1159964.31
1981     54      1120681.63
1981     55      1075307.34
1982     12       914569.22
1982     13       887287.70
1982     14       884001.43
1982     15       907592.26
1982     16       936166.62
1982     17       978313.18
1982     18      1067846.49
1982     19      1153678.75
1982     20      1216224.46
1982     21      1255281.26
1982     22      1272485.43
1982     23      1285825.35
1982     24      1284236.03
1982     25      1252479.64
1982     26      1289255.74
1982     27      1272542.33
1982     28      1229171.93
1982     29      1185412.70
1982     30      1177810.57
1982     31      1150271.35
1982     32      1162602.66
1982     33      1100965.64
1982     34      1005163.41
1982     35       961140.60
1982     36       740267.31
1982     37       501917.58
1982     38       426185.14
1982     39       507517.83
1982     40       808807.36
1982     41      1029543.56
1982     42      1143877.67
1982     43      1241525.81
1982     44      1252205.67
1982     45      1164789.25
1982     46      1009193.72
1982     47       862720.82
1982     48       783687.63
1982     49       869802.64
1982     50       947838.53
1982     51      1014649.94
1982     52      1101038.40
1982     53      1150313.66
1982     54      1151545.24
1982     55      1113403.55
1983     12       946925.77
1983     13       912406.46
1983     14       884738.33
1983     15       881407.69
1983     16       905833.86
1983     17       944820.19
1983     18       984512.73
1983     19      1070792.66
1983     20      1153312.16
1983     21      1219597.09
1983     22      1262101.03
1983     23      1281725.58
1983     24      1291713.59
1983     25      1287561.31
1983     26      1254798.18
1983     27      1292106.57
1983     28      1272647.06
1983     29      1231432.74
1983     30      1185323.13
1983     31      1179540.92
1983     32      1150805.37
1983     33      1162903.77
1983     34      1100357.06
1983     35      1001682.03
1983     36       957993.39
1983     37       737439.54
1983     38       499696.10
1983     39       424092.05
1983     40       507680.80
1983     41       807344.93
1983     42      1026886.32
1983     43      1139083.85
1983     44      1235817.40
1983     45      1247153.42
1983     46      1158680.99
1983     47      1003237.77
1983     48       857628.90
1983     49       777858.07
1983     50       865536.00
1983     51       944612.67
1983     52      1010166.56
1983     53      1095121.43
1983     54      1141916.12
1983     55      1142322.36
1984     12       983738.59
1984     13       946120.13
1984     14       910007.94
1984     15       881399.00
1984     16       880767.55
1984     17       915689.29
1984     18       952195.35
1984     19       987575.54
1984     20      1071723.88
1984     21      1156300.72
1984     22      1224288.81
1984     23      1268183.31
1984     24      1287758.23
1984     25      1296754.10
1984     26      1289075.53
1984     27      1257167.94
1984     28      1293764.08
1984     29      1273958.60
1984     30      1232022.67
1984     31      1187017.81
1984     32      1181291.12
1984     33      1151226.87
1984     34      1163463.43
1984     35      1100144.77
1984     36       999437.76
1984     37       954505.54
1984     38       734500.78
1984     39       497203.31
1984     40       421628.49
1984     41       507348.43
1984     42       806635.45
1984     43      1024037.14
1984     44      1134753.43
1984     45      1229770.47
1984     46      1241973.10
1984     47      1152582.92
1984     48       997220.96
1984     49       852190.14
1984     50       772073.08
1984     51       860924.51
1984     52       941317.16
1984     53      1005407.71
1984     54      1088645.24
1984     55      1132663.04
1985     12       995747.61
1985     13       984435.69
1985     14       945546.17
1985     15       907879.97
1985     16       880904.88
1985     17       892846.99
1985     18       923963.17
1985     19       958813.60
1985     20       991331.99
1985     21      1077045.50
1985     22      1160642.17
1985     23      1228850.60
1985     24      1272378.25
1985     25      1293122.79
1985     26      1298946.63
1985     27      1290042.91
1985     28      1258262.85
1985     29      1294181.38
1985     30      1274027.58
1985     31      1232028.40
1985     32      1188072.73
1985     33      1183006.85
1985     34      1151704.27
1985     35      1163884.47
1985     36      1099268.16
1985     37       996901.54
1985     38       951403.61
1985     39       731787.88
1985     40       494766.30
1985     41       419555.46
1985     42       507588.90
1985     43       805886.47
1985     44      1021385.89
1985     45      1130083.89
1985     46      1223761.73
1985     47      1236874.32
1985     48      1146377.66
1985     49       990971.30
1985     50       846690.33
1985     51       766116.28
1985     52       856421.00
1985     53       937898.39
1985     54      1000405.39
1985     55      1081490.76
1986     12      1006412.50
1986     13       996615.80
1986     14       985180.93
1986     15       945497.15
1986     16       908504.73
1986     17       895249.73
1986     18       901443.41
1986     19       932512.16
1986     20       964460.83
1986     21       997188.21
1986     22      1081655.16
1986     23      1164171.49
1986     24      1231798.60
1986     25      1276738.43
1986     26      1297192.81
1986     27      1302170.90
1986     28      1290871.45
1986     29      1259452.04
1986     30      1294686.83
1986     31      1274117.42
1986     32      1231649.25
1986     33      1188871.99
1986     34      1184873.96
1986     35      1151573.20
1986     36      1164142.73
1986     37      1098784.37
1986     38       994799.94
1986     39       948103.14
1986     40       729001.64
1986     41       492484.36
1986     42       417726.12
1986     43       507875.28
1986     44       805234.38
1986     45      1018512.97
1986     46      1125506.88
1986     47      1217788.96
1986     48      1231747.44
1986     49      1140428.00
1986     50       985001.62
1986     51       841145.40
1986     52       760576.21
1986     53       852108.08
1986     54       934551.86
1986     55       995072.57
1987     12      1024597.19
1987     13      1006499.38
1987     14       997458.98
1987     15       987244.48
1987     16       947302.07
1987     17       924690.55
1987     18       903679.10
1987     19       907096.03
1987     20       937248.39
1987     21       969484.41
1987     22      1000776.87
1987     23      1084188.00
1987     24      1166017.29
1987     25      1233864.70
1987     26      1280327.10
1987     27      1301133.85
1987     28      1304473.37
1987     29      1292136.61
1987     30      1260745.82
1987     31      1294736.65
1987     32      1273745.80
1987     33      1231036.50
1987     34      1189537.77
1987     35      1186384.85
1987     36      1151892.32
1987     37      1164590.68
1987     38      1098095.43
1987     39       992145.99
1987     40       944631.78
1987     41       726089.06
1987     42       490323.09
1987     43       415693.97
1987     44       508043.19
1987     45       804367.97
1987     46      1015475.46
1987     47      1120834.64
1987     48      1211695.09
1987     49      1226690.33
1987     50      1134159.73
1987     51       978755.09
1987     52       835794.14
1987     53       754893.83
1987     54       847648.22
1987     55       930802.14
1988     12      1048112.93
1988     13      1024537.70
1988     14      1006605.61
1988     15      1000084.52
1988     16       990651.32
1988     17       963512.57
1988     18       931090.20
1988     19       906566.31
1988     20       908800.07
1988     21       939800.81
1988     22       972346.71
1988     23      1001972.62
1988     24      1084816.04
1988     25      1165276.43
1988     26      1234758.16
1988     27      1282538.40
1988     28      1304194.57
1988     29      1306882.26
1988     30      1292695.99
1988     31      1261678.52
1988     32      1294616.17
1988     33      1273294.01
1988     34      1230180.18
1988     35      1189992.23
1988     36      1187646.99
1988     37      1151759.15
1988     38      1164506.94
1988     39      1096855.34
1988     40       989225.84
1988     41       940788.57
1988     42       723061.93
1988     43       488034.11
1988     44       413470.77
1988     45       508033.99
1988     46       803200.30
1988     47      1012168.34
1988     48      1116109.68
1988     49      1205370.35
1988     50      1220925.40
1988     51      1127337.21
1988     52       972214.81
1988     53       829915.27
1988     54       749023.41
1988     55       842952.24
1989     12      1049343.46
1989     13      1048205.71
1989     14      1024384.76
1989     15      1007430.70
1989     16      1002013.54
1989     17      1002464.74
1989     18       965933.38
1989     19       931035.02
1989     20       904513.37
1989     21       907861.01
1989     22       939857.67
1989     23       971529.53
1989     24      1000936.25
1989     25      1083073.13
1989     26      1163542.45
1989     27      1234748.17
1989     28      1282681.54
1989     29      1305401.05
1989     30      1306204.75
1989     31      1293227.40
1989     32      1261558.37
1989     33      1293797.13
1989     34      1272925.07
1989     35      1229182.29
1989     36      1190546.06
1989     37      1187094.78
1989     38      1150886.33
1989     39      1163864.19
1989     40      1094465.61
1989     41       986753.21
1989     42       937835.88
1989     43       721296.87
1989     44       485896.94
1989     45       412094.17
1989     46       508208.49
1989     47       800283.91
1989     48      1009549.85
1989     49      1110865.92
1989     50      1200205.46
1989     51      1215404.20
1989     52      1120772.21
1989     53       966927.93
1989     54       824626.34
1989     55       744097.55
1990     12      1057303.76
1990     13      1050572.13
1990     14      1049024.86
1990     15      1025248.98
1990     16      1008068.39
1990     17      1010036.28
1990     18      1002579.18
1990     19       960322.91
1990     20       928491.11
1990     21       902868.59
1990     22       906267.54
1990     23       938427.84
1990     24       969928.42
1990     25      1000055.42
1990     26      1082158.40
1990     27      1163014.49
1990     28      1235437.20
1990     29      1282719.50
1990     30      1307179.72
1990     31      1306929.25
1990     32      1293086.14
1990     33      1262256.03
1990     34      1294158.73
1990     35      1273207.86
1990     36      1229264.43
1990     37      1190098.32
1990     38      1187465.97
1990     39      1150364.38
1990     40      1163644.80
1990     41      1093989.74
1990     42       985755.16
1990     43       937091.00
1990     44       720372.56
1990     45       485248.73
1990     46       411458.24
1990     47       507039.25
1990     48       798696.87
1990     49      1006873.68
1990     50      1107828.98
1990     51      1196104.27
1990     52      1210988.25
1990     53      1116565.20
1990     54       962546.16
1990     55       820607.34
1991     12      1068872.00
1991     13      1059704.55
1991     14      1052690.75
1991     15      1053050.89
1991     16      1028077.87
1991     17      1011474.30
1991     18      1009009.78
1991     19       997784.70
1991     20       958489.65
1991     21       927728.63
1991     22       899892.00
1991     23       904012.39
1991     24       937501.51
1991     25       969660.48
1991     26      1001151.06
1991     27      1082718.28
1991     28      1164594.77
1991     29      1237381.77
1991     30      1285229.29
1991     31      1309328.29
1991     32      1307230.13
1991     33      1293762.18
1991     34      1263060.39
1991     35      1294262.54
1991     36      1273204.91
1991     37      1228782.77
1991     38      1190125.77
1991     39      1187124.77
1991     40      1150120.64
1991     41      1163469.70
1991     42      1092381.70
1991     43       984528.75
1991     44       935699.93
1991     45       718871.73
1991     46       484183.43
1991     47       410349.30
1991     48       505952.27
1991     49       796638.11
1991     50      1003545.23
1991     51      1104129.31
1991     52      1191377.67
1991     53      1206076.03
1991     54      1111096.11
1991     55       957209.35
1992     12      1085594.25
1992     13      1071366.98
1992     14      1062411.51
1992     15      1057220.29
1992     16      1055779.80
1992     17      1027254.81
1992     18      1010714.53
1992     19      1005949.87
1992     20       995532.91
1992     21       956983.18
1992     22       925011.58
1992     23       897765.57
1992     24       903391.12
1992     25       937524.21
1992     26       970670.18
1992     27      1002046.87
1992     28      1083623.60
1992     29      1166611.54
1992     30      1239135.31
1992     31      1287298.86
1992     32      1310879.69
1992     33      1307336.05
1992     34      1293939.12
1992     35      1263157.63
1992     36      1293702.07
1992     37      1272436.76
1992     38      1227776.38
1992     39      1189181.84
1992     40      1186008.29
1992     41      1148930.85
1992     42      1161539.75
1992     43      1090037.26
1992     44       982291.28
1992     45       933220.55
1992     46       716697.81
1992     47       482439.78
1992     48       408650.78
1992     49       504092.62
1992     50       793062.05
1992     51       999085.68
1992     52      1098863.03
1992     53      1185084.27
1992     54      1199073.19
1992     55      1104024.71
1993     12      1084562.66
1993     13      1074326.54
1993     14      1060599.42
1993     15      1052635.45
1993     16      1045853.57
1993     17      1041365.78
1993     18      1014399.32
1993     19       995098.12
1993     20       991816.09
1993     21       981555.78
1993     22       941431.95
1993     23       911789.57
1993     24       885118.38
1993     25       891899.57
1993     26       926536.01
1993     27       959353.07
1993     28       991095.63
1993     29      1072373.22
1993     30      1155962.55
1993     31      1227915.02
1993     32      1276089.54
1993     33      1299946.39
1993     34      1295981.52
1993     35      1282980.65
1993     36      1252650.56
1993     37      1282923.70
1993     38      1262151.38
1993     39      1217484.67
1993     40      1179396.76
1993     41      1176642.94
1993     42      1139880.10
1993     43      1152804.39
1993     44      1081410.36
1993     45       974693.55
1993     46       926352.67
1993     47       711319.99
1993     48       478100.36
1993     49       403727.11
1993     50       497679.40
1993     51       784395.06
1993     52       988108.45
1993     53      1086595.35
1993     54      1171040.95
1993     55      1184535.25
1994     12      1113263.10
1994     13      1089865.09
1994     14      1079508.10
1994     15      1065812.48
1994     16      1055739.30
1994     17      1044960.06
1994     18      1044032.91
1994     19      1017374.38
1994     20       999446.17
1994     21       996165.19
1994     22       983980.04
1994     23       946520.76
1994     24       917997.38
1994     25       890330.75
1994     26       897363.24
1994     27       931280.32
1994     28       963967.54
1994     29       995867.56
1994     30      1077861.35
1994     31      1161451.34
1994     32      1232970.81
1994     33      1281029.44
1994     34      1304978.02
1994     35      1299111.80
1994     36      1285942.40
1994     37      1255454.88
1994     38      1284569.13
1994     39      1263240.84
1994     40      1218191.91
1994     41      1179831.88
1994     42      1177107.37
1994     43      1139388.83
1994     44      1152096.06
1994     45      1079874.84
1994     46       973002.71
1994     47       924425.23
1994     48       709430.59
1994     49       476256.19
1994     50       401757.39
1994     51       495592.15
1994     52       780515.46
1994     53       982800.89
1994     54      1080988.08
1994     55      1164282.69
1995     12      1200300.78
1995     13      1122944.17
1995     14      1098024.93
1995     15      1088220.66
1995     16      1071128.42
1995     17      1058377.67
1995     18      1053255.63
1995     19      1051939.94
1995     20      1026281.41
1995     21      1007851.04
1995     22      1002672.16
1995     23       993898.23
1995     24       957752.16
1995     25       930510.51
1995     26       901483.04
1995     27       906728.44
1995     28       939636.28
1995     29       972167.64
1995     30      1004756.94
1995     31      1086395.57
1995     32      1170030.86
1995     33      1241682.39
1995     34      1288574.72
1995     35      1312916.43
1995     36      1304023.41
1995     37      1290171.47
1995     38      1259737.71
1995     39      1288030.43
1995     40      1265109.38
1995     41      1219475.94
1995     42      1180797.59
1995     43      1178357.04
1995     44      1139417.08
1995     45      1152530.68
1995     46      1078601.27
1995     47       971439.82
1995     48       923113.22
1995     49       707675.36
1995     50       474957.04
1995     51       400743.06
1995     52       494101.61
1995     53       777805.63
1995     54       978270.06
1995     55      1077294.22
1996     12      1217596.09
1996     13      1206896.60
1996     14      1128387.76
1996     15      1103023.63
1996     16      1091508.19
1996     17      1071066.27
1996     18      1063791.85
1996     19      1057380.43
1996     20      1056040.21
1996     21      1031630.54
1996     22      1010653.90
1996     23      1007917.60
1996     24      1001171.83
1996     25       966473.51
1996     26       939849.75
1996     27       908467.12
1996     28       911790.40
1996     29       944131.50
1996     30       976354.06
1996     31      1008876.51
1996     32      1090305.15
1996     33      1174224.42
1996     34      1245375.51
1996     35      1292261.05
1996     36      1315419.24
1996     37      1304286.97
1996     38      1290466.45
1996     39      1260431.68
1996     40      1286726.39
1996     41      1263374.31
1996     42      1217217.07
1996     43      1179120.35
1996     44      1176630.00
1996     45      1137652.90
1996     46      1150345.30
1996     47      1075392.09
1996     48       968862.43
1996     49       920770.01
1996     50       705188.90
1996     51       473494.79
1996     52       398928.18
1996     53       492431.54
1996     54       774027.21
1996     55       974198.52
1997     12      1203299.15
1997     13      1223614.24
1997     14      1212654.56
1997     15      1133245.87
1997     16      1106781.80
1997     17      1097208.79
1997     18      1075211.64
1997     19      1067907.21
1997     20      1061886.99
1997     21      1060476.40
1997     22      1035842.10
1997     23      1014706.33
1997     24      1012893.80
1997     25      1007575.92
1997     26       973823.16
1997     27       947631.48
1997     28       914059.98
1997     29       916083.74
1997     30       947660.02
1997     31       979583.84
1997     32      1012300.18
1997     33      1093129.78
1997     34      1177742.56
1997     35      1248382.80
1997     36      1294630.20
1997     37      1317959.76
1997     38      1304321.67
1997     39      1290388.21
1997     40      1260407.94
1997     41      1285476.14
1997     42      1261783.64
1997     43      1214687.92
1997     44      1177212.06
1997     45      1174729.08
1997     46      1135421.17
1997     47      1148249.61
1997     48      1072191.52
1997     49       966050.24
1997     50       918102.96
1997     51       702804.83
1997     52       471852.04
1997     53       397083.30
1997     54       490582.55
1997     55       770766.20
1998     12      1209111.92
1998     13      1209079.93
1998     14      1228585.54
1998     15      1217530.59
1998     16      1136880.82
1998     17      1115677.39
1998     18      1103084.92
1998     19      1078505.67
1998     20      1072084.75
1998     21      1065825.92
1998     22      1064180.53
1998     23      1040056.55
1998     24      1017908.30
1998     25      1017195.32
1998     26      1012500.95
1998     27       979530.39
1998     28       953821.43
1998     29       918437.04
1998     30       919423.77
1998     31       950344.52
1998     32       982117.97
1998     33      1014965.16
1998     34      1095419.58
1998     35      1180529.02
1998     36      1250658.05
1998     37      1296906.08
1998     38      1319954.28
1998     39      1304039.92
1998     40      1289898.85
1998     41      1260143.12
1998     42      1284090.89
1998     43      1259930.41
1998     44      1212089.41
1998     45      1175429.56
1998     46      1172627.02
1998     47      1133251.90
1998     48      1145847.37
1998     49      1068915.41
1998     50       963169.61
1998     51       915121.15
1998     52       700263.20
1998     53       470084.94
1998     54       395317.71
1998     55       489319.52
1999     12      1253483.24
1999     13      1212811.72
1999     14      1213142.32
1999     15      1231993.40
1999     16      1220688.77
1999     17      1144193.06
1999     18      1121614.45
1999     19      1107024.22
1999     20      1081088.77
1999     21      1075355.01
1999     22      1068832.34
1999     23      1067087.48
1999     24      1043206.99
1999     25      1020197.68
1999     26      1020160.50
1999     27      1016053.20
1999     28       983778.79
1999     29       958327.24
1999     30       921470.63
1999     31       921590.50
1999     32       951947.62
1999     33       983647.74
1999     34      1016564.96
1999     35      1096696.17
1999     36      1182140.99
1999     37      1251649.59
1999     38      1297957.29
1999     39      1320391.27
1999     40      1302620.25
1999     41      1288533.19
1999     42      1258817.77
1999     43      1281724.07
1999     44      1257201.06
1999     45      1208814.17
1999     46      1172629.18
1999     47      1169496.50
1999     48      1129851.10
1999     49      1142494.31
1999     50      1064337.98
1999     51       959140.98
1999     52       911114.34
1999     53       696687.23
1999     54       467863.77
1999     55       393289.43
2000     12      1199792.88
2000     13      1256540.53
2000     14      1215887.52
2000     15      1216340.11
2000     16      1234997.45
2000     17      1229292.27
2000     18      1150700.15
2000     19      1126471.21
2000     20      1111237.75
2000     21      1083800.19
2000     22      1078904.63
2000     23      1072224.13
2000     24      1070073.22
2000     25      1046263.81
2000     26      1022782.48
2000     27      1022876.49
2000     28      1019659.49
2000     29       988040.38
2000     30       962834.32
2000     31       924999.99
2000     32       924064.35
2000     33       954022.56
2000     34       985331.38
2000     35      1018318.04
2000     36      1098140.77
2000     37      1183724.27
2000     38      1252583.96
2000     39      1298669.85
2000     40      1320597.22
2000     41      1301065.22
2000     42      1286621.13
2000     43      1257134.48
2000     44      1278916.24
2000     45      1253694.01
2000     46      1205018.49
2000     47      1168723.56
2000     48      1165572.45
2000     49      1125418.99
2000     50      1137707.89
2000     51      1058957.99
2000     52       954122.42
2000     53       906218.44
2000     54       692869.09
2000     55       465408.23
2001     12      1115620.50
2001     13      1202303.73
2001     14      1259459.54
2001     15      1218964.46
2001     16      1220588.35
2001     17      1246141.42
2001     18      1238352.02
2001     19      1157395.49
2001     20      1131635.08
2001     21      1115535.77
2001     22      1086560.62
2001     23      1082208.77
2001     24      1075162.16
2001     25      1072192.38
2001     26      1048720.29
2001     27      1024429.02
2001     28      1024692.12
2001     29      1023076.56
2001     30       991610.91
2001     31       967363.94
2001     32       927998.51
2001     33       925684.74
2001     34       954929.49
2001     35       985913.41
2001     36      1019025.51
2001     37      1098533.10
2001     38      1183866.70
2001     39      1252933.30
2001     40      1297368.28
2001     41      1319692.80
2001     42      1298039.09
2001     43      1283287.10
2001     44      1254134.05
2001     45      1274432.38
2001     46      1248580.99
2001     47      1199416.92
2001     48      1163181.95
2001     49      1160311.92
2001     50      1119297.73
2001     51      1131751.59
2001     52      1052157.61
2001     53       947828.62
2001     54       900636.27
2001     55       688295.49
2002     12      1037508.21
2002     13      1118110.89
2002     14      1204637.10
2002     15      1262108.97
2002     16      1222602.85
2002     17      1230388.18
2002     18      1254827.52
2002     19      1245888.69
2002     20      1163166.33
2002     21      1136233.67
2002     22      1119178.53
2002     23      1088724.55
2002     24      1084582.96
2002     25      1076618.12
2002     26      1073025.24
2002     27      1049905.29
2002     28      1024396.55
2002     29      1025604.36
2002     30      1024588.90
2002     31       993812.64
2002     32       969973.87
2002     33       928791.64
2002     34       925484.67
2002     35       954081.45
2002     36       984777.19
2002     37      1017910.84
2002     38      1096899.44
2002     39      1182670.86
2002     40      1250402.15
2002     41      1294819.45
2002     42      1316794.78
2002     43      1293398.46
2002     44      1278362.08
2002     45      1249411.18
2002     46      1268062.73
2002     47      1241978.46
2002     48      1191875.47
2002     49      1156671.50
2002     50      1153076.60
2002     51      1111994.18
2002     52      1124211.60
2002     53      1043904.00
2002     54       940482.04
2002     55       893678.50
2003     12       961900.81
2003     13      1059050.31
2003     14      1133965.09
2003     15      1218233.27
2003     16      1275408.30
2003     17      1236599.75
2003     18      1247991.13
2003     19      1264021.40
2003     20      1255492.23
2003     21      1169841.92
2003     22      1145315.52
2003     23      1133072.27
2003     24      1099111.02
2003     25      1094587.83
2003     26      1083927.97
2003     27      1081944.87
2003     28      1061693.92
2003     29      1032449.47
2003     30      1036288.38
2003     31      1030294.82
2003     32      1002844.73
2003     33       981468.48
2003     34       936131.29
2003     35       932510.01
2003     36       958853.07
2003     37       989632.55
2003     38      1026808.03
2003     39      1102235.65
2003     40      1188509.78
2003     41      1251047.00
2003     42      1299588.67
2003     43      1322493.71
2003     44      1295188.43
2003     45      1281281.71
2003     46      1249934.00
2003     47      1267973.66
2003     48      1244151.48
2003     49      1191396.35
2003     50      1157286.81
2003     51      1148777.29
2003     52      1110747.00
2003     53      1122340.50
2003     54      1040144.35
2003     55       937321.43
2004     12       865360.93
2004     13       972482.60
2004     14      1065688.12
2004     15      1135854.55
2004     16      1217255.90
2004     17      1273861.74
2004     18      1235702.01
2004     19      1242973.90
2004     20      1251499.35
2004     21      1244720.66
2004     22      1157593.82
2004     23      1143136.51
2004     24      1135045.50
2004     25      1098112.37
2004     26      1092142.04
2004     27      1081134.92
2004     28      1083707.59
2004     29      1064883.00
2004     30      1034344.76
2004     31      1035516.66
2004     32      1026550.35
2004     33      1004215.95
2004     34       983287.22
2004     35       935166.29
2004     36       929928.85
2004     37       954293.62
2004     38       988321.09
2004     39      1026690.94
2004     40      1098408.79
2004     41      1180977.71
2004     42      1241981.76
2004     43      1295605.96
2004     44      1318780.18
2004     45      1289684.25
2004     46      1275365.74
2004     47      1242753.85
2004     48      1264058.36
2004     49      1241647.33
2004     50      1187167.86
2004     51      1150804.16
2004     52      1141319.06
2004     53      1106849.01
2004     54      1118148.10
2004     55      1035594.75
2005     12       770505.62
2005     13       874141.55
2005     14       981433.85
2005     15      1074447.17
2005     16      1138594.16
2005     17      1221235.52
2005     18      1270082.05
2005     19      1232907.01
2005     20      1235421.46
2005     21      1240217.02
2005     22      1229695.67
2005     23      1147115.88
2005     24      1142749.20
2005     25      1137285.12
2005     26      1097549.07
2005     27      1089970.09
2005     28      1078541.35
2005     29      1086047.42
2005     30      1067985.49
2005     31      1036573.98
2005     32      1034461.56
2005     33      1022994.79
2005     34      1005702.39
2005     35       984835.36
2005     36       934059.94
2005     37       927336.11
2005     38       949581.92
2005     39       987296.60
2005     40      1025976.44
2005     41      1094565.46
2005     42      1172853.61
2005     43      1233103.64
2005     44      1291764.79
2005     45      1314207.31
2005     46      1284254.07
2005     47      1269391.59
2005     48      1235396.42
2005     49      1260343.74
2005     50      1238477.96
2005     51      1183271.29
2005     52      1144279.89
2005     53      1134105.75
2005     54      1103192.24
2005     55      1114558.58
2006     12       723727.22
2006     13       777827.64
2006     14       881168.65
2006     15       992089.18
2006     16      1083564.73
2006     17      1151270.22
2006     18      1221390.59
2006     19      1266048.04
2006     20      1229899.76
2006     21      1230246.62
2006     22      1227556.60
2006     23      1219135.89
2006     24      1140338.43
2006     25      1143455.05
2006     26      1139689.31
2006     27      1097575.19
2006     28      1088317.65
2006     29      1076866.71
2006     30      1088528.57
2006     31      1070844.52
2006     32      1038995.92
2006     33      1033371.45
2006     34      1020238.84
2006     35      1007272.85
2006     36       986079.56
2006     37       933311.15
2006     38       924875.32
2006     39       945693.12
2006     40       986164.84
2006     41      1025178.66
2006     42      1090854.57
2006     43      1165438.95
2006     44      1225354.91
2006     45      1287695.86
2006     46      1309856.55
2006     47      1279361.04
2006     48      1263369.30
2006     49      1228507.68
2006     50      1256261.43
2006     51      1235106.93
2006     52      1179206.13
2006     53      1137603.54
2006     54      1127301.00
2006     55      1099533.50
2007     12       712829.28
2007     13       728414.63
2007     14       782404.36
2007     15       887454.30
2007     16      1000933.20
2007     17      1100545.63
2007     18      1156132.32
2007     19      1221405.91
2007     20      1263384.92
2007     21      1230575.64
2007     22      1225759.39
2007     23      1222530.04
2007     24      1214564.76
2007     25      1137560.07
2007     26      1145960.92
2007     27      1141827.38
2007     28      1098494.61
2007     29      1087932.11
2007     30      1076676.89
2007     31      1091356.40
2007     32      1073062.47
2007     33      1041166.12
2007     34      1032486.86
2007     35      1019119.56
2007     36      1009062.53
2007     37       986855.36
2007     38       932897.29
2007     39       923200.80
2007     40       942780.43
2007     41       986011.82
2007     42      1023856.41
2007     43      1088096.24
2007     44      1159600.75
2007     45      1219678.01
2007     46      1284459.90
2007     47      1305851.43
2007     48      1275147.88
2007     49      1257778.66
2007     50      1222283.36
2007     51      1252677.86
2007     52      1230715.59
2007     53      1174678.25
2007     54      1130699.95
2007     55      1120995.52
2008     12       675110.00
2008     13       715177.05
2008     14       731149.34
2008     15       786178.97
2008     16       892037.87
2008     17      1014190.45
2008     18      1111063.75
2008     19      1160119.56
2008     20      1222689.20
2008     21      1263939.95
2008     22      1232213.64
2008     23      1226477.90
2008     24      1222131.70
2008     25      1213910.89
2008     26      1137579.24
2008     27      1148445.65
2008     28      1144396.50
2008     29      1100097.52
2008     30      1088757.37
2008     31      1077449.38
2008     32      1093554.66
2008     33      1074965.15
2008     34      1042771.98
2008     35      1032656.94
2008     36      1018804.53
2008     37      1010102.79
2008     38       987382.50
2008     39       932665.04
2008     40       921956.71
2008     41       941125.82
2008     42       985184.28
2008     43      1022707.69
2008     44      1085801.79
2008     45      1155338.64
2008     46      1215247.27
2008     47      1281169.50
2008     48      1301946.25
2008     49      1270616.56
2008     50      1252363.30
2008     51      1216504.31
2008     52      1247448.04
2008     53      1225267.57
2008     54      1168915.84
2008     55      1123662.68
2009     12       647795.31
2009     13       676608.65
2009     14       717155.98
2009     15       733882.64
2009     16       790124.42
2009     17       901119.18
2009     18      1026796.16
2009     19      1119818.97
2009     20      1164651.00
2009     21      1224807.30
2009     22      1265304.06
2009     23      1234917.10
2009     24      1228873.42
2009     25      1222709.78
2009     26      1214327.74
2009     27      1138192.64
2009     28      1150711.92
2009     29      1146812.02
2009     30      1101672.39
2009     31      1089733.08
2009     32      1078309.90
2009     33      1095242.81
2009     34      1076472.93
2009     35      1043928.34
2009     36      1032909.63
2009     37      1018318.64
2009     38      1010590.19
2009     39       987688.38
2009     40       931977.81
2009     41       920893.72
2009     42       939364.78
2009     43       983956.54
2009     44      1021351.89
2009     45      1083199.17
2009     46      1151552.64
2009     47      1210826.25
2009     48      1277501.02
2009     49      1297735.52
2009     50      1265584.87
2009     51      1246888.48
2009     52      1210373.70
2009     53      1241686.05
2009     54      1219389.57
2009     55      1162786.00
2010     12       638420.65
2010     13       648812.74
2010     14       678266.27
2010     15       719501.72
2010     16       737679.89
2010     17       799296.99
2010     18       914142.94
2010     19      1038646.99
2010     20      1130961.71
2010     21      1170325.03
2010     22      1228084.55
2010     23      1267510.12
2010     24      1237860.49
2010     25      1231558.44
2010     26      1223263.26
2010     27      1214654.48
2010     28      1138302.56
2010     29      1152248.61
2010     30      1148960.79
2010     31      1102699.54
2010     32      1090191.83
2010     33      1078381.40
2010     34      1096082.24
2010     35      1077446.50
2010     36      1044428.81
2010     37      1032780.54
2010     38      1017151.89
2010     39      1010462.60
2010     40       987383.24
2010     41       931020.67
2010     42       919441.78
2010     43       937125.45
2010     44       982208.84
2010     45      1019755.83
2010     46      1080403.31
2010     47      1147487.16
2010     48      1205873.12
2010     49      1273276.29
2010     50      1293084.54
2010     51      1260241.60
2010     52      1241022.61
2010     53      1203809.54
2010     54      1235591.93
2010     55      1213632.20
2011     12       636517.37
2011     13       639125.35
2011     14       649940.53
2011     15       679767.37
2011     16       721584.94
2011     17       742936.97
2011     18       806966.62
2011     19       920837.54
2011     20      1047209.81
2011     21      1136278.74
2011     22      1173791.28
2011     23      1230614.13
2011     24      1269718.60
2011     25      1241398.36
2011     26      1232922.54
2011     27      1224558.58
2011     28      1215177.15
2011     29      1139064.02
2011     30      1154201.28
2011     31      1149856.17
2011     32      1103304.23
2011     33      1090123.68
2011     34      1078501.37
2011     35      1096905.14
2011     36      1077405.35
2011     37      1044678.00
2011     38      1031660.88
2011     39      1016328.49
2011     40      1010074.96
2011     41       986403.82
2011     42       929804.45
2011     43       917617.26
2011     44       935006.71
2011     45       980820.96
2011     46      1017385.12
2011     47      1077400.78
2011     48      1143169.37
2011     49      1201710.32
2011     50      1268983.47
2011     51      1287790.85
2011     52      1254793.03
2011     53      1234707.54
2011     54      1197534.49
2011     55      1229809.02
2012     12       634221.16
2012     13       637092.96
2012     14       639841.01
2012     15       650573.03
2012     16       680407.96
2012     17       722359.95
2012     18       744042.52
2012     19       808448.86
2012     20       922528.13
2012     21      1049345.89
2012     22      1138545.77
2012     23      1176270.95
2012     24      1233171.79
2012     25      1272134.08
2012     26      1243840.13
2012     27      1235120.70
2012     28      1226456.03
2012     29      1216781.53
2012     30      1140305.81
2012     31      1155254.16
2012     32      1150719.04
2012     33      1103894.23
2012     34      1090600.70
2012     35      1078892.73
2012     36      1097042.79
2012     37      1077280.03
2012     38      1044407.20
2012     39      1031146.50
2012     40      1015526.80
2012     41      1009242.81
2012     42       985332.07
2012     43       928532.49
2012     44       916105.92
2012     45       933232.21
2012     46       978831.92
2012     47      1014982.08
2012     48      1074640.47
2012     49      1139766.24
2012     50      1197650.97
2012     51      1264358.80
2012     52      1282694.65
2012     53      1249247.51
2012     54      1228873.48
2012     55      1191509.33
2013     12       650436.56
2013     13       634797.27
2013     14       637802.08
2013     15       640517.64
2013     16       651235.78
2013     17       681198.14
2013     18       723636.32
2013     19       745538.18
2013     20       810095.69
2013     21       924412.50
2013     22      1051454.89
2013     23      1140936.21
2013     24      1178644.09
2013     25      1235332.19
2013     26      1274652.16
2013     27      1246040.80
2013     28      1237247.30
2013     29      1228237.76
2013     30      1218122.37
2013     31      1141426.61
2013     32      1156160.19
2013     33      1151417.49
2013     34      1104382.10
2013     35      1090927.93
2013     36      1079165.43
2013     37      1096994.14
2013     38      1076981.48
2013     39      1043963.43
2013     40      1030429.51
2013     41      1014583.37
2013     42      1008203.56
2013     43       984094.42
2013     44       927097.24
2013     45       914433.06
2013     46       931428.22
2013     47       976648.85
2013     48      1012507.08
2013     49      1071656.25
2013     50      1136345.98
2013     51      1193486.29
2013     52      1259754.93
2013     53      1277531.17
2013     54      1243875.15
2013     55      1222986.69
2014     12       665079.69
2014     13       651038.76
2014     14       635541.76
2014     15       638529.50
2014     16       641155.31
2014     17       652122.76
2014     18       682641.01
2014     19       725231.29
2014     20       747262.73
2014     21       811850.26
2014     22       926373.52
2014     23      1053705.49
2014     24      1143326.15
2014     25      1180683.72
2014     26      1237800.85
2014     27      1276819.90
2014     28      1248057.71
2014     29      1238962.32
2014     30      1229715.87
2014     31      1219266.78
2014     32      1142246.54
2014     33      1156856.79
2014     34      1151779.87
2014     35      1104429.15
2014     36      1091097.92
2014     37      1079047.20
2014     38      1096550.51
2014     39      1076491.36
2014     40      1043193.69
2014     41      1029422.30
2014     42      1013516.38
2014     43      1006940.24
2014     44       982670.64
2014     45       925365.57
2014     46       912729.46
2014     47       929391.21
2014     48       974315.40
2014     49      1009947.90
2014     50      1068516.80
2014     51      1132644.71
2014     52      1189281.76
2014     53      1254973.89
2014     54      1272397.01
2014     55      1238293.10
2015     12       705329.64
2015     13       665827.00
2015     14       651909.73
2015     15       636367.24
2015     16       639291.75
2015     17       642305.57
2015     18       653777.22
2015     19       684356.44
2015     20       727047.70
2015     21       749168.67
2015     22       813739.94
2015     23       928493.39
2015     24      1056181.48
2015     25      1145558.68
2015     26      1183070.90
2015     27      1239921.73
2015     28      1278802.88
2015     29      1249781.66
2015     30      1240554.83
2015     31      1230920.57
2015     32      1220080.28
2015     33      1142866.63
2015     34      1157226.66
2015     35      1151742.56
2015     36      1104404.46
2015     37      1090830.47
2015     38      1078412.16
2015     39      1095945.06
2015     40      1075503.79
2015     41      1042050.89
2015     42      1028252.88
2015     43      1012087.47
2015     44      1005473.19
2015     45       980938.61
2015     46       923641.01
2015     47       910858.86
2015     48       927272.75
2015     49       971902.87
2015     50      1007049.97
2015     51      1065213.36
2015     52      1128855.88
2015     53      1184815.54
2015     54      1250189.22
2015     55      1267240.72
2016     12       716982.93
2016     13       706171.86
2016     14       666701.27
2016     15       652795.80
2016     16       637192.10
2016     17       640603.09
2016     18       644376.98
2016     19       655818.15
2016     20       686384.13
2016     21       729105.74
2016     22       751004.99
2016     23       815874.06
2016     24       930825.24
2016     25      1058526.28
2016     26      1147845.48
2016     27      1185107.99
2016     28      1242018.54
2016     29      1280669.70
2016     30      1251388.20
2016     31      1241845.24
2016     32      1231972.77
2016     33      1220732.07
2016     34      1143332.68
2016     35      1157382.82
2016     36      1151719.26
2016     37      1104108.72
2016     38      1090233.40
2016     39      1077684.49
2016     40      1094934.76
2016     41      1074267.39
2016     42      1040782.96
2016     43      1026801.25
2016     44      1010567.49
2016     45      1003760.79
2016     46       979102.85
2016     47       921666.16
2016     48       908897.66
2016     49       924892.51
2016     50       969132.03
2016     51      1003956.68
2016     52      1061665.46
2016     53      1124719.34
2016     54      1180289.90
2016     55      1245243.25
2017     12       722257.35
2017     13       717599.68
2017     14       706855.80
2017     15       667480.51
2017     16       653453.27
2017     17       638300.05
2017     18       642710.09
2017     19       646507.60
2017     20       657844.38
2017     21       688253.83
2017     22       730819.04
2017     23       752938.67
2017     24       817849.24
2017     25       932947.49
2017     26      1060463.74
2017     27      1149543.85
2017     28      1186974.92
2017     29      1243437.61
2017     30      1281924.35
2017     31      1252502.28
2017     32      1242753.94
2017     33      1232440.24
2017     34      1220880.04
2017     35      1143220.95
2017     36      1157129.58
2017     37      1151088.48
2017     38      1103424.60
2017     39      1089206.94
2017     40      1076470.20
2017     41      1093603.12
2017     42      1072753.70
2017     43      1039234.78
2017     44      1025077.16
2017     45      1008631.45
2017     46      1001636.57
2017     47       976979.01
2017     48       919504.25
2017     49       906460.88
2017     50       922098.12
2017     51       965979.84
2017     52      1000614.59
2017     53      1057747.40
2017     54      1120417.45
2017     55      1175382.96
2018     12       714542.52
2018     13       722641.40
2018     14       718100.92
2018     15       707416.44
2018     16       667928.81
2018     17       654264.43
2018     18       640110.14
2018     19       644486.30
2018     20       648065.58
2018     21       659340.81
2018     22       689503.32
2018     23       732129.84
2018     24       754307.95
2018     25       819311.75
2018     26       934239.55
2018     27      1061625.54
2018     28      1150802.87
2018     29      1187690.26
2018     30      1243942.18
2018     31      1282400.66
2018     32      1252720.42
2018     33      1242690.95
2018     34      1231972.18
2018     35      1220284.06
2018     36      1142321.10
2018     37      1155951.37
2018     38      1149869.34
2018     39      1101911.87
2018     40      1087411.74
2018     41      1074678.16
2018     42      1091684.02
2018     43      1070704.60
2018     44      1037092.84
2018     45      1022769.68
2018     46      1006034.41
2018     47       999175.07
2018     48       974378.70
2018     49       916790.46
2018     50       903467.30
2018     51       918757.04
2018     52       962495.76
2018     53       996817.22
2018     54      1053497.44
2018     55      1115739.78
