Russian Federation, Conditional fertility rates by calendar year, age and birth order
Last modified: 02/10/2020
Year  Age       m1x       m2x       m3x       m4x      m5px
1989   12-  0.00000         .         .         .         .
1989   13   0.00001   0.00076         .         .         .
1989   14   0.00014   0.00062         .         .         .
1989   15   0.00169   0.00078   0.00000         .         .
1989   16   0.01034   0.01663   0.00000         .         .
1989   17   0.03436   0.03264   0.00000   0.00000         .
1989   18   0.08425   0.05478   0.02430   0.01528         .
1989   19   0.15707   0.07423   0.03645   0.02061   0.00000
1989   20   0.21420   0.09628   0.04184   0.04879   0.00000
1989   21   0.24151   0.11384   0.05083   0.05831   0.04211
1989   22   0.24377   0.12681   0.05387   0.06336   0.04775
1989   23   0.23509   0.13571   0.05360   0.07480   0.05533
1989   24   0.21535   0.14054   0.05053   0.07544   0.08491
1989   25   0.19478   0.14507   0.04743   0.07012   0.10255
1989   26   0.17616   0.14683   0.04344   0.06609   0.10498
1989   27   0.15600   0.14420   0.04144   0.06214   0.10956
1989   28   0.14102   0.13862   0.03891   0.05491   0.10929
1989   29   0.12860   0.12969   0.03657   0.05098   0.10100
1989   30   0.11456   0.11633   0.03395   0.04508   0.10153
1989   31   0.10444   0.10053   0.03015   0.03994   0.09312
1989   32   0.09112   0.08493   0.02786   0.03597   0.09371
1989   33   0.07611   0.06859   0.02427   0.03164   0.08564
1989   34   0.06834   0.05849   0.02188   0.02806   0.08128
1989   35   0.05914   0.04586   0.01869   0.02545   0.07625
1989   36   0.04800   0.03397   0.01481   0.02114   0.06670
1989   37   0.04156   0.02622   0.01191   0.01913   0.06293
1989   38   0.03193   0.01779   0.00882   0.01452   0.05461
1989   39   0.02337   0.01171   0.00626   0.01133   0.04241
1989   40   0.01876   0.00797   0.00463   0.00941   0.03796
1989   41   0.01058   0.00447   0.00262   0.00554   0.02368
1989   42   0.00720   0.00290   0.00203   0.00429   0.02070
1989   43   0.00380   0.00151   0.00114   0.00239   0.01386
1989   44   0.00236   0.00083   0.00055   0.00139   0.00708
1989   45   0.00096   0.00033   0.00026   0.00085   0.00373
1989   46   0.00049   0.00007   0.00010   0.00019   0.00180
1989   47   0.00022   0.00003   0.00005   0.00010   0.00056
1989   48   0.00009   0.00003   0.00002   0.00007   0.00038
1989   49   0.00015   0.00004   0.00001   0.00003   0.00013
1989   50   0.00008   0.00001   0.00000   0.00001   0.00005
1989   51   0.00000   0.00001   0.00000   0.00001   0.00004
1989   52   0.00006   0.00001   0.00000   0.00000   0.00003
1989   53   0.00002   0.00001   0.00000   0.00000   0.00002
1989   54   0.00000   0.00001   0.00000   0.00001   0.00002
1989   55+  0.00006   0.00000   0.00002   0.00004   0.00003
1990   12-  0.00000         .         .         .         .
1990   13   0.00001   0.04375         .         .         .
1990   14   0.00019   0.02161         .         .         .
1990   15   0.00225   0.01811   0.16730         .         .
1990   16   0.01284   0.02668   0.02730         .         .
1990   17   0.03819   0.03690   0.01687   0.00000         .
1990   18   0.08849   0.05259   0.02355   0.11383         .
1990   19   0.16144   0.06612   0.03496   0.03553   0.00000
1990   20   0.21719   0.08416   0.04285   0.03206   0.10344
1990   21   0.24462   0.10039   0.05022   0.06630   0.04143
1990   22   0.24249   0.11032   0.05137   0.06481   0.04841
1990   23   0.22800   0.11766   0.04980   0.06722   0.07808
1990   24   0.20916   0.12484   0.04678   0.06922   0.08515
1990   25   0.18901   0.12691   0.04384   0.07050   0.10126
1990   26   0.16887   0.12732   0.04030   0.06387   0.09892
1990   27   0.15138   0.12682   0.03741   0.05835   0.10438
1990   28   0.13538   0.12030   0.03444   0.05131   0.10153
1990   29   0.12161   0.11332   0.03173   0.04724   0.09654
1990   30   0.11207   0.10165   0.02936   0.04139   0.09121
1990   31   0.10033   0.08699   0.02647   0.03640   0.08919
1990   32   0.08847   0.07358   0.02349   0.03210   0.08299
1990   33   0.07525   0.06082   0.02084   0.02876   0.07919
1990   34   0.06198   0.04809   0.01751   0.02435   0.07261
1990   35   0.05673   0.03980   0.01542   0.02175   0.06870
1990   36   0.04755   0.03036   0.01238   0.01963   0.06174
1990   37   0.03802   0.02169   0.00975   0.01546   0.05416
1990   38   0.03130   0.01600   0.00745   0.01350   0.04728
1990   39   0.02241   0.01066   0.00553   0.01001   0.03775
1990   40   0.01628   0.00682   0.00373   0.00773   0.02955
1990   41   0.01193   0.00422   0.00262   0.00592   0.02463
1990   42   0.00668   0.00218   0.00137   0.00342   0.01561
1990   43   0.00399   0.00132   0.00102   0.00239   0.01168
1990   44   0.00212   0.00066   0.00055   0.00129   0.00591
1990   45   0.00064   0.00028   0.00021   0.00081   0.00333
1990   46   0.00017   0.00013   0.00014   0.00023   0.00123
1990   47   0.00012   0.00006   0.00004   0.00009   0.00067
1990   48   0.00011   0.00003   0.00001   0.00007   0.00038
1990   49   0.00006   0.00000   0.00001   0.00004   0.00016
1990   50   0.00006   0.00001   0.00000   0.00001   0.00007
1990   51   0.00002   0.00000   0.00001   0.00000   0.00002
1990   52   0.00002   0.00000   0.00000   0.00000   0.00001
1990   53   0.00000   0.00001   0.00000   0.00001   0.00000
1990   54   0.00000   0.00000   0.00000   0.00000   0.00002
1990   55+  0.00001   0.00003   0.00000   0.00001   0.00001
1991   12-  0.00000         .         .         .         .
1991   13   0.00001   0.05498         .         .         .
1991   14   0.00021   0.02715         .         .         .
1991   15   0.00244   0.02171   0.05257         .         .
1991   16   0.01353   0.02909   0.03984         .         .
1991   17   0.03912   0.04570   0.02639   0.06013         .
1991   18   0.08652   0.05679   0.02838   0.08009         .
1991   19   0.15321   0.06519   0.03709   0.05082   0.10546
1991   20   0.20873   0.07502   0.04476   0.04534   0.08556
1991   21   0.23687   0.08477   0.05017   0.07197   0.15944
1991   22   0.23790   0.09388   0.05080   0.06833   0.07264
1991   23   0.22202   0.09947   0.04707   0.07715   0.08603
1991   24   0.19912   0.10382   0.04442   0.07322   0.09543
1991   25   0.18070   0.10813   0.04034   0.06775   0.09736
1991   26   0.16231   0.10545   0.03668   0.06274   0.10107
1991   27   0.14503   0.10420   0.03370   0.05515   0.10206
1991   28   0.12775   0.10000   0.03033   0.04896   0.10141
1991   29   0.11511   0.09154   0.02762   0.04231   0.08973
1991   30   0.10550   0.08275   0.02511   0.03908   0.08994
1991   31   0.09602   0.07267   0.02228   0.03297   0.08223
1991   32   0.08149   0.06105   0.01983   0.02898   0.07670
1991   33   0.07311   0.05062   0.01721   0.02553   0.06950
1991   34   0.06244   0.04144   0.01487   0.02201   0.06416
1991   35   0.05116   0.03199   0.01200   0.01882   0.05905
1991   36   0.04506   0.02564   0.01021   0.01614   0.05255
1991   37   0.03595   0.01886   0.00815   0.01375   0.04746
1991   38   0.02772   0.01312   0.00610   0.01099   0.03910
1991   39   0.02231   0.00966   0.00470   0.00857   0.03505
1991   40   0.01612   0.00627   0.00339   0.00653   0.02776
1991   41   0.01075   0.00380   0.00225   0.00494   0.02025
1991   42   0.00683   0.00213   0.00144   0.00359   0.01617
1991   43   0.00338   0.00109   0.00081   0.00195   0.00904
1991   44   0.00187   0.00064   0.00051   0.00100   0.00653
1991   45   0.00050   0.00022   0.00024   0.00070   0.00344
1991   46   0.00030   0.00005   0.00011   0.00032   0.00197
1991   47   0.00018   0.00004   0.00003   0.00015   0.00053
1991   48   0.00010   0.00001   0.00001   0.00005   0.00035
1991   49   0.00006   0.00001   0.00001   0.00002   0.00009
1991   50   0.00000   0.00000   0.00000   0.00002   0.00005
1991   51   0.00000   0.00000   0.00000   0.00000   0.00000
1991   52   0.00001   0.00000   0.00000   0.00000   0.00001
1991   53   0.00001   0.00001   0.00000   0.00000   0.00000
1991   54   0.00000   0.00001   0.00000   0.00000   0.00001
1991   55+  0.00002   0.00000   0.00000   0.00001   0.00002
1992   12-  0.00000         .         .         .         .
1992   13   0.00001   0.05678         .         .         .
1992   14   0.00020   0.02802         .         .         .
1992   15   0.00231   0.02318   0.00000         .         .
1992   16   0.01271   0.03126   0.04075         .         .
1992   17   0.03783   0.04374   0.02626   0.05235         .
1992   18   0.08304   0.05378   0.03223   0.08784         .
1992   19   0.13966   0.06044   0.03433   0.05966   0.17488
1992   20   0.18872   0.06678   0.04207   0.06516   0.14814
1992   21   0.21904   0.07228   0.04859   0.07226   0.10329
1992   22   0.22415   0.07706   0.04576   0.07180   0.08261
1992   23   0.21236   0.08239   0.04404   0.07114   0.06452
1992   24   0.19075   0.08527   0.04076   0.06751   0.06614
1992   25   0.17000   0.08782   0.03646   0.06368   0.09058
1992   26   0.15288   0.08649   0.03206   0.05866   0.09287
1992   27   0.13675   0.08368   0.02862   0.05276   0.09397
1992   28   0.12065   0.07897   0.02579   0.04505   0.08603
1992   29   0.10821   0.07274   0.02347   0.03915   0.08414
1992   30   0.09732   0.06651   0.02075   0.03527   0.07760
1992   31   0.08646   0.05740   0.01813   0.02907   0.07094
1992   32   0.07846   0.04932   0.01578   0.02487   0.06587
1992   33   0.06828   0.04145   0.01359   0.02142   0.05827
1992   34   0.05845   0.03360   0.01148   0.01874   0.05601
1992   35   0.05110   0.02691   0.01001   0.01620   0.05213
1992   36   0.04002   0.02009   0.00802   0.01352   0.04362
1992   37   0.03476   0.01601   0.00643   0.01150   0.03967
1992   38   0.02678   0.01118   0.00507   0.00946   0.03606
1992   39   0.02099   0.00812   0.00369   0.00678   0.02753
1992   40   0.01477   0.00533   0.00292   0.00575   0.02369
1992   41   0.01007   0.00334   0.00204   0.00427   0.01804
1992   42   0.00652   0.00186   0.00112   0.00287   0.01317
1992   43   0.00376   0.00112   0.00081   0.00186   0.00869
1992   44   0.00154   0.00051   0.00034   0.00107   0.00538
1992   45   0.00057   0.00020   0.00019   0.00057   0.00262
1992   46   0.00021   0.00012   0.00012   0.00028   0.00110
1992   47   0.00022   0.00002   0.00003   0.00009   0.00074
1992   48   0.00003   0.00001   0.00002   0.00006   0.00038
1992   49   0.00010   0.00001   0.00001   0.00000   0.00015
1992   50   0.00003   0.00000   0.00000   0.00000   0.00008
1992   51   0.00001   0.00001   0.00000   0.00001   0.00002
1992   52   0.00001   0.00000   0.00000   0.00001   0.00002
1992   53   0.00001   0.00000   0.00000   0.00000   0.00002
1992   54   0.00000   0.00001   0.00000   0.00000   0.00001
1992   55+  0.00000   0.00000   0.00000   0.00000   0.00003
1993   12-  0.00000         .         .         .         .
1993   13   0.00001   0.05839         .         .         .
1993   14   0.00021   0.02926         .         .         .
1993   15   0.00244   0.02277   0.00000         .         .
1993   16   0.01230   0.02651   0.03775         .         .
1993   17   0.03519   0.03851   0.02484   0.00000         .
1993   18   0.07745   0.04907   0.03317   0.11093   0.00000
1993   19   0.12960   0.05500   0.03887   0.06886   0.09457
1993   20   0.16867   0.05935   0.04137   0.06757   0.03083
1993   21   0.19081   0.06286   0.04298   0.07965   0.06832
1993   22   0.19765   0.06518   0.04178   0.07283   0.07322
1993   23   0.19471   0.06717   0.03919   0.06513   0.07041
1993   24   0.18042   0.07146   0.03605   0.06511   0.06283
1993   25   0.15836   0.07286   0.03183   0.05632   0.08981
1993   26   0.13815   0.07268   0.02775   0.04908   0.08278
1993   27   0.12242   0.07061   0.02478   0.04324   0.07760
1993   28   0.10983   0.06675   0.02176   0.03705   0.07418
1993   29   0.09896   0.06056   0.01931   0.03146   0.06806
1993   30   0.08702   0.05459   0.01677   0.02808   0.06874
1993   31   0.07692   0.04680   0.01441   0.02392   0.05779
1993   32   0.06654   0.04023   0.01273   0.01968   0.05101
1993   33   0.05847   0.03388   0.01073   0.01715   0.04434
1993   34   0.05076   0.02767   0.00905   0.01482   0.04011
1993   35   0.04471   0.02180   0.00765   0.01269   0.03768
1993   36   0.03835   0.01697   0.00643   0.01030   0.03221
1993   37   0.02883   0.01231   0.00480   0.00885   0.02831
1993   38   0.02399   0.00910   0.00387   0.00670   0.02455
1993   39   0.01833   0.00663   0.00302   0.00557   0.01982
1993   40   0.01322   0.00417   0.00204   0.00413   0.01665
1993   41   0.00906   0.00276   0.00156   0.00335   0.01301
1993   42   0.00567   0.00161   0.00102   0.00231   0.00941
1993   43   0.00332   0.00093   0.00060   0.00144   0.00623
1993   44   0.00184   0.00055   0.00029   0.00088   0.00417
1993   45   0.00063   0.00015   0.00019   0.00034   0.00206
1993   46   0.00034   0.00007   0.00008   0.00019   0.00103
1993   47   0.00014   0.00004   0.00005   0.00013   0.00044
1993   48   0.00015   0.00001   0.00002   0.00002   0.00030
1993   49   0.00003   0.00000   0.00001   0.00000   0.00014
1993   50   0.00003   0.00001   0.00000   0.00000   0.00005
1993   51   0.00000   0.00000   0.00000   0.00000   0.00003
1993   52   0.00000   0.00001   0.00000   0.00000   0.00001
1993   53   0.00000   0.00000   0.00000   0.00001   0.00001
1993   54   0.00000   0.00000   0.00000   0.00000   0.00000
1993   55+  0.00000   0.00000   0.00000   0.00001   0.00001
1994   12-  0.00000         .         .         .         .
1994   13   0.00001   0.05130         .         .         .
1994   14   0.00025   0.02587         .         .         .
1994   15   0.00280   0.02182   0.04117         .         .
1994   16   0.01357   0.02935   0.04178         .         .
1994   17   0.03747   0.03674   0.04407   0.00000         .
1994   18   0.08021   0.04639   0.04059   0.07941   0.19168
1994   19   0.13093   0.05417   0.04163   0.07911   0.00000
1994   20   0.16908   0.05920   0.04756   0.05392   0.15232
1994   21   0.18361   0.06137   0.04745   0.07452   0.08076
1994   22   0.19027   0.06359   0.04557   0.07361   0.05873
1994   23   0.19307   0.06491   0.04280   0.07316   0.08764
1994   24   0.18721   0.06751   0.03734   0.06368   0.08784
1994   25   0.17017   0.07152   0.03375   0.06053   0.09232
1994   26   0.14631   0.07202   0.03014   0.05517   0.10086
1994   27   0.12541   0.07168   0.02627   0.04661   0.08877
1994   28   0.10996   0.06861   0.02343   0.04103   0.07902
1994   29   0.09647   0.06209   0.02049   0.03540   0.07111
1994   30   0.08684   0.05536   0.01796   0.03024   0.06935
1994   31   0.07601   0.04741   0.01519   0.02502   0.05907
1994   32   0.06435   0.03994   0.01309   0.02102   0.05170
1994   33   0.05862   0.03298   0.01130   0.01805   0.04661
1994   34   0.05112   0.02711   0.00941   0.01574   0.04186
1994   35   0.04182   0.02147   0.00760   0.01249   0.03590
1994   36   0.03615   0.01655   0.00649   0.01054   0.03217
1994   37   0.02874   0.01221   0.00496   0.00872   0.02729
1994   38   0.02094   0.00827   0.00366   0.00661   0.02206
1994   39   0.01762   0.00609   0.00277   0.00509   0.01878
1994   40   0.01275   0.00400   0.00203   0.00407   0.01593
1994   41   0.00792   0.00249   0.00140   0.00260   0.01141
1994   42   0.00534   0.00159   0.00091   0.00179   0.00826
1994   43   0.00305   0.00083   0.00053   0.00123   0.00558
1994   44   0.00177   0.00039   0.00029   0.00072   0.00341
1994   45   0.00057   0.00021   0.00015   0.00055   0.00177
1994   46   0.00025   0.00009   0.00006   0.00019   0.00072
1994   47   0.00010   0.00004   0.00003   0.00007   0.00031
1994   48   0.00003   0.00001   0.00002   0.00003   0.00025
1994   49   0.00000   0.00001   0.00000   0.00002   0.00007
1994   50   0.00003   0.00000   0.00000   0.00000   0.00007
1994   51   0.00002   0.00000   0.00000   0.00000   0.00003
1994   52   0.00002   0.00000   0.00000   0.00000   0.00002
1994   53   0.00000   0.00000   0.00000   0.00000   0.00001
1994   54   0.00000   0.00000   0.00000   0.00000   0.00000
1994   55+  0.00000   0.00001   0.00000   0.00001   0.00002
1995   12-  0.00000         .         .         .         .
1995   13   0.00001   0.04071         .         .         .
1995   14   0.00023   0.02063         .         .         .
1995   15   0.00259   0.01813   0.00000         .         .
1995   16   0.01249   0.02786   0.01142         .         .
1995   17   0.03494   0.03625   0.03535   0.04446         .
1995   18   0.07188   0.04535   0.03326   0.05935         .
1995   19   0.11730   0.05128   0.04168   0.05504   0.04919
1995   20   0.15437   0.05631   0.04387   0.09334   0.11383
1995   21   0.17164   0.05909   0.05065   0.08809   0.05783
1995   22   0.17197   0.05992   0.04645   0.08065   0.07109
1995   23   0.17409   0.06103   0.04246   0.07187   0.08645
1995   24   0.17898   0.06258   0.03858   0.07025   0.08787
1995   25   0.17176   0.06388   0.03476   0.06629   0.11776
1995   26   0.15422   0.06622   0.03103   0.05614   0.09776
1995   27   0.13069   0.06591   0.02676   0.05039   0.09058
1995   28   0.11105   0.06354   0.02392   0.04328   0.08498
1995   29   0.09765   0.06101   0.02125   0.03681   0.07566
1995   30   0.08571   0.05350   0.01836   0.03260   0.06742
1995   31   0.07583   0.04672   0.01616   0.02814   0.06235
1995   32   0.06376   0.03940   0.01341   0.02247   0.05499
1995   33   0.05513   0.03234   0.01138   0.01952   0.04718
1995   34   0.04744   0.02644   0.00965   0.01566   0.04406
1995   35   0.04189   0.02147   0.00793   0.01299   0.03513
1995   36   0.03448   0.01651   0.00643   0.01042   0.03176
1995   37   0.02830   0.01221   0.00492   0.00884   0.02764
1995   38   0.02231   0.00853   0.00372   0.00674   0.02249
1995   39   0.01598   0.00588   0.00274   0.00502   0.01929
1995   40   0.01203   0.00405   0.00200   0.00387   0.01413
1995   41   0.00846   0.00255   0.00133   0.00260   0.01128
1995   42   0.00507   0.00148   0.00084   0.00173   0.00760
1995   43   0.00274   0.00089   0.00048   0.00114   0.00582
1995   44   0.00144   0.00037   0.00029   0.00062   0.00307
1995   45   0.00055   0.00019   0.00014   0.00039   0.00169
1995   46   0.00006   0.00006   0.00007   0.00014   0.00100
1995   47   0.00013   0.00002   0.00002   0.00004   0.00028
1995   48   0.00008   0.00002   0.00001   0.00002   0.00016
1995   49   0.00000   0.00001   0.00001   0.00003   0.00011
1995   50   0.00000   0.00000   0.00000   0.00000   0.00000
1995   51   0.00000   0.00000   0.00000   0.00000   0.00004
1995   52   0.00000   0.00000   0.00000   0.00000   0.00000
1995   53   0.00000   0.00000   0.00000   0.00000   0.00000
1995   54   0.00000   0.00000   0.00000   0.00000   0.00000
1995   55+  0.00000   0.00000   0.00000   0.00000   0.00001
1996   12-  0.00000         .         .         .         .
1996   13   0.00001   0.07519         .         .         .
1996   14   0.00018   0.03671         .         .         .
1996   15   0.00208   0.02585   0.00000         .         .
1996   16   0.01042   0.02468   0.05938         .         .
1996   17   0.02986   0.03607   0.03548   0.04908         .
1996   18   0.06227   0.04579   0.02421   0.03687         .
1996   19   0.10173   0.05102   0.03757   0.04576   0.07267
1996   20   0.13583   0.05419   0.04483   0.07088   0.11449
1996   21   0.15520   0.05634   0.04692   0.07804   0.07701
1996   22   0.16100   0.05659   0.04752   0.07675   0.06640
1996   23   0.15824   0.05692   0.04363   0.07695   0.08060
1996   24   0.16331   0.05821   0.03787   0.07585   0.08027
1996   25   0.16453   0.05919   0.03395   0.06643   0.11345
1996   26   0.15627   0.05985   0.03012   0.05905   0.11105
1996   27   0.13838   0.06089   0.02742   0.05087   0.09632
1996   28   0.11432   0.05984   0.02452   0.04579   0.09999
1996   29   0.09644   0.05646   0.02125   0.03958   0.07800
1996   30   0.08719   0.05204   0.01924   0.03573   0.07385
1996   31   0.07457   0.04597   0.01659   0.02881   0.06726
1996   32   0.06318   0.03802   0.01423   0.02386   0.05644
1996   33   0.05403   0.03252   0.01193   0.01985   0.04958
1996   34   0.04654   0.02578   0.00976   0.01646   0.04389
1996   35   0.03984   0.02120   0.00820   0.01407   0.04003
1996   36   0.03394   0.01653   0.00670   0.01139   0.03231
1996   37   0.02809   0.01227   0.00515   0.00937   0.02841
1996   38   0.02208   0.00864   0.00407   0.00723   0.02315
1996   39   0.01604   0.00600   0.00301   0.00528   0.01817
1996   40   0.01141   0.00403   0.00197   0.00415   0.01558
1996   41   0.00808   0.00272   0.00142   0.00299   0.01145
1996   42   0.00546   0.00152   0.00097   0.00189   0.00817
1996   43   0.00301   0.00095   0.00057   0.00120   0.00493
1996   44   0.00161   0.00048   0.00030   0.00063   0.00316
1996   45   0.00068   0.00018   0.00016   0.00031   0.00176
1996   46   0.00019   0.00008   0.00004   0.00011   0.00087
1996   47   0.00011   0.00003   0.00002   0.00010   0.00036
1996   48   0.00004   0.00001   0.00001   0.00006   0.00009
1996   49   0.00000   0.00000   0.00001   0.00001   0.00005
1996   50   0.00000   0.00000   0.00000   0.00000   0.00007
1996   51   0.00000   0.00000   0.00000   0.00000   0.00000
1996   52   0.00000   0.00000   0.00001   0.00000   0.00000
1996   53   0.00000   0.00000   0.00000   0.00000   0.00000
1996   54   0.00002   0.00000   0.00000   0.00000   0.00002
1996   55+  0.00001   0.00000   0.00000   0.00000   0.00001
1997   12-  0.00000         .         .         .         .
1997   13   0.00001   0.04243         .         .         .
1997   14   0.00030   0.02196         .         .         .
1997   15   0.00291   0.02145   0.00000         .         .
1997   16   0.01044   0.03309   0.03602         .         .
1997   17   0.02790   0.03901   0.04355   0.00000         .
1997   18   0.05616   0.04856   0.03547   0.13200         .
1997   19   0.09021   0.05084   0.04145   0.09188   0.22299
1997   20   0.11787   0.05395   0.04828   0.08750   0.09773
1997   21   0.13580   0.05429   0.04951   0.07756   0.09671
1997   22   0.14387   0.05535   0.04929   0.08698   0.09251
1997   23   0.14578   0.05570   0.04514   0.07973   0.10049
1997   24   0.14447   0.05639   0.03925   0.07388   0.10431
1997   25   0.14572   0.05732   0.03540   0.07198   0.12409
1997   26   0.14478   0.05757   0.03114   0.06071   0.10977
1997   27   0.13788   0.05712   0.02812   0.05388   0.11748
1997   28   0.11813   0.05679   0.02541   0.04818   0.09709
1997   29   0.09940   0.05482   0.02264   0.04216   0.08650
1997   30   0.08474   0.05158   0.02060   0.03528   0.08296
1997   31   0.07076   0.04583   0.01773   0.03150   0.06989
1997   32   0.05977   0.03855   0.01522   0.02617   0.06183
1997   33   0.05391   0.03291   0.01342   0.02302   0.05778
1997   34   0.04394   0.02587   0.01056   0.01840   0.04776
1997   35   0.03623   0.02110   0.00879   0.01559   0.04132
1997   36   0.03064   0.01609   0.00707   0.01220   0.03702
1997   37   0.02533   0.01177   0.00546   0.00994   0.02878
1997   38   0.02003   0.00853   0.00406   0.00753   0.02350
1997   39   0.01476   0.00600   0.00303   0.00575   0.02025
1997   40   0.01087   0.00410   0.00212   0.00427   0.01554
1997   41   0.00698   0.00241   0.00141   0.00270   0.01040
1997   42   0.00462   0.00144   0.00097   0.00204   0.00745
1997   43   0.00250   0.00088   0.00051   0.00094   0.00511
1997   44   0.00107   0.00037   0.00029   0.00070   0.00336
1997   45   0.00040   0.00017   0.00014   0.00026   0.00149
1997   46   0.00030   0.00008   0.00004   0.00019   0.00093
1997   47   0.00008   0.00003   0.00003   0.00004   0.00028
1997   48   0.00009   0.00001   0.00002   0.00002   0.00005
1997   49   0.00007   0.00001   0.00000   0.00002   0.00002
1997   50   0.00001   0.00000   0.00000   0.00000   0.00002
1997   51   0.00000   0.00000   0.00000   0.00000   0.00002
1997   52   0.00000   0.00000   0.00000   0.00002   0.00007
1997   53   0.00000   0.00000   0.00001   0.00000   0.00000
1997   54   0.00000   0.00000   0.00000   0.00000   0.00003
1997   55+  0.00003   0.00000   0.00001   0.00001   0.00000
1998   12-  0.00000         .         .         .         .
1998   13   0.00001   0.04485         .         .         .
1998   14   0.00028   0.02151         .         .         .
1998   15   0.00263   0.01825   0.00000         .         .
1998   16   0.00980   0.02521   0.03113         .         .
1998   17   0.02621   0.03347   0.03824   0.00000         .
1998   18   0.05222   0.04775   0.03551   0.05349         .
1998   19   0.08593   0.05273   0.04834   0.05955   0.19953
1998   20   0.11345   0.05503   0.04982   0.06534   0.12574
1998   21   0.12946   0.05469   0.05179   0.09116   0.11552
1998   22   0.13859   0.05513   0.05079   0.08915   0.12213
1998   23   0.14339   0.05597   0.04620   0.08827   0.11508
1998   24   0.14561   0.05734   0.04105   0.07764   0.09610
1998   25   0.13967   0.05732   0.03653   0.07457   0.11862
1998   26   0.13980   0.05718   0.03202   0.06445   0.12423
1998   27   0.13705   0.05707   0.02964   0.05733   0.11711
1998   28   0.12744   0.05589   0.02627   0.04978   0.11037
1998   29   0.11069   0.05510   0.02393   0.04375   0.08812
1998   30   0.09147   0.05183   0.02140   0.03974   0.08634
1998   31   0.07470   0.04727   0.01885   0.03400   0.07635
1998   32   0.06297   0.04023   0.01607   0.02867   0.06746
1998   33   0.05278   0.03305   0.01368   0.02507   0.05520
1998   34   0.04497   0.02778   0.01195   0.02061   0.05507
1998   35   0.03781   0.02181   0.00943   0.01718   0.04596
1998   36   0.03184   0.01688   0.00786   0.01403   0.03826
1998   37   0.02569   0.01253   0.00589   0.01100   0.03197
1998   38   0.01994   0.00940   0.00447   0.00850   0.02598
1998   39   0.01529   0.00619   0.00342   0.00648   0.02134
1998   40   0.01112   0.00417   0.00234   0.00459   0.01723
1998   41   0.00711   0.00267   0.00150   0.00326   0.01173
1998   42   0.00411   0.00154   0.00099   0.00207   0.00805
1998   43   0.00242   0.00092   0.00051   0.00131   0.00520
1998   44   0.00126   0.00052   0.00033   0.00072   0.00301
1998   45   0.00049   0.00018   0.00013   0.00039   0.00142
1998   46   0.00020   0.00012   0.00007   0.00016   0.00079
1998   47   0.00006   0.00003   0.00003   0.00006   0.00023
1998   48   0.00006   0.00002   0.00001   0.00001   0.00020
1998   49   0.00003   0.00000   0.00001   0.00001   0.00008
1998   50   0.00000   0.00000   0.00000   0.00000   0.00000
1998   51   0.00001   0.00001   0.00000   0.00000   0.00000
1998   52   0.00002   0.00000   0.00000   0.00000   0.00000
1998   53   0.00000   0.00001   0.00000   0.00000   0.00003
1998   54   0.00000   0.00002   0.00001   0.00000   0.00000
1998   55+  0.00005   0.00002   0.00000   0.00000   0.00003
1999   12-  0.00000         .         .         .         .
1999   13   0.00001   0.03639         .         .         .
1999   14   0.00022   0.01739         .         .         .
1999   15   0.00210   0.01573   0.00000         .         .
1999   16   0.00808   0.02475   0.03887         .         .
1999   17   0.02212   0.02766   0.02818   0.00000         .
1999   18   0.04515   0.04143   0.02844   0.07588         .
1999   19   0.07513   0.04781   0.04158   0.02802   0.53315
1999   20   0.10118   0.05112   0.04274   0.07184   0.34509
1999   21   0.11741   0.05159   0.04653   0.07775   0.12826
1999   22   0.12721   0.05192   0.04769   0.07342   0.12819
1999   23   0.13230   0.05217   0.04255   0.07623   0.10194
1999   24   0.13490   0.05423   0.04138   0.07710   0.11157
1999   25   0.13288   0.05440   0.03618   0.06706   0.12752
1999   26   0.12326   0.05436   0.03224   0.06516   0.12007
1999   27   0.12165   0.05359   0.02838   0.05915   0.11116
1999   28   0.11643   0.05184   0.02610   0.05312   0.10551
1999   29   0.10733   0.04876   0.02387   0.04357   0.09766
1999   30   0.09414   0.04704   0.02209   0.03809   0.08430
1999   31   0.07564   0.04289   0.01897   0.03441   0.07124
1999   32   0.06082   0.03686   0.01642   0.02787   0.06936
1999   33   0.05093   0.03092   0.01426   0.02471   0.05875
1999   34   0.04223   0.02568   0.01199   0.02138   0.05402
1999   35   0.03717   0.02062   0.01033   0.01803   0.04489
1999   36   0.03010   0.01591   0.00772   0.01378   0.03911
1999   37   0.02368   0.01163   0.00590   0.01161   0.03312
1999   38   0.01947   0.00837   0.00469   0.00856   0.02477
1999   39   0.01447   0.00586   0.00311   0.00650   0.02207
1999   40   0.01058   0.00402   0.00233   0.00462   0.01664
1999   41   0.00769   0.00257   0.00145   0.00320   0.01251
1999   42   0.00451   0.00155   0.00102   0.00217   0.00867
1999   43   0.00242   0.00082   0.00052   0.00121   0.00497
1999   44   0.00122   0.00042   0.00031   0.00066   0.00299
1999   45   0.00045   0.00018   0.00011   0.00036   0.00210
1999   46   0.00034   0.00009   0.00007   0.00012   0.00071
1999   47   0.00004   0.00003   0.00004   0.00010   0.00050
1999   48   0.00002   0.00002   0.00001   0.00003   0.00018
1999   49   0.00000   0.00001   0.00001   0.00002   0.00013
1999   50   0.00000   0.00001   0.00001   0.00000   0.00000
1999   51   0.00000   0.00000   0.00000   0.00000   0.00011
1999   52   0.00002   0.00001   0.00000   0.00000   0.00000
1999   53   0.00000   0.00000   0.00000   0.00000   0.00000
1999   54   0.00001   0.00000   0.00000   0.00000   0.00001
1999   55+  0.00004   0.00000   0.00001   0.00000   0.00000
2000   12-  0.00000         .         .         .         .
2000   13   0.00001   0.06738         .         .         .
2000   14   0.00020   0.03381         .         .         .
2000   15   0.00189   0.02634   0.00000         .         .
2000   16   0.00729   0.02846   0.01432         .         .
2000   17   0.02026   0.02910   0.03127   0.14127         .
2000   18   0.04298   0.04046   0.03031   0.06358         .
2000   19   0.07123   0.04723   0.03908   0.01524   0.00000
2000   20   0.09794   0.05097   0.03882   0.05492   0.08963
2000   21   0.11637   0.05489   0.05071   0.07762   0.09522
2000   22   0.12586   0.05529   0.04991   0.07894   0.07954
2000   23   0.13297   0.05430   0.04614   0.08041   0.07399
2000   24   0.13488   0.05641   0.04211   0.07525   0.07781
2000   25   0.13218   0.05760   0.03924   0.06611   0.12408
2000   26   0.12524   0.05841   0.03531   0.06543   0.11215
2000   27   0.11254   0.05668   0.03111   0.05509   0.10411
2000   28   0.11021   0.05546   0.02705   0.05307   0.09991
2000   29   0.10875   0.05179   0.02601   0.04369   0.09972
2000   30   0.10116   0.04823   0.02428   0.03999   0.09668
2000   31   0.08211   0.04351   0.02128   0.03601   0.08162
2000   32   0.06789   0.03759   0.01908   0.03093   0.07291
2000   33   0.05781   0.03131   0.01634   0.02919   0.06283
2000   34   0.04937   0.02654   0.01351   0.02213   0.05562
2000   35   0.04091   0.02124   0.01065   0.01804   0.04832
2000   36   0.03099   0.01597   0.00893   0.01633   0.04176
2000   37   0.02581   0.01226   0.00671   0.01234   0.03578
2000   38   0.02294   0.00873   0.00510   0.00908   0.02727
2000   39   0.02053   0.00584   0.00370   0.00741   0.02173
2000   40   0.01624   0.00410   0.00242   0.00552   0.01672
2000   41   0.01044   0.00271   0.00163   0.00320   0.01403
2000   42   0.00603   0.00157   0.00099   0.00222   0.00866
2000   43   0.00289   0.00087   0.00059   0.00144   0.00540
2000   44   0.00171   0.00042   0.00029   0.00060   0.00301
2000   45         .         .         .         .         .
2000   46         .         .         .         .         .
2000   47         .         .         .         .         .
2000   48         .         .         .         .         .
2000   49         .         .         .         .         .
2000   50         .         .         .         .         .
2000   51         .         .         .         .         .
2000   52         .         .         .         .         .
2000   53         .         .         .         .         .
2000   54         .         .         .         .         .
2000   55+        .         .         .         .         .
2001   12-  0.00000         .         .         .         .
2001   13   0.00001   0.03867         .         .         .
2001   14   0.00022   0.01879         .         .         .
2001   15   0.00203   0.01834   0.07940         .         .
2001   16   0.00736   0.03139   0.03731         .         .
2001   17   0.02008   0.02985   0.02934   0.00000         .
2001   18   0.04108   0.04046   0.03679   0.08723         .
2001   19   0.06961   0.04776   0.03989   0.07947   0.15957
2001   20   0.09513   0.05000   0.04299   0.04709   0.23814
2001   21   0.11269   0.05208   0.04941   0.10609   0.07125
2001   22   0.12442   0.05460   0.04675   0.08292   0.08376
2001   23   0.13020   0.05440   0.04387   0.07919   0.07650
2001   24   0.13499   0.05639   0.04134   0.07595   0.09142
2001   25   0.13445   0.05786   0.03804   0.06983   0.13120
2001   26   0.13026   0.05814   0.03498   0.06259   0.11060
2001   27   0.12082   0.05946   0.03157   0.06052   0.11442
2001   28   0.10913   0.05706   0.02799   0.05227   0.10316
2001   29   0.10142   0.05447   0.02555   0.05140   0.10761
2001   30   0.10083   0.05077   0.02416   0.05022   0.10906
2001   31   0.09097   0.04598   0.02128   0.03822   0.08890
2001   32   0.07357   0.04171   0.01952   0.03200   0.07390
2001   33   0.06069   0.03443   0.01686   0.02967   0.06877
2001   34   0.05093   0.02878   0.01385   0.02629   0.06118
2001   35   0.04186   0.02374   0.01219   0.02197   0.04838
2001   36   0.03329   0.01846   0.00966   0.01771   0.04192
2001   37   0.02547   0.01374   0.00748   0.01383   0.03765
2001   38   0.01917   0.00963   0.00563   0.01012   0.02815
2001   39   0.01640   0.00683   0.00399   0.00811   0.02313
2001   40   0.01519   0.00429   0.00265   0.00560   0.01878
2001   41   0.01039   0.00279   0.00179   0.00386   0.01140
2001   42   0.00635   0.00154   0.00108   0.00212   0.00974
2001   43   0.00329   0.00086   0.00064   0.00142   0.00579
2001   44   0.00149   0.00049   0.00032   0.00074   0.00306
2001   45   0.00051   0.00016   0.00021   0.00039   0.00173
2001   46         .         .         .         .         .
2001   47         .         .         .         .         .
2001   48         .         .         .         .         .
2001   49         .         .         .         .         .
2001   50         .         .         .         .         .
2001   51         .         .         .         .         .
2001   52         .         .         .         .         .
2001   53         .         .         .         .         .
2001   54         .         .         .         .         .
2001   55+        .         .         .         .         .
2002   12-  0.00000         .         .         .         .
2002   13   0.00001   0.09866         .         .         .
2002   14   0.00025   0.04852         .         .         .
2002   15   0.00216   0.03264   0.00000         .         .
2002   16   0.00770   0.02781   0.00000         .         .
2002   17   0.01970   0.03081   0.03068   0.00000         .
2002   18   0.04060   0.04165   0.03709   0.00000         .
2002   19   0.06797   0.04673   0.04731   0.06879   0.00000
2002   20   0.09394   0.05271   0.04559   0.06379   0.04465
2002   21   0.11191   0.05491   0.05576   0.08351   0.07190
2002   22   0.12281   0.05662   0.05395   0.08908   0.08056
2002   23   0.13485   0.05916   0.05158   0.08385   0.09201
2002   24   0.13879   0.06025   0.04756   0.07801   0.08575
2002   25   0.13753   0.06109   0.04103   0.07541   0.14665
2002   26   0.13271   0.06221   0.03738   0.07188   0.12681
2002   27   0.12424   0.06373   0.03536   0.06561   0.11578
2002   28   0.11319   0.06338   0.03263   0.05709   0.11861
2002   29   0.09936   0.05904   0.02820   0.05163   0.10497
2002   30   0.09398   0.05557   0.02728   0.04875   0.09536
2002   31   0.08847   0.05065   0.02495   0.04153   0.09365
2002   32   0.07865   0.04376   0.02162   0.03773   0.08185
2002   33   0.06411   0.03870   0.02020   0.03364   0.07632
2002   34   0.05135   0.03241   0.01698   0.02985   0.06519
2002   35   0.04333   0.02585   0.01451   0.02235   0.06013
2002   36   0.03536   0.02078   0.01145   0.02001   0.05088
2002   37   0.02612   0.01521   0.00874   0.01671   0.04480
2002   38   0.01982   0.01030   0.00681   0.01261   0.03512
2002   39   0.01534   0.00750   0.00488   0.00904   0.02755
2002   40   0.01138   0.00496   0.00323   0.00631   0.02005
2002   41   0.00872   0.00298   0.00189   0.00430   0.01485
2002   42   0.00596   0.00173   0.00116   0.00260   0.00905
2002   43   0.00319   0.00100   0.00064   0.00155   0.00661
2002   44   0.00158   0.00048   0.00033   0.00075   0.00335
2002   45   0.00054   0.00016   0.00021   0.00045   0.00156
2002   46   0.00014   0.00008   0.00009   0.00018   0.00090
2002   47         .         .         .         .         .
2002   48         .         .         .         .         .
2002   49         .         .         .         .         .
2002   50         .         .         .         .         .
2002   51         .         .         .         .         .
2002   52         .         .         .         .         .
2002   53         .         .         .         .         .
2002   54         .         .         .         .         .
2002   55+        .         .         .         .         .
2003   12-  0.00000         .         .         .         .
2003   13   0.00001   0.07426         .         .         .
2003   14   0.00028   0.03740         .         .         .
2003   15   0.00234   0.02996   0.04929         .         .
2003   16   0.00828   0.03367   0.05310         .         .
2003   17   0.02041   0.03712   0.03927   0.14423         .
2003   18   0.04080   0.04390   0.03937   0.11290         .
2003   19   0.06737   0.05114   0.04281   0.04458   0.00000
2003   20   0.09167   0.05255   0.04765   0.09123   0.07142
2003   21   0.11113   0.05579   0.05629   0.08283   0.09318
2003   22   0.12271   0.05819   0.05440   0.09615   0.08293
2003   23   0.13214   0.05942   0.05306   0.09354   0.10955
2003   24   0.14097   0.06162   0.05019   0.08645   0.10784
2003   25   0.14175   0.06305   0.04648   0.08282   0.12942
2003   26   0.13618   0.06509   0.04036   0.07761   0.12525
2003   27   0.12630   0.06581   0.03669   0.07010   0.12717
2003   28   0.11506   0.06572   0.03458   0.06181   0.11119
2003   29   0.10498   0.06416   0.03131   0.05524   0.10640
2003   30   0.09077   0.06011   0.02852   0.04815   0.10154
2003   31   0.08271   0.05566   0.02636   0.04438   0.09000
2003   32   0.07888   0.04726   0.02457   0.03885   0.09060
2003   33   0.06793   0.04092   0.02111   0.03394   0.07724
2003   34   0.05611   0.03484   0.01871   0.03028   0.07109
2003   35   0.04695   0.02889   0.01605   0.02646   0.06118
2003   36   0.03715   0.02198   0.01331   0.02234   0.05626
2003   37   0.02754   0.01602   0.01030   0.01723   0.04486
2003   38   0.02019   0.01165   0.00757   0.01295   0.03664
2003   39   0.01459   0.00798   0.00553   0.00999   0.03069
2003   40   0.01038   0.00520   0.00354   0.00739   0.02245
2003   41   0.00872   0.00329   0.00239   0.00487   0.01427
2003   42   0.00569   0.00195   0.00140   0.00311   0.01059
2003   43   0.00333   0.00097   0.00071   0.00181   0.00655
2003   44   0.00176   0.00058   0.00034   0.00086   0.00265
2003   45   0.00063   0.00015   0.00023   0.00036   0.00240
2003   46   0.00022   0.00005   0.00008   0.00019   0.00087
2003   47   0.00007   0.00006   0.00003   0.00005   0.00046
2003   48         .         .         .         .         .
2003   49         .         .         .         .         .
2003   50         .         .         .         .         .
2003   51         .         .         .         .         .
2003   52         .         .         .         .         .
2003   53         .         .         .         .         .
2003   54         .         .         .         .         .
2003   55+        .         .         .         .         .
2004   12-  0.00000         .         .         .         .
2004   13   0.00003   0.11429         .         .         .
2004   14   0.00035   0.04971         .         .         .
2004   15   0.00235   0.03329   0.04616         .         .
2004   16   0.00854   0.03261   0.04086   0.00000         .
2004   17   0.02127   0.03576   0.03913   0.17766         .
2004   18   0.04098   0.04923   0.04110   0.05235         .
2004   19   0.06550   0.05321   0.04274   0.04533   0.00000
2004   20   0.08832   0.05671   0.04663   0.08717   0.16875
2004   21   0.10547   0.05663   0.05689   0.08335   0.07062
2004   22   0.11966   0.05840   0.05863   0.08691   0.11204
2004   23   0.12822   0.05868   0.05495   0.08220   0.09000
2004   24   0.13746   0.05985   0.04934   0.07705   0.10070
2004   25   0.14188   0.06263   0.04581   0.08082   0.12235
2004   26   0.13647   0.06477   0.04101   0.08138   0.13409
2004   27   0.12689   0.06651   0.03858   0.06911   0.12452
2004   28   0.11478   0.06692   0.03417   0.06153   0.11379
2004   29   0.10534   0.06458   0.03133   0.05387   0.10287
2004   30   0.09557   0.06228   0.02940   0.05030   0.10268
2004   31   0.08046   0.05658   0.02689   0.04480   0.08668
2004   32   0.07306   0.05060   0.02415   0.04160   0.08431
2004   33   0.06693   0.04245   0.02165   0.03622   0.07638
2004   34   0.05863   0.03525   0.01890   0.03087   0.07085
2004   35   0.04857   0.03063   0.01657   0.02799   0.06208
2004   36   0.04001   0.02473   0.01385   0.02357   0.05723
2004   37   0.02940   0.01750   0.01152   0.01942   0.04463
2004   38   0.02252   0.01273   0.00846   0.01493   0.04049
2004   39   0.01664   0.00839   0.00585   0.01183   0.03084
2004   40   0.01127   0.00567   0.00411   0.00766   0.02550
2004   41   0.00727   0.00373   0.00260   0.00542   0.01634
2004   42   0.00480   0.00216   0.00163   0.00336   0.01088
2004   43   0.00386   0.00106   0.00079   0.00222   0.00673
2004   44   0.00237   0.00053   0.00044   0.00105   0.00367
2004   45   0.00065   0.00021   0.00024   0.00057   0.00153
2004   46   0.00048   0.00012   0.00010   0.00021   0.00049
2004   47   0.00013   0.00004   0.00003   0.00012   0.00040
2004   48   0.00004   0.00001   0.00002   0.00004   0.00020
2004   49         .         .         .         .         .
2004   50         .         .         .         .         .
2004   51         .         .         .         .         .
2004   52         .         .         .         .         .
2004   53         .         .         .         .         .
2004   54         .         .         .         .         .
2004   55+        .         .         .         .         .
2005   12-  0.00001         .         .         .         .
2005   13   0.00005   0.06492         .         .         .
2005   14   0.00037   0.03020         .         .         .
2005   15   0.00225   0.02669   0.04693         .         .
2005   16   0.00812   0.03926   0.05568   0.00000         .
2005   17   0.02010   0.04006   0.05078   0.13352         .
2005   18   0.03938   0.04909   0.03974   0.12073   0.00000
2005   19   0.06135   0.04974   0.05006   0.04460   0.00000
2005   20   0.08086   0.05386   0.04744   0.07324   0.00000
2005   21   0.09711   0.05651   0.05615   0.08571   0.14455
2005   22   0.10877   0.05588   0.05491   0.08310   0.08237
2005   23   0.12055   0.05706   0.05363   0.09555   0.08807
2005   24   0.12752   0.05730   0.04861   0.08473   0.09473
2005   25   0.13210   0.05796   0.04409   0.07747   0.11611
2005   26   0.13146   0.06181   0.04084   0.07221   0.11806
2005   27   0.12309   0.06423   0.03713   0.06507   0.10273
2005   28   0.11216   0.06549   0.03389   0.05941   0.11206
2005   29   0.09988   0.06297   0.03079   0.05474   0.09653
2005   30   0.09272   0.06024   0.02785   0.04882   0.09094
2005   31   0.08239   0.05636   0.02593   0.04496   0.08693
2005   32   0.06871   0.04960   0.02323   0.04041   0.07770
2005   33   0.06194   0.04322   0.02144   0.03638   0.07364
2005   34   0.05866   0.03556   0.01874   0.03172   0.06780
2005   35   0.04915   0.02908   0.01634   0.02643   0.05850
2005   36   0.04163   0.02341   0.01413   0.02360   0.05470
2005   37   0.03037   0.01784   0.01118   0.01925   0.04576
2005   38   0.02411   0.01306   0.00866   0.01464   0.03668
2005   39   0.01711   0.00900   0.00644   0.01184   0.03184
2005   40   0.01208   0.00587   0.00417   0.00818   0.02216
2005   41   0.00745   0.00377   0.00291   0.00566   0.01752
2005   42   0.00475   0.00235   0.00164   0.00382   0.01060
2005   43   0.00331   0.00122   0.00094   0.00212   0.00656
2005   44   0.00218   0.00056   0.00043   0.00101   0.00447
2005   45   0.00105   0.00031   0.00022   0.00057   0.00183
2005   46   0.00036   0.00012   0.00009   0.00025   0.00076
2005   47   0.00019   0.00006   0.00006   0.00016   0.00065
2005   48   0.00009   0.00004   0.00003   0.00006   0.00010
2005   49   0.00010   0.00002   0.00001   0.00000   0.00013
2005   50         .         .         .         .         .
2005   51         .         .         .         .         .
2005   52         .         .         .         .         .
2005   53         .         .         .         .         .
2005   54         .         .         .         .         .
2005   55+        .         .         .         .         .
2006   12-  0.00001         .         .         .         .
2006   13   0.00005   0.05679         .         .         .
2006   14   0.00032   0.02850         .         .         .
2006   15   0.00221   0.02619   0.00000         .         .
2006   16   0.00814   0.03407   0.01061         .         .
2006   17   0.01997   0.03713   0.04565   0.00000         .
2006   18   0.03885   0.05067   0.06137   0.04884   0.00000
2006   19   0.06213   0.05221   0.05565   0.05466   0.35958
2006   20   0.08015   0.05484   0.04980   0.08196   0.07088
2006   21   0.09310   0.05705   0.05634   0.08111   0.11426
2006   22   0.10614   0.05813   0.05600   0.07548   0.07240
2006   23   0.11837   0.05659   0.05302   0.08442   0.10613
2006   24   0.12796   0.05848   0.05017   0.08900   0.10374
2006   25   0.12977   0.05848   0.04529   0.07666   0.09836
2006   26   0.12648   0.05995   0.04109   0.07098   0.11776
2006   27   0.12345   0.06341   0.03810   0.06256   0.11523
2006   28   0.11421   0.06520   0.03351   0.05941   0.09629
2006   29   0.10287   0.06513   0.03091   0.04991   0.10560
2006   30   0.09262   0.06227   0.02879   0.04651   0.08818
2006   31   0.08167   0.05648   0.02598   0.04211   0.07662
2006   32   0.07243   0.05198   0.02398   0.03983   0.07631
2006   33   0.06036   0.04466   0.02134   0.03495   0.06945
2006   34   0.05486   0.03825   0.01992   0.03060   0.06102
2006   35   0.05097   0.03025   0.01711   0.02868   0.05823
2006   36   0.04252   0.02334   0.01484   0.02318   0.05308
2006   37   0.03298   0.01840   0.01186   0.01886   0.04358
2006   38   0.02486   0.01364   0.00925   0.01586   0.03760
2006   39   0.01850   0.00958   0.00689   0.01123   0.02850
2006   40   0.01267   0.00621   0.00476   0.00904   0.02288
2006   41   0.00828   0.00383   0.00264   0.00595   0.01791
2006   42   0.00456   0.00226   0.00191   0.00403   0.01169
2006   43   0.00267   0.00125   0.00096   0.00229   0.00724
2006   44   0.00176   0.00053   0.00049   0.00106   0.00396
2006   45   0.00083   0.00025   0.00022   0.00060   0.00201
2006   46   0.00054   0.00010   0.00007   0.00029   0.00101
2006   47   0.00026   0.00007   0.00004   0.00010   0.00036
2006   48   0.00016   0.00007   0.00002   0.00006   0.00004
2006   49   0.00013   0.00002   0.00001   0.00002   0.00010
2006   50   0.00001   0.00001   0.00001   0.00001   0.00002
2006   51         .         .         .         .         .
2006   52         .         .         .         .         .
2006   53         .         .         .         .         .
2006   54         .         .         .         .         .
2006   55+        .         .         .         .         .
2007   12-  0.00001         .         .         .         .
2007   13   0.00004   0.07349         .         .         .
2007   14   0.00043   0.04405         .         .         .
2007   15   0.00240   0.02918   0.00000         .         .
2007   16   0.00819   0.02525   0.03997         .         .
2007   17   0.01946   0.03724   0.05311   0.00000         .
2007   18   0.03830   0.05311   0.04997   0.06279         .
2007   19   0.06093   0.05880   0.06241   0.09562   0.07152
2007   20   0.07948   0.06196   0.06563   0.07822   0.05046
2007   21   0.09060   0.06522   0.06749   0.08888   0.11802
2007   22   0.10033   0.06615   0.06788   0.08873   0.09968
2007   23   0.11412   0.06738   0.06400   0.09764   0.10649
2007   24   0.12576   0.06958   0.05885   0.08898   0.12947
2007   25   0.13394   0.07081   0.05720   0.09226   0.13164
2007   26   0.12891   0.07180   0.04976   0.08654   0.13388
2007   27   0.11989   0.07301   0.04695   0.07848   0.12788
2007   28   0.11650   0.07622   0.04426   0.07514   0.12604
2007   29   0.10607   0.07650   0.04058   0.06778   0.12418
2007   30   0.09637   0.07333   0.03692   0.06003   0.11677
2007   31   0.08297   0.06864   0.03241   0.05263   0.09982
2007   32   0.07261   0.06011   0.03021   0.05013   0.10063
2007   33   0.06337   0.05289   0.02763   0.04440   0.09504
2007   34   0.05236   0.04478   0.02486   0.03781   0.08069
2007   35   0.04914   0.03738   0.02222   0.03620   0.07953
2007   36   0.04325   0.02845   0.01910   0.02966   0.06749
2007   37   0.03477   0.02157   0.01522   0.02507   0.05862
2007   38   0.02710   0.01560   0.01216   0.02080   0.04698
2007   39   0.01904   0.01133   0.00886   0.01672   0.04316
2007   40   0.01314   0.00776   0.00596   0.01170   0.02908
2007   41   0.00880   0.00445   0.00388   0.00831   0.02171
2007   42   0.00502   0.00251   0.00229   0.00484   0.01366
2007   43   0.00282   0.00145   0.00131   0.00278   0.00964
2007   44   0.00176   0.00075   0.00062   0.00150   0.00459
2007   45   0.00070   0.00035   0.00028   0.00056   0.00248
2007   46   0.00057   0.00012   0.00013   0.00032   0.00120
2007   47   0.00020   0.00004   0.00005   0.00014   0.00061
2007   48   0.00024   0.00003   0.00002   0.00002   0.00030
2007   49   0.00003   0.00003   0.00001   0.00002   0.00014
2007   50   0.00010   0.00002   0.00000   0.00000   0.00000
2007   51   0.00005   0.00000   0.00000   0.00000   0.00009
2007   52         .         .         .         .         .
2007   53         .         .         .         .         .
2007   54         .         .         .         .         .
2007   55+        .         .         .         .         .
2008   12-  0.00001         .         .         .         .
2008   13   0.00005   0.06914         .         .         .
2008   14   0.00048   0.03937   0.10333         .         .
2008   15   0.00252   0.03061   0.03440         .         .
2008   16   0.00878   0.03934   0.01244         .         .
2008   17   0.02074   0.04844   0.03548   0.10368         .
2008   18   0.03805   0.05854   0.04846   0.09228         .
2008   19   0.06021   0.06302   0.06392   0.08501   0.22382
2008   20   0.07933   0.06824   0.06820   0.10524   0.09810
2008   21   0.09233   0.06956   0.07130   0.08970   0.10771
2008   22   0.10092   0.07003   0.07038   0.09074   0.13978
2008   23   0.11154   0.07216   0.06426   0.09297   0.08334
2008   24   0.12703   0.07421   0.06319   0.09263   0.11767
2008   25   0.13630   0.07563   0.05803   0.09179   0.11628
2008   26   0.13642   0.07930   0.05548   0.08431   0.13109
2008   27   0.12576   0.07925   0.05203   0.07904   0.12426
2008   28   0.11566   0.08163   0.04691   0.07276   0.11871
2008   29   0.10899   0.08315   0.04605   0.06642   0.11437
2008   30   0.09970   0.08213   0.04256   0.06374   0.10840
2008   31   0.08639   0.07796   0.03892   0.05970   0.10044
2008   32   0.07331   0.06783   0.03492   0.05369   0.09078
2008   33   0.06409   0.05938   0.03244   0.04513   0.09102
2008   34   0.05655   0.05185   0.02912   0.04535   0.08620
2008   35   0.04674   0.04255   0.02678   0.03902   0.07991
2008   36   0.04185   0.03443   0.02319   0.03502   0.06624
2008   37   0.03445   0.02465   0.01883   0.02789   0.06169
2008   38   0.02932   0.01764   0.01376   0.02456   0.05278
2008   39   0.02246   0.01280   0.01085   0.01897   0.04344
2008   40   0.01474   0.00846   0.00749   0.01434   0.03440
2008   41   0.00969   0.00542   0.00515   0.00933   0.02500
2008   42   0.00597   0.00295   0.00283   0.00582   0.01591
2008   43   0.00310   0.00160   0.00157   0.00344   0.00947
2008   44   0.00170   0.00081   0.00074   0.00182   0.00473
2008   45   0.00095   0.00043   0.00034   0.00088   0.00327
2008   46   0.00031   0.00015   0.00013   0.00035   0.00124
2008   47   0.00028   0.00009   0.00006   0.00021   0.00037
2008   48   0.00030   0.00006   0.00003   0.00003   0.00026
2008   49   0.00015   0.00003   0.00001   0.00007   0.00010
2008   50   0.00008   0.00002   0.00000   0.00000   0.00000
2008   51   0.00011   0.00002   0.00000   0.00000   0.00000
2008   52   0.00003   0.00000   0.00000   0.00002   0.00008
2008   53         .         .         .         .         .
2008   54         .         .         .         .         .
2008   55+        .         .         .         .         .
2009   12-  0.00001         .         .         .         .
2009   13   0.00006   0.10210         .         .         .
2009   14   0.00045   0.05316   0.14642         .         .
2009   15   0.00239   0.03463   0.08296         .         .
2009   16   0.00882   0.03355   0.05200         .         .
2009   17   0.02051   0.04665   0.02941   0.29636         .
2009   18   0.03703   0.05783   0.05640   0.10176   0.30333
2009   19   0.05660   0.06390   0.07036   0.08394   0.29514
2009   20   0.07440   0.06859   0.06693   0.09086   0.13584
2009   21   0.08814   0.07307   0.07095   0.09185   0.12524
2009   22   0.10073   0.07448   0.06759   0.09547   0.11384
2009   23   0.11294   0.07407   0.06597   0.09348   0.11534
2009   24   0.12491   0.07441   0.05939   0.09287   0.11018
2009   25   0.13890   0.07857   0.05683   0.08603   0.12758
2009   26   0.14205   0.08176   0.05334   0.07878   0.12634
2009   27   0.13602   0.08553   0.05234   0.07909   0.12329
2009   28   0.12183   0.08478   0.04746   0.07218   0.12440
2009   29   0.10754   0.08581   0.04490   0.06686   0.11545
2009   30   0.10579   0.08633   0.04270   0.06187   0.11718
2009   31   0.09318   0.08147   0.03957   0.05689   0.10010
2009   32   0.08107   0.07518   0.03701   0.05277   0.10602
2009   33   0.06767   0.06565   0.03357   0.04743   0.09243
2009   34   0.05969   0.05576   0.03017   0.04357   0.08010
2009   35   0.05141   0.04702   0.02720   0.04046   0.07756
2009   36   0.04324   0.03741   0.02411   0.03400   0.06564
2009   37   0.03722   0.02788   0.01962   0.03103   0.05886
2009   38   0.03106   0.01977   0.01525   0.02373   0.05086
2009   39   0.02410   0.01362   0.01170   0.01912   0.04631
2009   40   0.01936   0.00963   0.00810   0.01430   0.03547
2009   41   0.01181   0.00591   0.00560   0.01003   0.02602
2009   42   0.00665   0.00374   0.00298   0.00693   0.01768
2009   43   0.00372   0.00193   0.00175   0.00386   0.01116
2009   44   0.00220   0.00100   0.00088   0.00203   0.00622
2009   45   0.00101   0.00050   0.00041   0.00105   0.00286
2009   46   0.00049   0.00024   0.00017   0.00032   0.00148
2009   47   0.00040   0.00011   0.00006   0.00011   0.00067
2009   48   0.00014   0.00009   0.00003   0.00013   0.00015
2009   49   0.00011   0.00004   0.00002   0.00006   0.00010
2009   50   0.00013   0.00001   0.00000   0.00003   0.00000
2009   51   0.00015   0.00002   0.00001   0.00000   0.00000
2009   52   0.00000   0.00002   0.00001   0.00004   0.00000
2009   53   0.00003   0.00001   0.00001   0.00000   0.00000
2009   54         .         .         .         .         .
2009   55+        .         .         .         .         .
2010   12-  0.00001         .         .         .         .
2010   13   0.00005   0.08198         .         .         .
2010   14   0.00039   0.04230   0.03805         .         .
2010   15   0.00233   0.03535   0.04347         .         .
2010   16   0.00767   0.03884   0.07273   0.00000         .
2010   17   0.01903   0.05281   0.04379   0.08439         .
2010   18   0.03542   0.06141   0.06623   0.09003   0.26309
2010   19   0.05325   0.07001   0.06119   0.10687   0.05662
2010   20   0.06712   0.07312   0.06625   0.08881   0.12481
2010   21   0.08082   0.07587   0.06825   0.08466   0.08428
2010   22   0.09410   0.07732   0.06900   0.09264   0.11551
2010   23   0.10769   0.07891   0.06345   0.08100   0.14261
2010   24   0.12154   0.07962   0.06040   0.09152   0.13520
2010   25   0.13224   0.08109   0.05618   0.08593   0.11207
2010   26   0.14130   0.08699   0.05417   0.08322   0.13213
2010   27   0.13922   0.09078   0.04961   0.07735   0.11645
2010   28   0.13087   0.09391   0.04932   0.07460   0.12733
2010   29   0.11194   0.09325   0.04551   0.06452   0.11764
2010   30   0.10177   0.09114   0.04418   0.06096   0.10247
2010   31   0.09619   0.08901   0.04132   0.05780   0.10086
2010   32   0.08336   0.08159   0.03891   0.05163   0.09864
2010   33   0.07063   0.07240   0.03683   0.04779   0.08617
2010   34   0.05993   0.06138   0.03320   0.04262   0.08318
2010   35   0.05374   0.05154   0.02964   0.03978   0.07739
2010   36   0.04658   0.04173   0.02634   0.03728   0.06815
2010   37   0.03513   0.03035   0.02148   0.03078   0.06008
2010   38   0.03030   0.02257   0.01767   0.02558   0.05154
2010   39   0.02429   0.01524   0.01293   0.02129   0.04372
2010   40   0.01902   0.01014   0.00929   0.01585   0.03605
2010   41   0.01352   0.00707   0.00585   0.01047   0.02831
2010   42   0.00823   0.00413   0.00381   0.00699   0.01895
2010   43   0.00530   0.00209   0.00213   0.00463   0.01156
2010   44   0.00285   0.00107   0.00101   0.00228   0.00755
2010   45   0.00148   0.00053   0.00045   0.00095   0.00295
2010   46   0.00064   0.00025   0.00025   0.00040   0.00155
2010   47   0.00062   0.00015   0.00009   0.00023   0.00072
2010   48   0.00027   0.00007   0.00003   0.00013   0.00028
2010   49   0.00029   0.00003   0.00004   0.00005   0.00015
2010   50   0.00008   0.00004   0.00001   0.00002   0.00000
2010   51   0.00011   0.00001   0.00000   0.00001   0.00000
2010   52   0.00000   0.00004   0.00001   0.00000   0.00003
2010   53   0.00002   0.00001   0.00000   0.00000   0.00004
2010   54   0.00000   0.00001   0.00000   0.00001   0.00000
2010   55+  0.00000   0.00003   0.00000   0.00000   0.00005
2011   12-  0.00001         .         .         .         .
2011   13   0.00007   0.00000         .         .         .
2011   14   0.00047   0.06102   0.16373         .         .
2011   15   0.00252   0.05117   0.03282         .         .
2011   16   0.00842   0.04240   0.05581   0.18422         .
2011   17   0.01944   0.05471   0.05328   0.08529         .
2011   18   0.03673   0.06991   0.06233   0.12238   0.18431
2011   19   0.05492   0.07717   0.07006   0.09467   0.33462
2011   20   0.06694   0.08189   0.06952   0.08783   0.17991
2011   21   0.07663   0.08439   0.07056   0.08590   0.15399
2011   22   0.08921   0.08419   0.07302   0.09354   0.13874
2011   23   0.10428   0.08465   0.06897   0.09293   0.14192
2011   24   0.11967   0.08671   0.06458   0.09021   0.13121
2011   25   0.12866   0.08634   0.05934   0.09147   0.12434
2011   26   0.13158   0.08945   0.05502   0.07940   0.12610
2011   27   0.13308   0.09503   0.05246   0.07579   0.12763
2011   28   0.12672   0.09670   0.04954   0.07100   0.11781
2011   29   0.11756   0.09717   0.04712   0.06711   0.12263
2011   30   0.10044   0.09273   0.04486   0.06186   0.10509
2011   31   0.08820   0.08805   0.04264   0.05495   0.10288
2011   32   0.08148   0.08276   0.04068   0.05133   0.09181
2011   33   0.07235   0.07430   0.03727   0.04708   0.08433
2011   34   0.06212   0.06455   0.03479   0.04312   0.08374
2011   35   0.05277   0.05356   0.03104   0.03811   0.07729
2011   36   0.04600   0.04290   0.02739   0.03648   0.06812
2011   37   0.03776   0.03227   0.02294   0.03098   0.06253
2011   38   0.02793   0.02366   0.01841   0.02724   0.05392
2011   39   0.02377   0.01648   0.01418   0.02154   0.04410
2011   40   0.01781   0.01051   0.01001   0.01610   0.03502
2011   41   0.01314   0.00664   0.00650   0.01148   0.02726
2011   42   0.00841   0.00395   0.00412   0.00735   0.02142
2011   43   0.00433   0.00217   0.00236   0.00495   0.01303
2011   44   0.00248   0.00121   0.00118   0.00265   0.00665
2011   45   0.00136   0.00045   0.00044   0.00129   0.00353
2011   46   0.00059   0.00025   0.00020   0.00060   0.00208
2011   47   0.00036   0.00012   0.00012   0.00027   0.00068
2011   48   0.00021   0.00007   0.00005   0.00011   0.00060
2011   49   0.00020   0.00005   0.00003   0.00009   0.00025
2011   50   0.00019   0.00002   0.00002   0.00004   0.00014
2011   51   0.00007   0.00003   0.00000   0.00004   0.00015
2011   52   0.00005   0.00002   0.00002   0.00001   0.00000
2011   53   0.00002   0.00000   0.00001   0.00003   0.00007
2011   54   0.00002   0.00000   0.00000   0.00002   0.00002
2011   55+  0.00001   0.00002   0.00000   0.00000   0.00006
2012   12-  0.00001         .         .         .         .
2012   13   0.00007   0.03430         .         .         .
2012   14   0.00046   0.06177   0.00000         .         .
2012   15   0.00256   0.03724   0.06065         .         .
2012   16   0.00856   0.03932   0.08765   0.00000         .
2012   17   0.02010   0.05748   0.06204   0.08078         .
2012   18   0.03779   0.07110   0.07277   0.12993   0.00000
2012   19   0.05770   0.08591   0.08160   0.07866   0.07320
2012   20   0.07080   0.09496   0.07905   0.10184   0.19296
2012   21   0.07782   0.09688   0.07844   0.10430   0.13836
2012   22   0.08627   0.09610   0.08062   0.11303   0.17098
2012   23   0.10316   0.09592   0.07731   0.09664   0.12029
2012   24   0.12249   0.09721   0.07090   0.10108   0.14832
2012   25   0.13643   0.09744   0.06466   0.09464   0.13704
2012   26   0.13574   0.09952   0.06055   0.09054   0.14214
2012   27   0.13194   0.10209   0.05882   0.08437   0.12940
2012   28   0.13060   0.10714   0.05377   0.07803   0.13535
2012   29   0.12164   0.10650   0.05148   0.07019   0.12051
2012   30   0.11208   0.10542   0.05053   0.06542   0.11934
2012   31   0.09076   0.09789   0.04764   0.05848   0.11777
2012   32   0.07911   0.08819   0.04526   0.05594   0.10703
2012   33   0.07493   0.08077   0.04279   0.05321   0.09736
2012   34   0.06530   0.07194   0.04044   0.04777   0.09196
2012   35   0.05533   0.06092   0.03630   0.04435   0.08542
2012   36   0.04560   0.04829   0.03140   0.03763   0.07429
2012   37   0.03791   0.03567   0.02669   0.03457   0.07169
2012   38   0.03016   0.02612   0.02138   0.02940   0.06145
2012   39   0.02295   0.01840   0.01636   0.02423   0.04906
2012   40   0.01752   0.01187   0.01166   0.01820   0.03950
2012   41   0.01258   0.00725   0.00762   0.01254   0.03005
2012   42   0.00834   0.00420   0.00488   0.00837   0.02094
2012   43   0.00531   0.00218   0.00264   0.00537   0.01331
2012   44   0.00258   0.00116   0.00131   0.00274   0.00797
2012   45   0.00108   0.00051   0.00070   0.00127   0.00426
2012   46   0.00078   0.00030   0.00018   0.00068   0.00231
2012   47   0.00039   0.00013   0.00011   0.00033   0.00056
2012   48   0.00029   0.00009   0.00006   0.00017   0.00030
2012   49   0.00022   0.00006   0.00002   0.00008   0.00012
2012   50   0.00008   0.00002   0.00001   0.00005   0.00013
2012   51   0.00011   0.00003   0.00000   0.00002   0.00007
2012   52   0.00011   0.00000   0.00000   0.00000   0.00005
2012   53   0.00002   0.00000   0.00001   0.00001   0.00000
2012   54   0.00006   0.00002   0.00000   0.00000   0.00002
2012   55+  0.00004   0.00001   0.00000   0.00001   0.00002
2013   12-  0.00001         .         .         .         .
2013   13   0.00006   0.08954         .         .         .
2013   14   0.00052   0.03079   0.00000         .         .
2013   15   0.00247   0.03933   0.07271         .         .
2013   16   0.00831   0.04252   0.05537   0.16198         .
2013   17   0.01944   0.06191   0.06692   0.12398         .
2013   18   0.03709   0.07576   0.06756   0.08288   0.34623
2013   19   0.05637   0.08858   0.07238   0.07120   0.16890
2013   20   0.06881   0.10055   0.08019   0.08761   0.17802
2013   21   0.07751   0.10396   0.08537   0.10702   0.09346
2013   22   0.08368   0.10275   0.08462   0.10115   0.12126
2013   23   0.09543   0.10136   0.07766   0.09693   0.12591
2013   24   0.11476   0.09985   0.07224   0.09721   0.12220
2013   25   0.13256   0.10024   0.06683   0.08761   0.14201
2013   26   0.14068   0.10315   0.06164   0.08725   0.13367
2013   27   0.13508   0.10506   0.05829   0.08080   0.12652
2013   28   0.12749   0.10739   0.05411   0.07405   0.12464
2013   29   0.12569   0.10907   0.05228   0.06988   0.11441
2013   30   0.11621   0.10710   0.05013   0.06250   0.11400
2013   31   0.10523   0.10167   0.04950   0.05767   0.11214
2013   32   0.08378   0.09036   0.04671   0.05284   0.09794
2013   33   0.07274   0.08071   0.04411   0.04895   0.09219
2013   34   0.06902   0.07379   0.04187   0.04584   0.08687
2013   35   0.05971   0.06372   0.03796   0.04259   0.07869
2013   36   0.05102   0.05247   0.03408   0.03906   0.07207
2013   37   0.03996   0.03872   0.02851   0.03397   0.06324
2013   38   0.03217   0.02811   0.02239   0.02851   0.05446
2013   39   0.02505   0.02006   0.01720   0.02457   0.05010
2013   40   0.01793   0.01361   0.01229   0.01856   0.03938
2013   41   0.01348   0.00804   0.00834   0.01342   0.02943
2013   42   0.00883   0.00460   0.00517   0.00819   0.02074
2013   43   0.00590   0.00240   0.00271   0.00489   0.01267
2013   44   0.00333   0.00127   0.00139   0.00260   0.00764
2013   45   0.00172   0.00060   0.00059   0.00124   0.00412
2013   46   0.00091   0.00026   0.00029   0.00064   0.00185
2013   47   0.00046   0.00013   0.00010   0.00022   0.00063
2013   48   0.00045   0.00008   0.00008   0.00021   0.00028
2013   49   0.00022   0.00006   0.00004   0.00009   0.00005
2013   50   0.00009   0.00004   0.00003   0.00003   0.00015
2013   51   0.00010   0.00004   0.00001   0.00005   0.00005
2013   52   0.00003   0.00001   0.00001   0.00001   0.00011
2013   53   0.00000   0.00001   0.00000   0.00001   0.00002
2013   54   0.00005   0.00001   0.00000   0.00001   0.00003
2013   55+  0.00006   0.00003   0.00001   0.00001   0.00001
2014   12-  0.00000         .         .         .         .
2014   13   0.00009   0.01005         .         .         .
2014   14   0.00051   0.02815         .         .         .
2014   15   0.00260   0.03877   0.01855         .         .
2014   16   0.00846   0.04950   0.08009   0.09494         .
2014   17   0.01972   0.06692   0.06031   0.06138         .
2014   18   0.03575   0.08810   0.06757   0.09997   0.35693
2014   19   0.05388   0.09965   0.07468   0.08893   0.10085
2014   20   0.06694   0.11022   0.08104   0.09363   0.10291
2014   21   0.07413   0.11573   0.08934   0.09560   0.10215
2014   22   0.08206   0.11475   0.08525   0.10497   0.13005
2014   23   0.09103   0.11091   0.08086   0.10620   0.13344
2014   24   0.10501   0.10807   0.07586   0.09825   0.13735
2014   25   0.12501   0.11035   0.07037   0.09580   0.14099
2014   26   0.13721   0.11233   0.06435   0.09079   0.13466
2014   27   0.13930   0.11421   0.06044   0.08411   0.13262
2014   28   0.12894   0.11402   0.05632   0.07790   0.12697
2014   29   0.11963   0.11474   0.05364   0.06974   0.12094
2014   30   0.11612   0.11561   0.05256   0.06343   0.11610
2014   31   0.10612   0.11000   0.04995   0.05956   0.10930
2014   32   0.09298   0.10190   0.04831   0.05600   0.10445
2014   33   0.07421   0.08740   0.04577   0.05103   0.09521
2014   34   0.06418   0.07660   0.04333   0.04701   0.08818
2014   35   0.06145   0.06833   0.04065   0.04427   0.08423
2014   36   0.05278   0.05571   0.03578   0.03986   0.07587
2014   37   0.04181   0.04300   0.03056   0.03515   0.06814
2014   38   0.03199   0.03113   0.02416   0.02925   0.05856
2014   39   0.02547   0.02187   0.01866   0.02402   0.05016
2014   40   0.01933   0.01470   0.01355   0.01869   0.04051
2014   41   0.01330   0.00934   0.00898   0.01383   0.02948
2014   42   0.00888   0.00559   0.00567   0.01007   0.02163
2014   43   0.00545   0.00291   0.00321   0.00572   0.01394
2014   44   0.00330   0.00146   0.00164   0.00314   0.00793
2014   45   0.00201   0.00072   0.00079   0.00170   0.00422
2014   46   0.00110   0.00037   0.00039   0.00083   0.00178
2014   47   0.00065   0.00020   0.00015   0.00039   0.00071
2014   48   0.00040   0.00012   0.00008   0.00018   0.00041
2014   49   0.00023   0.00009   0.00005   0.00009   0.00015
2014   50   0.00017   0.00005   0.00003   0.00005   0.00009
2014   51   0.00010   0.00002   0.00002   0.00002   0.00010
2014   52   0.00006   0.00001   0.00001   0.00001   0.00005
2014   53   0.00008   0.00002   0.00001   0.00001   0.00003
2014   54   0.00003   0.00002   0.00001   0.00001   0.00002
2014   55+  0.00004   0.00002   0.00001   0.00003   0.00004
2015   12-  0.00000         .         .         .         .
2015   13   0.00004   0.00000         .         .         .
2015   14   0.00040   0.00812         .         .         .
2015   15   0.00194   0.05339   0.05425         .         .
2015   16   0.00697   0.06760   0.04755         .         .
2015   17   0.01688   0.07724   0.07258   0.16409         .
2015   18   0.03278   0.09839   0.07292   0.12541   0.13743
2015   19   0.05030   0.10660   0.08812   0.09576   0.20234
2015   20   0.06274   0.11692   0.08952   0.11381   0.14143
2015   21   0.07262   0.12138   0.08927   0.10216   0.12973
2015   22   0.07818   0.12170   0.08829   0.10983   0.12034
2015   23   0.08993   0.12130   0.08436   0.11001   0.13126
2015   24   0.10244   0.11837   0.07722   0.09898   0.13036
2015   25   0.11478   0.11850   0.07019   0.09435   0.13947
2015   26   0.13068   0.12037   0.06475   0.08829   0.13687
2015   27   0.13949   0.12359   0.06008   0.08175   0.12659
2015   28   0.13450   0.12655   0.05627   0.07626   0.12866
2015   29   0.12391   0.12588   0.05334   0.07017   0.11650
2015   30   0.11441   0.12448   0.05201   0.06410   0.11463
2015   31   0.10848   0.12133   0.05062   0.06002   0.11076
2015   32   0.09680   0.11035   0.04731   0.05368   0.09994
2015   33   0.08375   0.09877   0.04628   0.05018   0.08919
2015   34   0.06724   0.08356   0.04323   0.04595   0.08654
2015   35   0.05644   0.07082   0.04014   0.04286   0.07775
2015   36   0.05324   0.06018   0.03656   0.03778   0.06994
2015   37   0.04317   0.04657   0.03077   0.03331   0.06349
2015   38   0.03560   0.03468   0.02531   0.02941   0.05533
2015   39   0.02615   0.02340   0.01909   0.02357   0.04566
2015   40   0.02004   0.01597   0.01382   0.01838   0.03707
2015   41   0.01422   0.00984   0.00941   0.01346   0.03082
2015   42   0.00910   0.00564   0.00582   0.00932   0.02093
2015   43   0.00570   0.00303   0.00339   0.00617   0.01355
2015   44   0.00321   0.00145   0.00176   0.00293   0.00714
2015   45   0.00228   0.00075   0.00088   0.00145   0.00404
2015   46   0.00148   0.00037   0.00033   0.00080   0.00210
2015   47   0.00080   0.00023   0.00020   0.00038   0.00055
2015   48   0.00048   0.00013   0.00009   0.00013   0.00027
2015   49   0.00025   0.00007   0.00007   0.00017   0.00015
2015   50   0.00023   0.00005   0.00004   0.00004   0.00003
2015   51   0.00015   0.00004   0.00002   0.00001   0.00005
2015   52   0.00005   0.00002   0.00002   0.00004   0.00002
2015   53   0.00006   0.00000   0.00001   0.00002   0.00000
2015   54   0.00002   0.00001   0.00001   0.00000   0.00000
2015   55+  0.00009   0.00002   0.00001   0.00002   0.00002
2016   12-  0.00000         .         .         .         .
2016   13   0.00004   0.00000         .         .         .
2016   14   0.00038   0.01986         .         .         .
2016   15   0.00158   0.03958   0.00000         .         .
2016   16   0.00564   0.05050   0.08726   0.19696         .
2016   17   0.01491   0.07996   0.08456   0.03908         .
2016   18   0.02934   0.09745   0.07811   0.10152   0.29125
2016   19   0.04653   0.11016   0.08209   0.05057   0.13187
2016   20   0.05821   0.12073   0.09178   0.10598   0.18047
2016   21   0.06792   0.12523   0.08937   0.10500   0.08107
2016   22   0.07704   0.12026   0.08717   0.09311   0.11915
2016   23   0.08733   0.12144   0.08212   0.10182   0.12722
2016   24   0.10065   0.12104   0.07793   0.10328   0.13984
2016   25   0.11019   0.12049   0.07230   0.09726   0.12582
2016   26   0.11661   0.12382   0.06494   0.08720   0.12765
2016   27   0.12670   0.12825   0.05982   0.08182   0.13023
2016   28   0.13050   0.13126   0.05670   0.07735   0.11955
2016   29   0.12763   0.13255   0.05432   0.07029   0.11950
2016   30   0.11567   0.12844   0.05190   0.06389   0.11522
2016   31   0.10335   0.12474   0.04999   0.05867   0.10639
2016   32   0.09705   0.11746   0.04799   0.05428   0.09708
2016   33   0.08551   0.10451   0.04543   0.04957   0.09506
2016   34   0.07411   0.09138   0.04396   0.04484   0.08582
2016   35   0.05944   0.07536   0.04041   0.04199   0.08095
2016   36   0.05008   0.06073   0.03666   0.03823   0.06969
2016   37   0.04397   0.04947   0.03140   0.03437   0.06600
2016   38   0.03647   0.03660   0.02551   0.02805   0.05617
2016   39   0.02743   0.02615   0.01995   0.02489   0.04829
2016   40   0.01960   0.01695   0.01473   0.01930   0.03837
2016   41   0.01384   0.01030   0.00965   0.01418   0.02959
2016   42   0.00933   0.00598   0.00622   0.00916   0.02204
2016   43   0.00595   0.00330   0.00365   0.00547   0.01449
2016   44   0.00384   0.00180   0.00180   0.00314   0.00840
2016   45   0.00220   0.00073   0.00094   0.00166   0.00464
2016   46   0.00174   0.00034   0.00036   0.00088   0.00193
2016   47   0.00105   0.00025   0.00017   0.00032   0.00103
2016   48   0.00048   0.00012   0.00011   0.00027   0.00035
2016   49   0.00024   0.00010   0.00007   0.00015   0.00010
2016   50   0.00014   0.00005   0.00003   0.00007   0.00009
2016   51   0.00022   0.00004   0.00003   0.00006   0.00008
2016   52   0.00014   0.00003   0.00002   0.00002   0.00000
2016   53   0.00006   0.00002   0.00002   0.00003   0.00002
2016   54   0.00002   0.00001   0.00001   0.00001   0.00004
2016   55+  0.00005   0.00004   0.00002   0.00003   0.00001
2017   12-  0.00001         .         .         .         .
2017   13   0.00004   0.00000         .         .         .
2017   14   0.00030   0.04298         .         .         .
2017   15   0.00139   0.03137   0.00000         .         .
2017   16   0.00438   0.05268   0.06044         .         .
2017   17   0.01132   0.07356   0.06299   0.06514         .
2017   18   0.02536   0.10243   0.08886   0.12485   0.09277
2017   19   0.04166   0.11209   0.09534   0.09102   0.16469
2017   20   0.05253   0.12031   0.09106   0.09928   0.08895
2017   21   0.06061   0.12476   0.09262   0.10701   0.09212
2017   22   0.07090   0.12317   0.08968   0.10022   0.11965
2017   23   0.08324   0.11777   0.08283   0.10420   0.14039
2017   24   0.09205   0.11382   0.07737   0.10022   0.12910
2017   25   0.10314   0.11221   0.07201   0.09568   0.14669
2017   26   0.10451   0.11339   0.06603   0.08816   0.12885
2017   27   0.10434   0.11403   0.05985   0.08001   0.12323
2017   28   0.11142   0.11583   0.05559   0.07278   0.11779
2017   29   0.11516   0.11618   0.05306   0.06705   0.11774
2017   30   0.11038   0.11349   0.05120   0.06196   0.11063
2017   31   0.09836   0.10777   0.04735   0.05704   0.10118
2017   32   0.08578   0.10187   0.04638   0.05168   0.09236
2017   33   0.08116   0.09333   0.04471   0.04976   0.09065
2017   34   0.07334   0.08251   0.04229   0.04479   0.08299
2017   35   0.06402   0.07231   0.03940   0.04095   0.07742
2017   36   0.04831   0.05700   0.03607   0.03656   0.07252
2017   37   0.03956   0.04495   0.03017   0.03260   0.06515
2017   38   0.03445   0.03515   0.02462   0.02923   0.05574
2017   39   0.02758   0.02552   0.01948   0.02349   0.04581
2017   40   0.02070   0.01765   0.01423   0.01872   0.03914
2017   41   0.01406   0.01053   0.00929   0.01326   0.02858
2017   42   0.00931   0.00591   0.00603   0.00885   0.02177
2017   43   0.00575   0.00339   0.00339   0.00539   0.01364
2017   44   0.00368   0.00153   0.00178   0.00299   0.00742
2017   45   0.00223   0.00077   0.00093   0.00166   0.00373
2017   46   0.00173   0.00038   0.00038   0.00065   0.00157
2017   47   0.00118   0.00020   0.00017   0.00037   0.00100
2017   48   0.00073   0.00011   0.00011   0.00020   0.00044
2017   49   0.00051   0.00009   0.00005   0.00006   0.00023
2017   50   0.00039   0.00006   0.00004   0.00008   0.00017
2017   51   0.00013   0.00004   0.00003   0.00005   0.00000
2017   52   0.00008   0.00003   0.00002   0.00004   0.00000
2017   53   0.00003   0.00002   0.00002   0.00002   0.00000
2017   54   0.00006   0.00002   0.00000   0.00003   0.00006
2017   55+  0.00018   0.00004   0.00003   0.00007   0.00002
2018   12-  0.00001         .         .         .         .
2018   13   0.00005   0.00000         .         .         .
2018   14   0.00026   0.02898         .         .         .
2018   15   0.00125   0.02998   0.00000         .         .
2018   16   0.00409   0.06309   0.09121   0.38713         .
2018   17   0.01022   0.07055   0.11716   0.56259         .
2018   18   0.02132   0.08966   0.11345   0.54823         .
2018   19   0.03704   0.11867   0.10863   0.34396   0.77931
2018   20   0.04808   0.12907   0.10413   0.19193   0.50939
2018   21   0.05724   0.13059   0.10408   0.15941   0.28100
2018   22   0.06470   0.12535   0.10000   0.12782   0.19660
2018   23   0.07609   0.12097   0.09825   0.12729   0.18342
2018   24   0.08855   0.11603   0.08338   0.11571   0.14769
2018   25   0.09567   0.11334   0.07969   0.11110   0.16656
2018   26   0.09821   0.11455   0.07193   0.10147   0.15904
2018   27   0.09452   0.11584   0.06436   0.09134   0.14517
2018   28   0.09220   0.11606   0.06050   0.08594   0.13369
2018   29   0.09733   0.11540   0.05562   0.07564   0.13030
2018   30   0.10132   0.11326   0.05268   0.07108   0.12035
2018   31   0.09658   0.10671   0.05022   0.06246   0.11051
2018   32   0.08377   0.09814   0.04717   0.05562   0.10358
2018   33   0.07342   0.09078   0.04503   0.05088   0.09656
2018   34   0.07005   0.08190   0.04239   0.04601   0.09488
2018   35   0.06352   0.07113   0.03928   0.04190   0.08183
2018   36   0.05438   0.05971   0.03588   0.03775   0.07595
2018   37   0.04121   0.04527   0.03048   0.03310   0.06718
2018   38   0.03189   0.03378   0.02460   0.02867   0.05965
2018   39   0.02723   0.02583   0.01998   0.02410   0.05103
2018   40   0.02100   0.01784   0.01444   0.01870   0.04036
2018   41   0.01495   0.01133   0.00977   0.01340   0.02996
2018   42   0.00982   0.00608   0.00612   0.00904   0.02306
2018   43   0.00629   0.00338   0.00333   0.00548   0.01367
2018   44   0.00408   0.00164   0.00191   0.00318   0.00718
2018   45   0.00277   0.00086   0.00083   0.00163   0.00507
2018   46   0.00186   0.00046   0.00049   0.00068   0.00157
2018   47   0.00113   0.00023   0.00018   0.00030   0.00056
2018   48   0.00085   0.00015   0.00011   0.00017   0.00052
2018   49   0.00060   0.00012   0.00007   0.00008   0.00026
2018   50   0.00030   0.00008   0.00005   0.00010   0.00006
2018   51   0.00026   0.00005   0.00004   0.00006   0.00015
2018   52   0.00013   0.00002   0.00002   0.00002   0.00010
2018   53   0.00001   0.00002   0.00002   0.00002   0.00011
2018   54   0.00006   0.00002   0.00001   0.00002   0.00006
2018   55+  0.00013   0.00004   0.00002   0.00005   0.00002
