Russian Federation, Conditional fertility rates by calendar year, age and birth order (based on parity distribution from population census)
Last modified: 02/10/2020
Year  Age       m1x       m2x       m3x       m4x      m5px
1979   12-  0.00000         .         .         .         .
1979   13   0.00001   0.00567         .         .         .
1979   14   0.00017   0.00361         .         .         .
1979   15   0.00124   0.00240   0.00000         .         .
1979   16   0.00591   0.00578   0.00000         .         .
1979   17   0.02045   0.02656   0.00753   0.00000         .
1979   18   0.05826   0.04118   0.01932   0.01694         .
1979   19   0.12325   0.05757   0.03317   0.02210   0.00000
1979   20   0.18868   0.07266   0.05566   0.07156   0.04488
1979   21   0.22440   0.08474   0.05401   0.08030   0.05367
1979   22   0.24282   0.09782   0.05739   0.08227   0.07602
1979   23   0.22658   0.10006   0.05462   0.09433   0.10533
1979   24   0.22181   0.11151   0.05186   0.10314   0.11955
1979   25   0.19768   0.11556   0.04741   0.10129   0.14923
1979   26   0.17512   0.11644   0.04251   0.09395   0.14466
1979   27   0.15760   0.11854   0.04122   0.08635   0.14972
1979   28   0.13575   0.11427   0.03493   0.07790   0.15996
1979   29   0.12259   0.10641   0.03107   0.06848   0.15194
1979   30   0.10948   0.10376   0.03002   0.06541   0.16144
1979   31   0.08221   0.07489   0.02201   0.04558   0.12326
1979   32   0.08212   0.07435   0.02295   0.04525   0.13548
1979   33   0.06295   0.05346   0.01805   0.03527   0.11730
1979   34   0.05290   0.04311   0.01566   0.03291   0.10370
1979   35   0.04289   0.03426   0.01382   0.02951   0.09882
1979   36   0.03328   0.02508   0.01130   0.02154   0.08401
1979   37   0.03235   0.02106   0.01032   0.02091   0.07779
1979   38   0.02403   0.01593   0.00707   0.01578   0.06604
1979   39   0.01870   0.01032   0.00573   0.01176   0.05621
1979   40   0.01374   0.00714   0.00410   0.00961   0.04636
1979   41   0.00938   0.00407   0.00255   0.00612   0.03248
1979   42   0.00632   0.00275   0.00178   0.00397   0.02523
1979   43   0.00343   0.00162   0.00109   0.00245   0.01592
1979   44   0.00213   0.00098   0.00069   0.00156   0.00953
1979   45   0.00070   0.00047   0.00023   0.00081   0.00564
1979   46   0.00038   0.00024   0.00016   0.00035   0.00273
1979   47   0.00013   0.00016   0.00007   0.00017   0.00133
1979   48   0.00005   0.00008   0.00005   0.00008   0.00061
1979   49   0.00001   0.00007   0.00001   0.00002   0.00054
1979   50   0.00003   0.00000   0.00002   0.00002   0.00012
1979   51   0.00001   0.00002   0.00000   0.00000   0.00006
1979   52   0.00000   0.00001   0.00000   0.00001   0.00007
1979   53   0.00000   0.00000   0.00000   0.00000   0.00001
1979   54   0.00000   0.00000   0.00000   0.00001   0.00005
1979   55+  0.00002   0.00000   0.00000   0.00000   0.00001
1989   12-  0.00000         .         .         .         .
1989   13   0.00001   0.00076         .         .         .
1989   14   0.00014   0.00062         .         .         .
1989   15   0.00169   0.00078   0.00000         .         .
1989   16   0.01034   0.01663   0.00000         .         .
1989   17   0.03436   0.03264   0.00000   0.00000         .
1989   18   0.08425   0.05478   0.02430   0.01528         .
1989   19   0.15707   0.07423   0.03645   0.02061   0.00000
1989   20   0.21420   0.09628   0.04184   0.04879   0.00000
1989   21   0.24151   0.11384   0.05083   0.05831   0.04211
1989   22   0.24377   0.12681   0.05387   0.06336   0.04775
1989   23   0.23509   0.13571   0.05360   0.07480   0.05533
1989   24   0.21535   0.14054   0.05053   0.07544   0.08491
1989   25   0.19478   0.14507   0.04743   0.07012   0.10255
1989   26   0.17616   0.14683   0.04344   0.06609   0.10498
1989   27   0.15600   0.14420   0.04144   0.06214   0.10956
1989   28   0.14102   0.13862   0.03891   0.05491   0.10929
1989   29   0.12860   0.12969   0.03657   0.05098   0.10100
1989   30   0.11456   0.11633   0.03395   0.04508   0.10153
1989   31   0.10444   0.10053   0.03015   0.03994   0.09312
1989   32   0.09112   0.08493   0.02786   0.03597   0.09371
1989   33   0.07611   0.06859   0.02427   0.03164   0.08564
1989   34   0.06834   0.05849   0.02188   0.02806   0.08128
1989   35   0.05914   0.04586   0.01869   0.02545   0.07625
1989   36   0.04800   0.03397   0.01481   0.02114   0.06670
1989   37   0.04156   0.02622   0.01191   0.01913   0.06293
1989   38   0.03193   0.01779   0.00882   0.01452   0.05461
1989   39   0.02337   0.01171   0.00626   0.01133   0.04241
1989   40   0.01876   0.00797   0.00463   0.00941   0.03796
1989   41   0.01058   0.00447   0.00262   0.00554   0.02368
1989   42   0.00720   0.00290   0.00203   0.00429   0.02070
1989   43   0.00380   0.00151   0.00114   0.00239   0.01386
1989   44   0.00236   0.00083   0.00055   0.00139   0.00708
1989   45   0.00096   0.00033   0.00026   0.00085   0.00373
1989   46   0.00049   0.00007   0.00010   0.00019   0.00180
1989   47   0.00022   0.00003   0.00005   0.00010   0.00056
1989   48   0.00009   0.00003   0.00002   0.00007   0.00038
1989   49   0.00015   0.00004   0.00001   0.00003   0.00013
1989   50   0.00008   0.00001   0.00000   0.00001   0.00005
1989   51   0.00000   0.00001   0.00000   0.00001   0.00004
1989   52   0.00006   0.00001   0.00000   0.00000   0.00003
1989   53   0.00002   0.00001   0.00000   0.00000   0.00002
1989   54   0.00000   0.00001   0.00000   0.00001   0.00002
1989   55+  0.00006   0.00000   0.00002   0.00004   0.00003
2002   12-  0.00000         .         .         .         .
2002   13   0.00001   0.02706         .         .         .
2002   14   0.00025   0.00236   0.00000         .         .
2002   15   0.00217   0.00632   0.00000   0.00000         .
2002   16   0.00776   0.01402   0.00000   0.00000         .
2002   17   0.01988   0.02266   0.00652   0.00000         .
2002   18   0.04111   0.03461   0.01678   0.00000         .
2002   19   0.06936   0.04093   0.02898   0.01809   0.00000
2002   20   0.09682   0.04758   0.03290   0.02736   0.00093
2002   21   0.11656   0.05062   0.04345   0.05275   0.00381
2002   22   0.12962   0.05293   0.04395   0.06399   0.01102
2002   23   0.14391   0.05608   0.04407   0.06464   0.02243
2002   24   0.14884   0.05817   0.04202   0.06316   0.02546
2002   25   0.14841   0.05994   0.03671   0.06256   0.05071
2002   26   0.14326   0.06203   0.03377   0.06103   0.05400
2002   27   0.13219   0.06466   0.03244   0.05697   0.05840
2002   28   0.12057   0.06479   0.03019   0.05043   0.06621
2002   29   0.10714   0.06049   0.02634   0.04581   0.06172
2002   30   0.09836   0.05777   0.02577   0.04335   0.05971
2002   31   0.08664   0.05370   0.02384   0.03744   0.06205
2002   32   0.07514   0.04674   0.02081   0.03443   0.05548
2002   33   0.06389   0.04115   0.01952   0.03080   0.05283
2002   34   0.05430   0.03411   0.01648   0.02741   0.04670
2002   35   0.04759   0.02702   0.01414   0.02065   0.04430
2002   36   0.03998   0.02158   0.01122   0.01860   0.03832
2002   37   0.03130   0.01559   0.00859   0.01563   0.03440
2002   38   0.02520   0.01042   0.00670   0.01194   0.02740
2002   39   0.01998   0.00748   0.00482   0.00868   0.02183
2002   40   0.01382   0.00498   0.00321   0.00613   0.01627
2002   41   0.00862   0.00307   0.00190   0.00423   0.01240
2002   42   0.00540   0.00180   0.00118   0.00257   0.00766
2002   43   0.00331   0.00103   0.00064   0.00153   0.00567
2002   44   0.00183   0.00047   0.00033   0.00074   0.00291
2002   45   0.00074   0.00015   0.00021   0.00044   0.00135
2002   46   0.00022   0.00007   0.00009   0.00018   0.00078
2002   47   0.00018   0.00005   0.00004   0.00005   0.00031
2002   48   0.00003   0.00000   0.00002   0.00000   0.00038
2002   49   0.00006   0.00001   0.00002   0.00003   0.00003
2002   50   0.00002   0.00001   0.00000   0.00000   0.00002
2002   51   0.00009   0.00001   0.00000   0.00000   0.00000
2002   52   0.00002   0.00001   0.00000   0.00000   0.00002
2002   53   0.00004   0.00000   0.00000   0.00000   0.00004
2002   54   0.00000   0.00000   0.00000   0.00001   0.00000
2002   55+  0.00000   0.00000   0.00000   0.00000   0.00010
2010   12-  0.00001         .         .         .         .
2010   13   0.00005   0.05789         .         .         .
2010   14   0.00039   0.02708   0.04083         .         .
2010   15   0.00233   0.03075   0.01584         .         .
2010   16   0.00768   0.03640   0.03110   0.00000         .
2010   17   0.01906   0.05055   0.02853   0.03267         .
2010   18   0.03553   0.05856   0.05110   0.03854   0.27433
2010   19   0.05366   0.06616   0.04909   0.06027   0.00445
2010   20   0.06805   0.06898   0.05527   0.06175   0.01227
2010   21   0.08239   0.07208   0.05907   0.06667   0.01714
2010   22   0.09640   0.07416   0.06122   0.07829   0.04216
2010   23   0.11101   0.07622   0.05705   0.06920   0.06618
2010   24   0.12653   0.07723   0.05438   0.07742   0.06948
2010   25   0.13900   0.07899   0.05102   0.07547   0.06383
2010   26   0.14871   0.08546   0.05028   0.07665   0.08375
2010   27   0.14539   0.09042   0.04669   0.07269   0.08095
2010   28   0.13620   0.09447   0.04651   0.07106   0.09516
2010   29   0.11728   0.09408   0.04301   0.06133   0.09121
2010   30   0.10691   0.09209   0.04204   0.05873   0.08287
2010   31   0.10027   0.08981   0.03984   0.05742   0.08704
2010   32   0.08683   0.08207   0.03784   0.05180   0.08819
2010   33   0.07428   0.07293   0.03573   0.04788   0.07807
2010   34   0.06209   0.06235   0.03220   0.04267   0.07617
2010   35   0.05393   0.05287   0.02880   0.03997   0.07228
2010   36   0.04720   0.04284   0.02552   0.03746   0.06408
2010   37   0.03674   0.03103   0.02074   0.03078   0.05638
2010   38   0.03030   0.02332   0.01710   0.02558   0.04894
2010   39   0.02188   0.01602   0.01259   0.02132   0.04144
2010   40   0.01678   0.01069   0.00907   0.01587   0.03392
2010   41   0.01281   0.00734   0.00571   0.01049   0.02678
2010   42   0.00853   0.00422   0.00371   0.00702   0.01817
2010   43   0.00579   0.00211   0.00208   0.00466   0.01117
2010   44   0.00320   0.00107   0.00099   0.00229   0.00730
2010   45   0.00176   0.00053   0.00044   0.00096   0.00287
2010   46   0.00080   0.00024   0.00024   0.00041   0.00153
2010   47   0.00079   0.00014   0.00008   0.00023   0.00072
2010   48   0.00031   0.00007   0.00003   0.00013   0.00028
2010   49   0.00027   0.00003   0.00004   0.00006   0.00015
2010   50   0.00007   0.00004   0.00001   0.00002   0.00000
2010   51   0.00011   0.00001   0.00000   0.00001   0.00000
2010   52   0.00000   0.00004   0.00001   0.00000   0.00003
2010   53   0.00003   0.00001   0.00000   0.00000   0.00004
2010   54   0.00000   0.00001   0.00000   0.00001   0.00000
2010   55+  0.00000   0.00003   0.00000   0.00000   0.00005
