Russian Federation, Census-based period fertility tables, birth orders 1 to 5+
Last modified: 02/10/2020
Year     x       w0x       m1x       q1x     l0x    b1x     L0x   Sb1x       w1x       m2x       q2x    l1x    b2x     L1x   Sb2x       w2x       m3x       q3x    l2x    b3x     L2x   Sb3x       w3x       m4x       q4x    l3x    b4x     L3x   Sb4x       w4x      m5px      q5px    l4x   b5px     L4x  Sb5px
1979    12-  1.00000   0.00000   0.00000   10000      0   10000      0   0.00000         .         .      0      0       0      0   0.00000         .         .      0      0       0      0   0.00000         .         .      0      0       0      0   0.00000         .         .      0      0       0      0
1979    13   0.99998   0.00001   0.00001   10000      0   10000      0   0.00002   0.00567   0.00565      0      0       0      0   0.00000         .         .      0      0       0      0   0.00000         .         .      0      0       0      0   0.00000         .         .      0      0       0      0
1979    14   0.99981   0.00017   0.00017   10000      2    9999      0   0.00019   0.00361   0.00360      0      0       1      0   0.00000         .         .      0      0       0      0   0.00000         .         .      0      0       0      0   0.00000         .         .      0      0       0      0
1979    15   0.99832   0.00124   0.00124    9998     12    9992      2   0.00167   0.00240   0.00240      2      0       8      0   0.00001   0.00000   0.00000      0      0       0      0   0.00000         .         .      0      0       0      0   0.00000         .         .      0      0       0      0
1979    16   0.99316   0.00591   0.00590    9986     59    9956     14   0.00657   0.00578   0.00576     14      0      44      0   0.00027   0.00000   0.00000      0      0       0      0   0.00000         .         .      0      0       0      0   0.00000         .         .      0      0       0      0
1979    17   0.97742   0.02045   0.02024    9927    201    9826     73   0.02158   0.02656   0.02621     73      5     172      0   0.00099   0.00753   0.00751      0      0       1      0   0.00001   0.00000   0.00000      0      0       0      0   0.00000         .         .      0      0       0      0
1979    18   0.93602   0.05826   0.05661    9726    551    9451    274   0.06080   0.04118   0.04035    269     22     539      5   0.00299   0.01932   0.01913      5      0      10      0   0.00019   0.01694   0.01680      0      0       0      0   0.00000         .         .      0      0       0      0
1979    19   0.85566   0.12325   0.11610    9175   1065    8643    825   0.13501   0.05757   0.05596    798     75    1308     27   0.00870   0.03317   0.03263     27      2      49      0   0.00061   0.02210   0.02186      0      0       1      0   0.00002   0.00000   0.00000      0      0       0      0
1979    20   0.74293   0.18868   0.17241    8110   1398    7411   1890   0.23472   0.07266   0.07011   1788    176    2424    102   0.02087   0.05566   0.05415    101      9     160      2   0.00133   0.07156   0.06908      2      0       4      0   0.00016   0.04488   0.04390      0      0       0      0
1979    21   0.61656   0.22440   0.20177    6712   1354    6035   3288   0.33829   0.08474   0.08130   3010    302    3564    278   0.04182   0.05401   0.05259    268     21     383     11   0.00290   0.08030   0.07720     10      1      17      0   0.00042   0.05367   0.05226      0      0       1      0
1979    22   0.49587   0.24282   0.21653    5358   1160    4778   4642   0.42435   0.09782   0.09326   4062    436    4452    581   0.07310   0.05739   0.05579    549     42     723     31   0.00583   0.08227   0.07902     30      4      44      2   0.00086   0.07602   0.07324      2      0       3      0
1979    23   0.39450   0.22658   0.20352    4198    854    3770   5802   0.47976   0.10006   0.09529   4786    499    4985   1016   0.11353   0.05462   0.05316    943     63    1146     73   0.01047   0.09433   0.09008     68      8      90      5   0.00174   0.10533   0.10006      5      1       8      0
1979    24   0.31456   0.22181   0.19966    3343    668    3010   6657   0.50651   0.11151   0.10563   5142    580    5204   1515   0.15918   0.05186   0.05055   1379     84    1616    136   0.01655   0.10314   0.09808    122     16     151     14   0.00320   0.11955   0.11281     14      2      20      1
1979    25   0.25654   0.19768   0.17990    2676    481    2435   7324   0.50952   0.11556   0.10925   5229    599    5184   2095   0.20530   0.04741   0.04632   1876    100    2118    219   0.02330   0.10129   0.09640    190     23     224     29   0.00534   0.14923   0.13887     29      6      38      4
1979    26   0.21563   0.17512   0.16102    2194    353    2018   7806   0.49434   0.11644   0.11003   5111    583    5007   2694   0.25059   0.04251   0.04163   2375    111    2606    320   0.03116   0.09395   0.08973    268     29     305     52   0.00828   0.14466   0.13490     52      9      64      9
1979    27   0.18424   0.15760   0.14609    1841    269    1707   8159   0.46950   0.11854   0.11191   4882    562    4743   3277   0.29507   0.04122   0.04039   2847    126    3062    431   0.03957   0.08635   0.08278    350     34     393     81   0.01163   0.14972   0.13929     81     14      95     19
1979    28   0.16083   0.13575   0.12712    1572    200    1472   8428   0.44076   0.11427   0.10809   4588    507    4440   3840   0.33529   0.03493   0.03433   3283    121    3474    557   0.04769   0.07790   0.07498    442     38     482    115   0.01542   0.15996   0.14812    115     21     131     33
1979    29   0.14208   0.12259   0.11551    1372    159    1293   8628   0.41338   0.10641   0.10104   4281    441    4144   4347   0.37004   0.03107   0.03059   3669    119    3829    678   0.05526   0.06848   0.06621    526     39     565    152   0.01924   0.15194   0.14121    152     26     170     54
1979    30   0.13023   0.10948   0.10380    1214    126    1151   8786   0.39292   0.10376   0.09864   3998    401    3864   4788   0.39278   0.03002   0.02957   3991    124    4129    797   0.06119   0.06541   0.06334    606     42     646    191   0.02289   0.16144   0.14939    191     34     210     80
1979    31   0.12208   0.08221   0.07896    1088     86    1045   8912   0.37503   0.07489   0.07219   3723    272    3632   5189   0.40830   0.02201   0.02177   4268     96    4356    921   0.06774   0.04558   0.04456    688     33     719    233   0.02685   0.12326   0.11611    233     31     248    113
1979    32   0.11216   0.08212   0.07888    1002     79     962   8998   0.35728   0.07435   0.07169   3537    257    3450   5461   0.42360   0.02295   0.02269   4444    104    4520   1017   0.07615   0.04525   0.04425    751     36     785    266   0.03081   0.13548   0.12689    266     38     282    144
1979    33   0.10623   0.06295   0.06103     923     56     895   9077   0.34487   0.05346   0.05207   3360    176    3301   5717   0.43003   0.01805   0.01789   4597     84    4643   1121   0.08318   0.03527   0.03466    819     30     846    301   0.03568   0.11730   0.11080    301     37     316    182
1979    34   0.10239   0.05290   0.05153     867     45     844   9133   0.33071   0.04311   0.04220   3240    138    3194   5894   0.43227   0.01566   0.01554   4689     74    4721   1204   0.09088   0.03291   0.03238    873     29     896    331   0.04376   0.10370   0.09859    331     36     345    219
1979    35   0.09577   0.04289   0.04199     822     35     805   9178   0.30781   0.03426   0.03368   3147    107    3111   6031   0.43900   0.01382   0.01373   4753     66    4773   1278   0.10318   0.02951   0.02908    918     28     937    361   0.05424   0.09882   0.09417    361     37     374    255
1979    36   0.08873   0.03328   0.03273     787     26     774   9213   0.28551   0.02508   0.02477   3075     76    3049   6138   0.44496   0.01130   0.01124   4794     54    4805   1344   0.11555   0.02154   0.02131    956     21     973    388   0.06525   0.08401   0.08063    388     33     399    292
1979    37   0.08332   0.03235   0.03183     762     24     749   9238   0.27723   0.02106   0.02084   3024     63    3004   6215   0.44916   0.01032   0.01027   4816     50    4823   1399   0.12080   0.02091   0.02069    989     21    1004    409   0.06949   0.07779   0.07488    409     33     420    326
1979    38   0.07899   0.02403   0.02375     737     18     729   9263   0.27550   0.01593   0.01581   2985     47    2970   6278   0.44874   0.00707   0.00705   4829     34    4836   1449   0.12420   0.01578   0.01565   1018     16    1027    430   0.07257   0.06604   0.06393    430     29     438    358
1979    39   0.07707   0.01870   0.01853     720     13     713   9280   0.27373   0.01032   0.01027   2955     30    2947   6325   0.44330   0.00573   0.00571   4842     28    4844   1483   0.12814   0.01176   0.01169   1036     12    1044    447   0.07776   0.05621   0.05468    447     25     453    387
1979    40   0.07732   0.01374   0.01364     706     10     702   9294   0.27365   0.00714   0.00712   2938     21    2932   6356   0.43836   0.00410   0.00409   4845     20    4846   1510   0.12971   0.00961   0.00957   1052     10    1057    459   0.08095   0.04636   0.04531    459     22     464    413
1979    41   0.07853   0.00938   0.00933     697      7     694   9303   0.27442   0.00407   0.00406   2927     12    2924   6376   0.43218   0.00255   0.00254   4846     12    4846   1530   0.13021   0.00612   0.00610   1061      7    1064    469   0.08466   0.03248   0.03196    469     15     472    434
1979    42   0.07861   0.00632   0.00630     690      4     688   9310   0.26517   0.00275   0.00274   2921      8    2919   6388   0.42486   0.00178   0.00178   4846      9    4845   1543   0.13644   0.00397   0.00396   1067      4    1069    475   0.09491   0.02523   0.02492    475     12     478    449
1979    43   0.07893   0.00343   0.00342     686      2     685   9314   0.25004   0.00162   0.00162   2918      5    2916   6396   0.41794   0.00109   0.00109   4845      5    4845   1551   0.14528   0.00245   0.00244   1072      3    1073    480   0.10781   0.01592   0.01579    480      8     481    462
1979    44   0.08276   0.00213   0.00212     684      1     683   9316   0.24373   0.00098   0.00097   2915      3    2915   6401   0.40830   0.00069   0.00069   4845      3    4844   1557   0.14837   0.00156   0.00156   1074      2    1075    482   0.11683   0.00953   0.00948    482      5     483    469
1979    45   0.08725   0.00070   0.00070     682      0     682   9318   0.24055   0.00047   0.00047   2914      1    2913   6404   0.39645   0.00023   0.00023   4844      1    4844   1560   0.15048   0.00081   0.00081   1076      1    1076    484   0.12527   0.00564   0.00563    484      3     484    474
1979    46   0.09015   0.00038   0.00038     682      0     682   9318   0.23771   0.00024   0.00024   2913      1    2913   6405   0.38752   0.00016   0.00016   4844      1    4844   1561   0.15317   0.00035   0.00035   1076      0    1076    485   0.13146   0.00273   0.00272    485      1     485    477
1979    47   0.09205   0.00013   0.00013     681      0     681   9319   0.23501   0.00016   0.00016   2912      0    2912   6406   0.38326   0.00007   0.00007   4844      0    4844   1562   0.15611   0.00017   0.00017   1077      0    1077    485   0.13358   0.00133   0.00133    485      1     485    478
1979    48   0.09590   0.00005   0.00005     681      0     681   9319   0.23158   0.00008   0.00008   2912      0    2912   6407   0.37509   0.00005   0.00005   4844      0    4844   1562   0.15987   0.00008   0.00008   1077      0    1077    485   0.13755   0.00061   0.00061    485      0     485    478
1979    49   0.10055   0.00001   0.00001     681      0     681   9319   0.22852   0.00007   0.00007   2912      0    2912   6407   0.36373   0.00001   0.00001   4844      0    4844   1562   0.16270   0.00002   0.00002   1077      0    1077    486   0.14450   0.00054   0.00054    486      0     486    479
1979    50   0.10494   0.00003   0.00003     681      0     681   9319   0.22600   0.00000   0.00000   2912      0    2912   6407   0.35270   0.00002   0.00002   4845      0    4844   1562   0.16436   0.00002   0.00002   1077      0    1077    486   0.15200   0.00012   0.00012    486      0     486    479
1979    51   0.10968   0.00001   0.00001     681      0     681   9319   0.22424   0.00002   0.00002   2912      0    2912   6407   0.34129   0.00000   0.00000   4844      0    4844   1563   0.16645   0.00000   0.00000   1077      0    1077    486   0.15834   0.00006   0.00006    486      0     486    479
1979    52   0.11538   0.00000   0.00000     681      0     681   9319   0.22496   0.00001   0.00001   2912      0    2912   6407   0.33005   0.00000   0.00000   4844      0    4845   1563   0.16651   0.00001   0.00001   1077      0    1077    486   0.16309   0.00007   0.00007    486      0     486    479
1979    53   0.12297   0.00000   0.00000     681      0     681   9319   0.22639   0.00000   0.00000   2912      0    2912   6407   0.31709   0.00000   0.00000   4845      0    4845   1563   0.16444   0.00000   0.00000   1077      0    1077    486   0.16911   0.00001   0.00001    486      0     486    479
1979    54   0.12938   0.00000   0.00000     681      0     681   9319   0.22709   0.00000   0.00000   2912      0    2912   6407   0.30257   0.00000   0.00000   4845      0    4845   1563   0.16287   0.00001   0.00001   1077      0    1077    486   0.17809   0.00005   0.00005    486      0     486    479
1979    55+  0.13204   0.00002   0.00002     681      0     681   9319   0.22698   0.00000   0.00000   2912      0    2912   6407   0.29385   0.00000   0.00000   4845      0    4845   1563   0.16232   0.00000   0.00000   1077      0    1077    486   0.18481   0.00001   0.00001    486      0     486    479
1989    12-  1.00000   0.00000   0.00000   10000      0   10000      0   0.00000         .         .      0      0       0      0   0.00000         .         .      0      0       0      0   0.00000         .         .      0      0       0      0   0.00000         .         .      0      0       0      0
1989    13   0.99999   0.00001   0.00001   10000      0   10000      0   0.00001   0.00076   0.00076      0      0       0      0   0.00000         .         .      0      0       0      0   0.00000         .         .      0      0       0      0   0.00000         .         .      0      0       0      0
1989    14   0.99980   0.00014   0.00014   10000      1    9999      0   0.00020   0.00062   0.00062      0      0       1      0   0.00000         .         .      0      0       0      0   0.00000         .         .      0      0       0      0   0.00000         .         .      0      0       0      0
1989    15   0.99758   0.00169   0.00169    9999     17    9990      1   0.00239   0.00078   0.00078      1      0      10      0   0.00003   0.00000   0.00000      0      0       0      0   0.00000         .         .      0      0       0      0   0.00000         .         .      0      0       0      0
1989    16   0.98742   0.01034   0.01029    9982    103    9930     18   0.01164   0.01663   0.01649     18      1      70      0   0.00093   0.00000   0.00000      0      0       0      0   0.00000         .         .      0      0       0      0   0.00000         .         .      0      0       0      0
1989    17   0.96122   0.03436   0.03378    9879    334    9712    121   0.03615   0.03264   0.03212    120      9     285      1   0.00261   0.00000   0.00000      1      0       3      0   0.00002   0.00000   0.00000      0      0       0      0   0.00000         .         .      0      0       0      0
1989    18   0.90547   0.08425   0.08084    9545    772    9159    455   0.08791   0.05478   0.05332    444     45     818     10   0.00614   0.02430   0.02401     10      1      22      0   0.00047   0.01528   0.01516      0      0       0      0   0.00000         .         .      0      0       0      0
1989    19   0.80884   0.15707   0.14564    8774   1278    8135   1226   0.17349   0.07423   0.07157   1171    131    1768     55   0.01633   0.03645   0.03580     55      3      96      1   0.00130   0.02061   0.02040      1      0       2      0   0.00003   0.00000   0.00000      0      0       0      0
1989    20   0.68582   0.21420   0.19348    7496   1450    6771   2504   0.27425   0.09628   0.09186   2318    283    2936    187   0.03685   0.04184   0.04098    183     12     285      4   0.00254   0.04879   0.04763      4      0       8      0   0.00054   0.00000   0.00000      0      0       0      0
1989    21   0.56255   0.24151   0.21549    6046   1303    5394   3954   0.36190   0.11384   0.10771   3485    450    3949    469   0.06891   0.05083   0.04957    453     32     630     16   0.00541   0.05831   0.05666     16      2      26      0   0.00123   0.04211   0.04124      0      0       1      0
1989    22   0.45332   0.24377   0.21728    4743   1031    4228   5257   0.42182   0.12681   0.11925   4338    583    4595    919   0.11244   0.05387   0.05245    871     60    1107     48   0.01057   0.06336   0.06142     46      4      67      2   0.00185   0.04775   0.04664      2      0       3      0
1989    23   0.36435   0.23509   0.21036    3712    781    3322   6288   0.45144   0.13571   0.12708   4786    661    4873   1501   0.16346   0.05360   0.05220   1394     89    1662    108   0.01763   0.07480   0.07210    101     10     134      6   0.00313   0.05533   0.05384      6      1      10      0
1989    24   0.29478   0.21535   0.19441    2931    570    2646   7069   0.45609   0.14054   0.13132   4906    684    4869   2163   0.21742   0.05053   0.04928   1966    113    2240    197   0.02657   0.07544   0.07270    180     17     222     16   0.00514   0.08491   0.08146     16      2      23      1
1989    25   0.24224   0.19478   0.17750    2361    419    2152   7639   0.44222   0.14507   0.13526   4792    679    4677   2847   0.27046   0.04743   0.04633   2537    133    2802    310   0.03720   0.07012   0.06774    277     23     326     33   0.00787   0.10255   0.09754     33      4      42      3
1989    26   0.20411   0.17616   0.16190    1942    314    1785   8058   0.41665   0.14683   0.13679   4532    643    4379   3526   0.31952   0.04344   0.04252   3083    145    3327    443   0.04838   0.06609   0.06397    387     29     440     56   0.01134   0.10498   0.09974     56      7      68      7
1989    27   0.17380   0.15600   0.14471    1628    236    1510   8372   0.38663   0.14420   0.13451   4204    582    4039   4169   0.36342   0.04144   0.04060   3581    157    3791    587   0.06061   0.06214   0.06027    502     35     560     85   0.01554   0.10956   0.10387     85     11     100     14
1989    28   0.15078   0.14102   0.13173    1392    183    1301   8608   0.35587   0.13862   0.12963   3857    513    3699   4751   0.39976   0.03891   0.03817   4007    163    4180    744   0.07308   0.05491   0.05345    625     38     684    120   0.02051   0.10929   0.10363    120     15     136     25
1989    29   0.13281   0.12860   0.12083    1209    146    1136   8791   0.32850   0.12969   0.12179   3528    439    3386   5264   0.42825   0.03657   0.03592   4357    164    4493    907   0.08465   0.05098   0.04971    750     41     809    157   0.02579   0.10100   0.09614    157     18     176     40
1989    30   0.11867   0.11456   0.10835    1063    115    1005   8937   0.30676   0.11633   0.10994   3234    362    3114   5703   0.44824   0.03395   0.03338   4631    161    4732   1071   0.09565   0.04508   0.04409    873     42     931    199   0.03069   0.10153   0.09662    199     22     218     58
1989    31   0.10817   0.10444   0.09926     948     94     901   9052   0.28973   0.10053   0.09572   2987    291    2891   6065   0.46108   0.03015   0.02971   4833    148    4904   1232   0.10554   0.03994   0.03915    991     42    1044    241   0.03548   0.09312   0.08898    241     24     260     80
1989    32   0.10024   0.09112   0.08715     854     74     816   9146   0.27799   0.08493   0.08147   2791    231    2714   6356   0.46812   0.02786   0.02747   4976    140    5021   1380   0.11350   0.03597   0.03534   1098     41    1147    282   0.04015   0.09371   0.08951    282     28     302    104
1989    33   0.09464   0.07611   0.07332     779     57     751   9221   0.27112   0.06859   0.06632   2635    177    2576   6586   0.47132   0.02427   0.02398   5066    124    5093   1520   0.11906   0.03164   0.03115   1196     39    1238    323   0.04385   0.08564   0.08212    323     29     342    132
1989    34   0.08860   0.06834   0.06608     722     48     698   9278   0.26661   0.05849   0.05683   2515    144    2467   6763   0.47324   0.02188   0.02164   5120    112    5136   1643   0.12354   0.02806   0.02767   1281     37    1318    363   0.04801   0.08128   0.07810    363     31     380    162
1989    35   0.08428   0.05914   0.05744     674     39     655   9326   0.26444   0.04586   0.04484   2418    109    2384   6907   0.47308   0.01869   0.01851   5151     96    5158   1756   0.12649   0.02545   0.02513   1356     35    1387    400   0.05171   0.07625   0.07345    400     32     417    193
1989    36   0.08100   0.04800   0.04687     636     30     621   9364   0.26459   0.03397   0.03341   2348     79    2324   7017   0.47304   0.01481   0.01470   5164     76    5166   1852   0.12713   0.02114   0.02092   1417     30    1440    435   0.05423   0.06670   0.06455    435     30     450    224
1989    37   0.07849   0.04156   0.04071     606     25     593   9394   0.26630   0.02622   0.02588   2299     60    2281   7095   0.47272   0.01191   0.01184   5167     62    5166   1929   0.12673   0.01913   0.01895   1463     28    1480    465   0.05575   0.06293   0.06101    465     30     479    254
1989    38   0.07789   0.03193   0.03143     581     18     572   9419   0.27127   0.01779   0.01764   2264     40    2253   7155   0.47004   0.00882   0.00878   5165     46    5162   1990   0.12429   0.01452   0.01441   1496     22    1508    494   0.05652   0.05461   0.05316    494     28     505    285
1989    39   0.07679   0.02337   0.02310     563     13     556   9437   0.27743   0.01171   0.01164   2242     26    2235   7195   0.46834   0.00626   0.00624   5160     32    5157   2036   0.12053   0.01133   0.01126   1520     17    1528    516   0.05690   0.04241   0.04153    516     22     524    312
1989    40   0.07700   0.01876   0.01858     550     10     545   9450   0.28662   0.00797   0.00794   2229     18    2225   7222   0.46552   0.00463   0.00462   5154     24    5151   2068   0.11547   0.00941   0.00937   1535     14    1540    533   0.05539   0.03796   0.03725    533     21     540    334
1989    41   0.07919   0.01058   0.01052     540      6     537   9460   0.29570   0.00447   0.00446   2221     10    2219   7239   0.45925   0.00262   0.00261   5148     13    5146   2092   0.11154   0.00554   0.00552   1544      9    1547    547   0.05432   0.02368   0.02340    547     13     552    355
1989    42   0.08003   0.00720   0.00718     534      4     532   9466   0.29963   0.00290   0.00289   2217      6    2216   7249   0.45383   0.00203   0.00203   5144     10    5142   2105   0.11131   0.00429   0.00428   1549      7    1551    556   0.05520   0.02070   0.02049    556     12     559    368
1989    43   0.08157   0.00380   0.00379     530      2     529   9470   0.30443   0.00151   0.00151   2214      3    2214   7256   0.44762   0.00114   0.00114   5140      6    5139   2116   0.10940   0.00239   0.00238   1553      4    1554    563   0.05698   0.01386   0.01376    563      8     564    380
1989    44   0.08411   0.00236   0.00236     528      1     528   9472   0.30528   0.00083   0.00082   2213      2    2213   7259   0.43903   0.00055   0.00055   5137      3    5137   2121   0.10970   0.00139   0.00139   1555      2    1555    566   0.06189   0.00708   0.00705    566      4     567    387
1989    45   0.08355   0.00096   0.00096     527      1     527   9473   0.29261   0.00033   0.00033   2212      1    2212   7261   0.43563   0.00026   0.00026   5136      1    5136   2124   0.11732   0.00085   0.00085   1556      1    1556    569   0.07089   0.00373   0.00373    569      2     569    391
1989    46   0.08079   0.00049   0.00049     526      0     526   9474   0.27719   0.00007   0.00007   2212      0    2212   7262   0.43651   0.00010   0.00010   5136      0    5136   2126   0.12597   0.00019   0.00019   1556      0    1556    570   0.07954   0.00180   0.00179    570      1     570    393
1989    47   0.07913   0.00022   0.00022     526      0     526   9474   0.27326   0.00003   0.00003   2212      0    2212   7262   0.43888   0.00005   0.00005   5136      0    5135   2126   0.12857   0.00010   0.00010   1556      0    1556    570   0.08015   0.00056   0.00056    570      0     570    395
1989    48   0.07798   0.00009   0.00009     526      0     526   9474   0.27301   0.00003   0.00003   2212      0    2212   7262   0.43788   0.00002   0.00002   5135      0    5135   2126   0.12983   0.00007   0.00007   1556      0    1556    570   0.08130   0.00038   0.00038    570      0     570    395
1989    49   0.07807   0.00015   0.00015     526      0     526   9474   0.27202   0.00004   0.00004   2212      0    2212   7262   0.43186   0.00001   0.00001   5135      0    5135   2126   0.13247   0.00003   0.00003   1556      0    1556    570   0.08559   0.00013   0.00013    570      0     570    395
1989    50   0.07970   0.00008   0.00008     526      0     526   9474   0.27207   0.00001   0.00001   2212      0    2212   7262   0.42775   0.00000   0.00000   5135      0    5135   2127   0.13297   0.00001   0.00001   1556      0    1556    570   0.08751   0.00005   0.00005    570      0     570    395
1989    51   0.08188   0.00000   0.00000     526      0     526   9474   0.27190   0.00001   0.00001   2212      0    2212   7262   0.42270   0.00000   0.00000   5135      0    5135   2127   0.13330   0.00001   0.00001   1556      0    1556    570   0.09023   0.00004   0.00004    570      0     570    395
1989    52   0.08260   0.00006   0.00006     526      0     526   9474   0.26260   0.00001   0.00001   2212      0    2212   7262   0.41538   0.00000   0.00000   5135      0    5135   2127   0.13896   0.00000   0.00000   1556      0    1556    570   0.10046   0.00003   0.00003    570      0     570    395
1989    53   0.08400   0.00002   0.00002     526      0     526   9474   0.24924   0.00001   0.00001   2212      0    2212   7262   0.40742   0.00000   0.00000   5135      0    5135   2127   0.14654   0.00000   0.00000   1556      0    1556    570   0.11280   0.00002   0.00002    570      0     570    395
1989    54   0.08920   0.00000   0.00000     526      0     526   9474   0.24351   0.00001   0.00001   2212      0    2212   7262   0.39556   0.00000   0.00000   5135      0    5135   2127   0.14881   0.00001   0.00001   1556      0    1556    570   0.12292   0.00002   0.00002    570      0     570    395
1989    55+  0.09235   0.00006   0.00006     526      0     526   9474   0.24134   0.00000   0.00000   2212      0    2212   7262   0.38764   0.00002   0.00002   5135      0    5135   2127   0.14882   0.00004   0.00004   1556      0    1556    570   0.12985   0.00003   0.00003    570      0     570    395
2002    12-  1.00000   0.00000   0.00000   10000      0   10000      0   0.00000         .         .      0      0       0      0   0.00000         .         .      0      0       0      0   0.00000         .         .      0      0       0      0   0.00000         .         .      0      0       0      0
2002    13   0.99998   0.00001   0.00001   10000      0   10000      0   0.00002   0.02706   0.02670      0      0       0      0   0.00000         .         .      0      0       0      0   0.00000         .         .      0      0       0      0   0.00000         .         .      0      0       0      0
2002    14   0.99732   0.00025   0.00025   10000      3    9999      0   0.00264   0.00236   0.00235      0      0       1      0   0.00004   0.00000   0.00000      0      0       0      0   0.00000         .         .      0      0       0      0   0.00000         .         .      0      0       0      0
2002    15   0.99278   0.00217   0.00217    9997     22    9987      3   0.00658   0.00632   0.00630      3      0      13      0   0.00062   0.00000   0.00000      0      0       0      0   0.00002   0.00000   0.00000      0      0       0      0   0.00000         .         .      0      0       0      0
2002    16   0.98673   0.00776   0.00773    9976     77    9937     24   0.01170   0.01402   0.01392     24      1      63      0   0.00154   0.00000   0.00000      0      0       0      0   0.00004   0.00000   0.00000      0      0       0      0   0.00000         .         .      0      0       0      0
2002    17   0.97204   0.01988   0.01968    9899    195    9801    101   0.02552   0.02266   0.02240    100      4     197      1   0.00226   0.00652   0.00650      1      0       2      0   0.00018   0.00000   0.00000      0      0       0      0   0.00000         .         .      0      0       0      0
2002    18   0.93923   0.04111   0.04029    9704    391    9508    296   0.05658   0.03461   0.03403    291     17     481      5   0.00380   0.01678   0.01664      5      0      10      0   0.00039   0.00000   0.00000      0      0       0      0   0.00000         .         .      0      0       0      0
2002    19   0.88058   0.06936   0.06704    9313    624    9001    687   0.10989   0.04093   0.04011    665     39     964     22   0.00811   0.02898   0.02857     22      1      35      0   0.00070   0.01809   0.01792      0      0       0      0   0.00072   0.00000   0.00000      0      0       0      0
2002    20   0.79934   0.09682   0.09235    8689    802    8287   1311   0.18167   0.04758   0.04648   1250     77    1622     62   0.01610   0.03290   0.03237     60      3      88      1   0.00127   0.02736   0.02699      1      0       2      0   0.00162   0.00093   0.00093      0      0       0      0
2002    21   0.70687   0.11656   0.11014    7886    869    7452   2114   0.26012   0.05062   0.04938   1975    120    2361    139   0.02882   0.04345   0.04253    135      8     181      4   0.00219   0.05275   0.05140      4      0       7      0   0.00200   0.00381   0.00381      0      0       0      0
2002    22   0.61009   0.12962   0.12173    7018    854    6590   2982   0.33659   0.05293   0.05157   2724    163    3081    258   0.04688   0.04395   0.04300    246     14     311     12   0.00406   0.06399   0.06201     12      1      16      0   0.00239   0.01102   0.01096      0      0       1      0
2002    23   0.51762   0.14391   0.13425    6163    827    5750   3837   0.40392   0.05608   0.05455   3415    210    3736    421   0.06877   0.04407   0.04312    396     21     480     26   0.00680   0.06464   0.06262     24      2      32      1   0.00290   0.02243   0.02218      1      0       2      0
2002    24   0.43637   0.14884   0.13853    5336    739    4966   4664   0.45549   0.05817   0.05653   4033    249    4289    631   0.09355   0.04202   0.04116    584     29     686     47   0.01028   0.06316   0.06122     43      3      54      4   0.00432   0.02546   0.02514      4      0       5      0
2002    25   0.36347   0.14841   0.13815    4597    635    4279   5403   0.49300   0.05994   0.05820   4523    282    4709    880   0.12283   0.03671   0.03605    805     34     922     76   0.01450   0.06256   0.06066     69      5      81      7   0.00621   0.05071   0.04946      7      0       9      0
2002    26   0.30077   0.14326   0.13369    3962    530    3697   6038   0.51574   0.06203   0.06017   4876    310    4994   1163   0.15619   0.03377   0.03321   1053     40    1182    109   0.01951   0.06103   0.05922     97      7     112     12   0.00779   0.05400   0.05258     12      1      15      1
2002    27   0.25159   0.13219   0.12400    3432    426    3219   6568   0.52319   0.06466   0.06264   5096    333    5149   1472   0.19049   0.03244   0.03192   1323     47    1461    149   0.02524   0.05697   0.05539    131      8     148     19   0.00950   0.05840   0.05674     19      1      22      1
2002    28   0.21249   0.12057   0.11371    3006    342    2836   6994   0.52095   0.06479   0.06276   5188    337    5196   1805   0.22395   0.03019   0.02974   1609     53    1747    197   0.03112   0.05043   0.04919    169     10     189     27   0.01150   0.06621   0.06408     27      2      31      3
2002    29   0.18157   0.10714   0.10170    2665    271    2529   7335   0.51234   0.06049   0.05872   5193    313    5176   2142   0.25496   0.02634   0.02599   1892     53    2020    250   0.03708   0.04581   0.04479    213     11     233     37   0.01404   0.06172   0.05988     37      3      42      5
2002    30   0.15572   0.09836   0.09375    2394    224    2281   7606   0.49763   0.05777   0.05615   5151    296    5119   2455   0.28570   0.02577   0.02544   2152     58    2270    303   0.04407   0.04335   0.04243    255     12     277     47   0.01688   0.05971   0.05798     47      3      53      7
2002    31   0.13528   0.08664   0.08304    2169    180    2079   7831   0.47775   0.05370   0.05229   5080    270    5037   2751   0.31490   0.02384   0.02356   2390     59    2494    361   0.05219   0.03744   0.03675    302     12     324     60   0.01988   0.06205   0.06018     60      4      65     11
2002    32   0.11885   0.07514   0.07242    1989    144    1917   8011   0.45427   0.04674   0.04567   4990    231    4948   3021   0.34242   0.02081   0.02060   2601     56    2688    421   0.06100   0.03443   0.03385    349     13     370     72   0.02346   0.05548   0.05398     72      4      78     15
2002    33   0.10449   0.06389   0.06191    1845    114    1788   8155   0.42960   0.04115   0.04032   4902    200    4861   3253   0.36832   0.01952   0.01933   2776     56    2848    477   0.07016   0.03080   0.03033    392     13     413     84   0.02743   0.05283   0.05147     84      5      90     19
2002    34   0.09457   0.05430   0.05286    1731     91    1685   8269   0.40703   0.03411   0.03354   4817    163    4782   3453   0.38915   0.01648   0.01634   2920     49    2977    532   0.07815   0.02741   0.02704    435     12     453     97   0.03110   0.04670   0.04564     97      5     103     24
2002    35   0.08644   0.04759   0.04648    1639     76    1601   8361   0.38522   0.02702   0.02666   4745    128    4720   3616   0.40855   0.01414   0.01404   3034     44    3076    581   0.08535   0.02065   0.02044    472     10     488    110   0.03444   0.04430   0.04334    110      5     114     28
2002    36   0.07954   0.03998   0.03919    1563     61    1532   8437   0.36364   0.02158   0.02135   4694    101    4674   3743   0.42662   0.01122   0.01116   3118     35    3151    625   0.09241   0.01860   0.01843    505     10     518    120   0.03778   0.03832   0.03760    120      5     124     34
2002    37   0.07438   0.03130   0.03082    1502     46    1479   8498   0.34454   0.01559   0.01547   4654     72    4641   3844   0.44101   0.00859   0.00856   3184     28    3206    660   0.09899   0.01563   0.01551    531      8     540    129   0.04109   0.03440   0.03382    129      5     133     38
2002    38   0.06956   0.02520   0.02489    1456     36    1437   8544   0.32703   0.01042   0.01036   4628     48    4622   3916   0.45485   0.00670   0.00667   3229     22    3242    688   0.10467   0.01194   0.01187    550      7     558    138   0.04388   0.02740   0.02703    138      4     141     43
2002    39   0.06545   0.01998   0.01978    1419     28    1405   8581   0.31179   0.00748   0.00746   4616     35    4613   3965   0.46710   0.00482   0.00481   3255     16    3265    709   0.10930   0.00868   0.00864    565      5     570    144   0.04636   0.02183   0.02160    144      3     147     47
2002    40   0.06223   0.01382   0.01372    1391     19    1382   8609   0.29725   0.00498   0.00497   4610     23    4608   3999   0.47730   0.00321   0.00321   3274     11    3280    725   0.11444   0.00613   0.00611    576      4     579    149   0.04878   0.01627   0.01614    149      2     151     50
2002    41   0.06053   0.00862   0.00858    1372     12    1366   8628   0.28428   0.00307   0.00306   4606     14    4605   4022   0.48423   0.00190   0.00190   3286      6    3290    736   0.11995   0.00423   0.00422    583      2     585    153   0.05101   0.01240   0.01232    153      2     154     52
2002    42   0.05946   0.00540   0.00539    1360      7    1357   8640   0.27417   0.00180   0.00180   4603      8    4603   4036   0.48834   0.00118   0.00117   3294      4    3296    742   0.12482   0.00257   0.00256    587      2     588    155   0.05321   0.00766   0.00763    155      1     156     54
2002    43   0.05801   0.00331   0.00330    1353      4    1351   8647   0.26712   0.00103   0.00103   4602      5    4602   4044   0.49164   0.00064   0.00064   3299      2    3300    746   0.12833   0.00153   0.00153    589      1     590    157   0.05490   0.00567   0.00565    157      1     157     56
2002    44   0.05741   0.00183   0.00182    1349      2    1347   8651   0.26430   0.00047   0.00047   4602      2    4602   4049   0.49128   0.00033   0.00033   3301      1    3302    748   0.13056   0.00074   0.00074    590      0     591    158   0.05645   0.00291   0.00290    158      0     158     56
2002    45   0.05710   0.00074   0.00074    1346      1    1346   8654   0.26383   0.00015   0.00015   4603      1    4603   4051   0.48841   0.00021   0.00021   3302      1    3302    749   0.13252   0.00044   0.00044    591      0     591    158   0.05815   0.00135   0.00135    158      0     158     57
2002    46   0.05732   0.00022   0.00022    1345      0    1345   8655   0.26547   0.00007   0.00007   4603      0    4603   4052   0.48445   0.00009   0.00009   3302      0    3302    750   0.13362   0.00018   0.00018    591      0     591    158   0.05914   0.00078   0.00078    158      0     158     57
2002    47   0.05771   0.00018   0.00018    1345      0    1345   8655   0.26697   0.00005   0.00005   4603      0    4603   4052   0.48116   0.00004   0.00004   3302      0    3302    750   0.13403   0.00005   0.00005    592      0     592    159   0.06013   0.00031   0.00031    159      0     159     57
2002    48   0.05823   0.00003   0.00003    1345      0    1345   8655   0.26865   0.00000   0.00000   4603      0    4603   4053   0.47877   0.00002   0.00002   3302      0    3302    750   0.13354   0.00000   0.00000    592      0     592    159   0.06081   0.00038   0.00038    159      0     159     57
2002    49   0.05867   0.00006   0.00006    1345      0    1345   8655   0.27238   0.00001   0.00001   4603      0    4603   4053   0.47649   0.00002   0.00002   3302      0    3302    750   0.13152   0.00003   0.00003    592      0     592    159   0.06094   0.00003   0.00003    159      0     159     57
2002    50   0.05880   0.00002   0.00002    1344      0    1344   8656   0.27704   0.00001   0.00001   4603      0    4603   4053   0.47476   0.00000   0.00000   3302      0    3302    750   0.12869   0.00000   0.00000    592      0     592    159   0.06071   0.00002   0.00002    159      0     159     57
2002    51   0.05976   0.00009   0.00009    1344      0    1344   8656   0.28316   0.00001   0.00001   4603      0    4603   4053   0.47272   0.00000   0.00000   3302      0    3302    750   0.12393   0.00000   0.00000    592      0     592    159   0.06042   0.00000   0.00000    159      0     159     57
2002    52   0.06089   0.00002   0.00002    1344      0    1344   8656   0.29010   0.00001   0.00001   4603      0    4603   4053   0.47062   0.00000   0.00000   3302      0    3302    750   0.11871   0.00000   0.00000    592      0     592    159   0.05968   0.00002   0.00002    159      0     159     57
2002    53   0.06256   0.00004   0.00004    1344      0    1344   8656   0.29864   0.00000   0.00000   4603      0    4603   4053   0.46698   0.00000   0.00000   3302      0    3302    750   0.11406   0.00000   0.00000    592      0     592    159   0.05776   0.00004   0.00004    159      0     159     57
2002    54   0.06476   0.00000   0.00000    1344      0    1344   8656   0.30737   0.00000   0.00000   4603      0    4603   4053   0.46138   0.00000   0.00000   3302      0    3302    750   0.11032   0.00001   0.00001    592      0     592    159   0.05618   0.00000   0.00000    159      0     159     57
2002    55+  0.06561   0.00000   0.00000    1344      0    1344   8656   0.31095   0.00000   0.00000   4603      0    4603   4053   0.45864   0.00000   0.00000   3302      0    3302    750   0.10922   0.00000   0.00000    592      0     592    159   0.05559   0.00010   0.00010    159      0     159     57
2010    12-  1.00000   0.00001   0.00001   10000      0   10000      0   0.00000         .         .      0      0       0      0   0.00000         .         .      0      0       0      0   0.00000         .         .      0      0       0      0   0.00000         .         .      0      0       0      0
2010    13   0.99995   0.00005   0.00005   10000      1   10000      0   0.00005   0.05789   0.05626      0      0       0      0   0.00000         .         .      0      0       0      0   0.00000         .         .      0      0       0      0   0.00000         .         .      0      0       0      0
2010    14   0.99958   0.00039   0.00039    9999      4    9997      1   0.00041   0.02708   0.02672      1      0       3      0   0.00001   0.04083   0.04001      0      0       0      0   0.00000         .         .      0      0       0      0   0.00000         .         .      0      0       0      0
2010    15   0.99801   0.00233   0.00233    9995     23    9984      5   0.00187   0.03075   0.03029      4      0      16      0   0.00012   0.01584   0.01572      0      0       0      0   0.00000         .         .      0      0       0      0   0.00000         .         .      0      0       0      0
2010    16   0.99240   0.00768   0.00765    9972     76    9934     28   0.00716   0.03640   0.03575     27      2      65      1   0.00043   0.03110   0.03063      1      0       1      0   0.00001   0.00000   0.00000      0      0       0      0   0.00000         .         .      0      0       0      0
2010    17   0.97777   0.01906   0.01888    9896    187    9803    104   0.02096   0.05055   0.04930    101     10     192      3   0.00120   0.02853   0.02813      3      0       5      0   0.00006   0.03267   0.03215      0      0       0      0   0.00000         .         .      0      0       0      0
2010    18   0.94883   0.03553   0.03491    9709    339    9540    291   0.04768   0.05856   0.05689    278     26     440     13   0.00326   0.05110   0.04983     12      1      20      0   0.00023   0.03854   0.03781      0      0       0      0   0.00001   0.27433   0.24124      0      0       0      0
2010    19   0.90263   0.05366   0.05226    9370    490    9125    630   0.08860   0.06616   0.06404    591     54     817     38   0.00785   0.04909   0.04791     37      3      55      1   0.00060   0.06027   0.05851      1      0       2      0   0.00034   0.00445   0.00444      0      0       0      0
2010    20   0.84122   0.06805   0.06581    8881    584    8588   1119   0.14108   0.06898   0.06668   1027     89    1285     92   0.01562   0.05527   0.05378     89      7     120      4   0.00130   0.06175   0.05990      4      0       6      0   0.00078   0.01227   0.01219      0      0       0      0
2010    21   0.76921   0.08239   0.07913    8296    656    7968   1704   0.20002   0.07208   0.06957   1523    130    1798    181   0.02725   0.05907   0.05738    171     13     219     11   0.00254   0.06667   0.06452     10      1      15      1   0.00099   0.01714   0.01700      1      0       1      0
2010    22   0.69187   0.09640   0.09197    7640    703    7288   2360   0.25968   0.07416   0.07151   2050    173    2328    311   0.04274   0.06122   0.05940    287     22     352     23   0.00446   0.07829   0.07534     22      2      30      1   0.00125   0.04216   0.04129      1      0       2      0
2010    23   0.61442   0.11101   0.10517    6937    730    6572   3063   0.31545   0.07622   0.07342   2580    217    2850    483   0.06114   0.05705   0.05547    438     30     521     45   0.00719   0.06920   0.06689     41      4      52      4   0.00180   0.06618   0.06406      4      0       5      0
2010    24   0.53947   0.12653   0.11900    6207    739    5838   3793   0.36477   0.07723   0.07436   3092    258    3346    701   0.08240   0.05438   0.05294    626     39     724     75   0.01062   0.07742   0.07454     67      6      81      7   0.00275   0.06948   0.06715      7      1      10      0
2010    25   0.46575   0.13900   0.12996    5469    711    5113   4531   0.40920   0.07899   0.07599   3572    300    3792    959   0.10693   0.05102   0.04975    845     49     960    114   0.01420   0.07547   0.07272    100      9     118     14   0.00391   0.06383   0.06186     14      1      17      1
2010    26   0.39652   0.14871   0.13842    4758    659    4429   5242   0.44579   0.08546   0.08196   3983    355    4150   1259   0.13421   0.05028   0.04904   1095     62    1232    163   0.01829   0.07665   0.07382    140     12     162     23   0.00519   0.08375   0.08039     23      2      28      2
2010    27   0.33913   0.14539   0.13554    4099    556    3822   5901   0.46615   0.09042   0.08651   4287    396    4380   1613   0.16449   0.04669   0.04562   1388     72    1542    225   0.02344   0.07269   0.07014    190     16     215     35   0.00679   0.08095   0.07780     35      3      42      5
2010    28   0.29339   0.13620   0.12751    3544    452    3318   6456   0.47259   0.09447   0.09021   4447    422    4472   2009   0.19615   0.04651   0.04545   1712     87    1874    297   0.02922   0.07106   0.06863    246     20     277     51   0.00865   0.09516   0.09084     51      6      59      8
2010    29   0.25840   0.11728   0.11079    3092    343    2921   6908   0.46984   0.09408   0.08985   4476    418    4447   2432   0.22563   0.04301   0.04211   2048     95    2206    384   0.03547   0.06133   0.05950    314     21     348     70   0.01067   0.09121   0.08723     70      7      80     14
2010    30   0.22763   0.10691   0.10149    2749    279    2610   7251   0.46297   0.09209   0.08804   4401    400    4346   2850   0.25477   0.04204   0.04118   2371    106    2516    479   0.04187   0.05873   0.05705    387     25     425     92   0.01275   0.08287   0.07957     92      9     103     21
2010    31   0.19905   0.10027   0.09548    2470    236    2352   7530   0.45533   0.08981   0.08595   4279    378    4213   3250   0.28282   0.03984   0.03906   2665    111    2797    585   0.04804   0.05742   0.05581    468     29     507    117   0.01475   0.08704   0.08341    117     11     130     29
2010    32   0.17747   0.08683   0.08321    2234    186    2141   7766   0.44495   0.08207   0.07884   4137    334    4067   3629   0.30649   0.03784   0.03714   2932    115    3041    696   0.05420   0.05180   0.05049    551     31     591    146   0.01690   0.08819   0.08446    146     14     160     41
2010    33   0.16002   0.07428   0.07162    2049    147    1975   7951   0.43381   0.07293   0.07037   3989    286    3922   3962   0.32711   0.03573   0.03510   3151    116    3236    811   0.06000   0.04788   0.04676    635     32     675    176   0.01906   0.07807   0.07514    176     15     191     55
2010    34   0.14660   0.06209   0.06022    1902    115    1845   8098   0.42415   0.06235   0.06046   3850    236    3791   4249   0.34262   0.03220   0.03169   3322    109    3385    927   0.06543   0.04267   0.04178    718     32     756    209   0.02121   0.07617   0.07338    209     17     224     70
2010    35   0.13438   0.05393   0.05252    1787     94    1740   8213   0.41709   0.05287   0.05151   3728    194    3679   4485   0.35486   0.02880   0.02839   3449    101    3496   1036   0.07035   0.03997   0.03918    795     33     828    241   0.02332   0.07228   0.06976    241     19     257     87
2010    36   0.12200   0.04720   0.04611    1693     78    1654   8307   0.41324   0.04284   0.04194   3627    154    3590   4679   0.36479   0.02552   0.02520   3543     91    3574   1137   0.07454   0.03746   0.03677    863     33     891    274   0.02543   0.06408   0.06209    274     19     290    105
2010    37   0.11176   0.03674   0.03608    1615     58    1586   8385   0.41204   0.03103   0.03056   3552    109    3526   4833   0.37101   0.02074   0.02053   3605     75    3623   1228   0.07788   0.03078   0.03031    920     29     943    307   0.02731   0.05638   0.05484    307     18     321    124
2010    38   0.10265   0.03030   0.02985    1557     46    1534   8443   0.41104   0.02332   0.02305   3500     81    3483   4943   0.37659   0.01710   0.01696   3640     62    3649   1303   0.08074   0.02558   0.02526    966     25     985    336   0.02898   0.04894   0.04777    336     17     349    142
2010    39   0.09634   0.02188   0.02165    1511     33    1494   8489   0.40821   0.01602   0.01589   3466     55    3454   5024   0.38082   0.01259   0.01251   3658     46    3663   1365   0.08368   0.02132   0.02109   1004     22    1016    362   0.03094   0.04144   0.04060    362     15     372    159
2010    40   0.08988   0.01678   0.01664    1478     25    1466   8522   0.40253   0.01069   0.01063   3443     37    3437   5079   0.38791   0.00907   0.00903   3668     33    3669   1412   0.08681   0.01587   0.01574   1028     16    1037    383   0.03286   0.03392   0.03336    383     13     391    174
2010    41   0.08250   0.01281   0.01273    1453     18    1444   8547   0.39477   0.00734   0.00732   3431     25    3428   5116   0.39835   0.00571   0.00570   3671     21    3673   1445   0.08986   0.01049   0.01044   1045     11    1050    400   0.03452   0.02678   0.02643    400     11     405    188
2010    42   0.07758   0.00853   0.00849    1435     12    1429   8565   0.38621   0.00422   0.00421   3424     14    3423   5141   0.40873   0.00371   0.00371   3675     14    3676   1466   0.09197   0.00702   0.00699   1055      7    1058    411   0.03552   0.01817   0.01800    411      8     415    199
2010    43   0.07381   0.00579   0.00578    1423      8    1419   8577   0.37517   0.00211   0.00211   3422      7    3422   5155   0.42070   0.00208   0.00207   3676      8    3676   1479   0.09413   0.00466   0.00465   1061      5    1063    418   0.03619   0.01117   0.01111    418      5     421    206
2010    44   0.07126   0.00320   0.00319    1414      5    1412   8586   0.36216   0.00107   0.00107   3423      4    3423   5163   0.43260   0.00099   0.00098   3676      4    3676   1487   0.09674   0.00229   0.00228   1064      2    1064    423   0.03725   0.00730   0.00728    423      3     424    211
2010    45   0.06928   0.00176   0.00176    1410      2    1409   8590   0.34815   0.00053   0.00053   3424      2    3424   5166   0.44487   0.00044   0.00044   3676      2    3676   1491   0.09943   0.00096   0.00096   1065      1    1065    426   0.03826   0.00287   0.00286    426      1     426    214
2010    46   0.06673   0.00080   0.00080    1407      1    1407   8593   0.33322   0.00024   0.00024   3424      1    3425   5168   0.45837   0.00024   0.00024   3676      1    3676   1492   0.10284   0.00041   0.00041   1066      0    1066    427   0.03884   0.00153   0.00153    427      1     427    215
2010    47   0.06454   0.00079   0.00079    1406      1    1406   8594   0.31856   0.00014   0.00014   3425      0    3425   5169   0.47037   0.00008   0.00008   3676      0    3676   1493   0.10688   0.00023   0.00023   1066      0    1066    427   0.03964   0.00072   0.00072    427      0     427    216
2010    48   0.06323   0.00031   0.00031    1405      0    1405   8595   0.30399   0.00007   0.00007   3425      0    3425   5169   0.48052   0.00003   0.00003   3676      0    3676   1493   0.11120   0.00013   0.00013   1066      0    1066    427   0.04105   0.00028   0.00028    427      0     427    216
2010    49   0.06245   0.00027   0.00027    1405      0    1405   8595   0.29191   0.00003   0.00003   3426      0    3426   5170   0.48775   0.00004   0.00004   3676      0    3676   1494   0.11540   0.00006   0.00006   1066      0    1066    427   0.04250   0.00015   0.00015    427      0     428    216
2010    50   0.06115   0.00007   0.00007    1404      0    1404   8596   0.28167   0.00004   0.00004   3426      0    3426   5170   0.49336   0.00001   0.00001   3676      0    3676   1494   0.11993   0.00002   0.00002   1066      0    1066    428   0.04390   0.00000   0.00000    428      0     428    216
2010    51   0.05978   0.00011   0.00011    1404      0    1404   8596   0.27397   0.00001   0.00001   3426      0    3426   5170   0.49721   0.00000   0.00000   3676      0    3676   1494   0.12384   0.00001   0.00001   1066      0    1066    428   0.04521   0.00000   0.00000    428      0     428    216
2010    52   0.05917   0.00000   0.00000    1404      0    1404   8596   0.26958   0.00004   0.00004   3426      0    3426   5170   0.49782   0.00001   0.00001   3676      0    3676   1494   0.12687   0.00000   0.00000   1066      0    1066    428   0.04656   0.00003   0.00003    428      0     428    216
2010    53   0.05900   0.00003   0.00003    1404      0    1404   8596   0.26705   0.00001   0.00001   3426      0    3426   5170   0.49654   0.00000   0.00000   3676      0    3676   1494   0.12936   0.00000   0.00000   1066      0    1066    428   0.04804   0.00004   0.00004    428      0     428    216
2010    54   0.05938   0.00000   0.00000    1404      0    1404   8596   0.26766   0.00001   0.00001   3426      0    3426   5170   0.49355   0.00000   0.00000   3676      0    3676   1494   0.13037   0.00001   0.00001   1066      0    1066    428   0.04904   0.00000   0.00000    428      0     428    216
2010    55+  0.05967   0.00000   0.00000    1404      0    1404   8596   0.26866   0.00003   0.00003   3426      0    3426   5170   0.49188   0.00000   0.00000   3676      0    3676   1494   0.13049   0.00000   0.00000   1066      0    1066    428   0.04929   0.00005   0.00005    428      0     428    216
