Czechia, Period fertility rates by calendar year and age (Lexis squares, age in completed years (ACY))
Last modified: 02/02/2023
Year    Age        ASFR
1950     12-    0.00000
1950     13     0.00004
1950     14     0.00058
1950     15     0.00235
1950     16     0.01155
1950     17     0.03386
1950     18     0.07020
1950     19     0.11741
1950     20     0.15668
1950     21     0.18520
1950     22     0.20065
1950     23     0.19975
1950     24     0.20045
1950     25     0.19088
1950     26     0.17531
1950     27     0.15861
1950     28     0.14241
1950     29     0.12771
1950     30     0.11550
1950     31     0.10371
1950     32     0.09048
1950     33     0.08316
1950     34     0.07343
1950     35     0.07246
1950     36     0.05982
1950     37     0.05190
1950     38     0.04561
1950     39     0.03742
1950     40     0.02930
1950     41     0.02256
1950     42     0.01604
1950     43     0.01097
1950     44     0.00629
1950     45     0.00365
1950     46     0.00184
1950     47     0.00080
1950     48     0.00033
1950     49     0.00013
1950     50     0.00007
1950     51     0.00004
1950     52     0.00002
1950     53     0.00001
1950     54     0.00000
1950     55+    0.00000
1951     12-    0.00000
1951     13     0.00003
1951     14     0.00044
1951     15     0.00236
1951     16     0.01066
1951     17     0.03611
1951     18     0.07383
1951     19     0.12109
1951     20     0.16463
1951     21     0.19106
1951     22     0.19998
1951     23     0.20659
1951     24     0.19593
1951     25     0.18684
1951     26     0.17188
1951     27     0.15711
1951     28     0.14213
1951     29     0.12529
1951     30     0.11310
1951     31     0.09956
1951     32     0.08986
1951     33     0.07533
1951     34     0.06936
1951     35     0.06035
1951     36     0.05906
1951     37     0.05103
1951     38     0.04426
1951     39     0.03486
1951     40     0.02756
1951     41     0.02121
1951     42     0.01545
1951     43     0.00976
1951     44     0.00576
1951     45     0.00343
1951     46     0.00170
1951     47     0.00070
1951     48     0.00027
1951     49     0.00010
1951     50     0.00005
1951     51     0.00003
1951     52     0.00002
1951     53     0.00001
1951     54     0.00000
1951     55+    0.00000
1952     12-    0.00000
1952     13     0.00003
1952     14     0.00044
1952     15     0.00188
1952     16     0.01022
1952     17     0.03515
1952     18     0.07351
1952     19     0.11963
1952     20     0.16275
1952     21     0.18651
1952     22     0.20036
1952     23     0.20269
1952     24     0.19565
1952     25     0.18343
1952     26     0.17125
1952     27     0.15136
1952     28     0.13754
1952     29     0.12569
1952     30     0.11134
1952     31     0.09589
1952     32     0.08569
1952     33     0.07548
1952     34     0.06484
1952     35     0.06226
1952     36     0.05243
1952     37     0.05192
1952     38     0.03931
1952     39     0.03403
1952     40     0.02648
1952     41     0.02022
1952     42     0.01361
1952     43     0.00860
1952     44     0.00552
1952     45     0.00326
1952     46     0.00149
1952     47     0.00052
1952     48     0.00017
1952     49     0.00005
1952     50     0.00003
1952     51     0.00002
1952     52     0.00001
1952     53     0.00001
1952     54     0.00000
1952     55+    0.00000
1953     12-    0.00000
1953     13     0.00002
1953     14     0.00035
1953     15     0.00204
1953     16     0.00821
1953     17     0.02935
1953     18     0.07023
1953     19     0.11693
1953     20     0.15765
1953     21     0.18510
1953     22     0.20032
1953     23     0.19722
1953     24     0.19287
1953     25     0.17894
1953     26     0.16078
1953     27     0.14478
1953     28     0.13294
1953     29     0.12021
1953     30     0.10633
1953     31     0.09485
1953     32     0.08391
1953     33     0.07675
1953     34     0.06567
1953     35     0.05548
1953     36     0.05170
1953     37     0.04282
1953     38     0.03901
1953     39     0.03153
1953     40     0.02565
1953     41     0.01890
1953     42     0.01329
1953     43     0.00913
1953     44     0.00566
1953     45     0.00267
1953     46     0.00127
1953     47     0.00057
1953     48     0.00025
1953     49     0.00011
1953     50     0.00007
1953     51     0.00004
1953     52     0.00002
1953     53     0.00001
1953     54     0.00000
1953     55+    0.00000
1954     12-    0.00000
1954     13     0.00003
1954     14     0.00046
1954     15     0.00182
1954     16     0.00775
1954     17     0.02716
1954     18     0.06586
1954     19     0.11767
1954     20     0.16152
1954     21     0.18876
1954     22     0.20189
1954     23     0.19761
1954     24     0.19334
1954     25     0.17636
1954     26     0.16303
1954     27     0.14379
1954     28     0.13119
1954     29     0.11734
1954     30     0.10401
1954     31     0.09181
1954     32     0.08323
1954     33     0.07106
1954     34     0.06446
1954     35     0.05704
1954     36     0.04634
1954     37     0.04280
1954     38     0.03417
1954     39     0.03112
1954     40     0.02337
1954     41     0.01872
1954     42     0.01213
1954     43     0.00840
1954     44     0.00445
1954     45     0.00229
1954     46     0.00111
1954     47     0.00048
1954     48     0.00020
1954     49     0.00008
1954     50     0.00005
1954     51     0.00003
1954     52     0.00002
1954     53     0.00001
1954     54     0.00000
1954     55+    0.00000
1955     12-    0.00000
1955     13     0.00002
1955     14     0.00037
1955     15     0.00215
1955     16     0.00941
1955     17     0.02892
1955     18     0.06583
1955     19     0.11700
1955     20     0.16382
1955     21     0.19434
1955     22     0.20585
1955     23     0.19969
1955     24     0.19090
1955     25     0.17859
1955     26     0.16179
1955     27     0.14469
1955     28     0.13275
1955     29     0.11729
1955     30     0.10220
1955     31     0.09418
1955     32     0.07895
1955     33     0.07123
1955     34     0.06151
1955     35     0.05431
1955     36     0.04666
1955     37     0.03736
1955     38     0.03428
1955     39     0.02638
1955     40     0.02391
1955     41     0.01609
1955     42     0.01214
1955     43     0.00786
1955     44     0.00459
1955     45     0.00238
1955     46     0.00119
1955     47     0.00055
1955     48     0.00024
1955     49     0.00011
1955     50     0.00006
1955     51     0.00004
1955     52     0.00002
1955     53     0.00001
1955     54     0.00000
1955     55+    0.00000
1956     12-    0.00000
1956     13     0.00003
1956     14     0.00044
1956     15     0.00218
1956     16     0.01210
1956     17     0.03131
1956     18     0.07133
1956     19     0.12402
1956     20     0.16712
1956     21     0.19850
1956     22     0.20862
1956     23     0.20356
1956     24     0.19413
1956     25     0.17682
1956     26     0.15976
1956     27     0.14103
1956     28     0.12979
1956     29     0.11478
1956     30     0.10001
1956     31     0.08730
1956     32     0.07592
1956     33     0.06905
1956     34     0.05876
1956     35     0.05285
1956     36     0.04475
1956     37     0.03872
1956     38     0.02944
1956     39     0.02473
1956     40     0.02054
1956     41     0.01643
1956     42     0.01062
1956     43     0.00658
1956     44     0.00445
1956     45     0.00236
1956     46     0.00101
1956     47     0.00034
1956     48     0.00011
1956     49     0.00003
1956     50     0.00002
1956     51     0.00001
1956     52     0.00001
1956     53     0.00000
1956     54     0.00000
1956     55+    0.00000
1957     12-    0.00000
1957     13     0.00002
1957     14     0.00036
1957     15     0.00193
1957     16     0.01157
1957     17     0.03767
1957     18     0.07303
1957     19     0.12794
1957     20     0.16708
1957     21     0.19892
1957     22     0.21037
1957     23     0.20346
1957     24     0.18850
1957     25     0.17096
1957     26     0.15236
1957     27     0.13694
1957     28     0.11867
1957     29     0.10873
1957     30     0.09343
1957     31     0.08515
1957     32     0.07230
1957     33     0.06341
1957     34     0.05535
1957     35     0.04744
1957     36     0.04033
1957     37     0.03535
1957     38     0.02914
1957     39     0.02166
1957     40     0.01802
1957     41     0.01296
1957     42     0.01017
1957     43     0.00549
1957     44     0.00321
1957     45     0.00224
1957     46     0.00094
1957     47     0.00026
1957     48     0.00006
1957     49     0.00001
1957     50     0.00000
1957     51     0.00000
1957     52     0.00000
1957     53     0.00000
1957     54     0.00000
1957     55+    0.00000
1958     12-    0.00000
1958     13     0.00002
1958     14     0.00027
1958     15     0.00135
1958     16     0.00848
1958     17     0.03298
1958     18     0.07270
1958     19     0.12320
1958     20     0.16676
1958     21     0.18953
1958     22     0.20375
1958     23     0.19549
1958     24     0.18372
1958     25     0.16326
1958     26     0.14607
1958     27     0.12830
1958     28     0.11156
1958     29     0.09378
1958     30     0.08384
1958     31     0.07181
1958     32     0.06091
1958     33     0.05319
1958     34     0.04514
1958     35     0.04093
1958     36     0.03244
1958     37     0.02763
1958     38     0.02227
1958     39     0.01749
1958     40     0.01217
1958     41     0.00944
1958     42     0.00617
1958     43     0.00494
1958     44     0.00252
1958     45     0.00108
1958     46     0.00052
1958     47     0.00025
1958     48     0.00012
1958     49     0.00006
1958     50     0.00004
1958     51     0.00002
1958     52     0.00001
1958     53     0.00001
1958     54     0.00000
1958     55+    0.00000
1959     12-    0.00000
1959     13     0.00001
1959     14     0.00017
1959     15     0.00124
1959     16     0.00728
1959     17     0.02913
1959     18     0.07143
1959     19     0.13014
1959     20     0.16536
1959     21     0.19410
1959     22     0.19419
1959     23     0.18825
1959     24     0.17249
1959     25     0.15259
1959     26     0.13470
1959     27     0.11538
1959     28     0.09743
1959     29     0.08249
1959     30     0.06932
1959     31     0.05974
1959     32     0.05070
1959     33     0.04313
1959     34     0.03662
1959     35     0.03113
1959     36     0.02499
1959     37     0.02025
1959     38     0.01581
1959     39     0.01286
1959     40     0.00940
1959     41     0.00669
1959     42     0.00480
1959     43     0.00278
1959     44     0.00194
1959     45     0.00090
1959     46     0.00036
1959     47     0.00012
1959     48     0.00004
1959     49     0.00001
1959     50     0.00001
1959     51     0.00000
1959     52     0.00000
1959     53     0.00000
1959     54     0.00000
1959     55+    0.00000
1960     12-    0.00000
1960     13     0.00001
1960     14     0.00020
1960     15     0.00104
1960     16     0.00775
1960     17     0.02619
1960     18     0.07115
1960     19     0.13057
1960     20     0.17633
1960     21     0.18569
1960     22     0.19818
1960     23     0.18637
1960     24     0.17467
1960     25     0.15348
1960     26     0.13401
1960     27     0.11587
1960     28     0.09814
1960     29     0.08334
1960     30     0.06895
1960     31     0.05853
1960     32     0.04904
1960     33     0.04128
1960     34     0.03570
1960     35     0.02976
1960     36     0.02438
1960     37     0.01971
1960     38     0.01580
1960     39     0.01095
1960     40     0.00878
1960     41     0.00639
1960     42     0.00362
1960     43     0.00258
1960     44     0.00122
1960     45     0.00079
1960     46     0.00039
1960     47     0.00016
1960     48     0.00006
1960     49     0.00002
1960     50     0.00001
1960     51     0.00001
1960     52     0.00000
1960     53     0.00000
1960     54     0.00000
1960     55+    0.00000
1961     12-    0.00000
1961     13     0.00001
1961     14     0.00021
1961     15     0.00121
1961     16     0.00700
1961     17     0.02730
1961     18     0.06867
1961     19     0.12742
1961     20     0.17683
1961     21     0.19872
1961     22     0.19712
1961     23     0.19563
1961     24     0.17329
1961     25     0.15720
1961     26     0.13542
1961     27     0.11542
1961     28     0.09762
1961     29     0.08341
1961     30     0.07184
1961     31     0.05838
1961     32     0.04987
1961     33     0.04242
1961     34     0.03365
1961     35     0.02855
1961     36     0.02344
1961     37     0.01852
1961     38     0.01473
1961     39     0.01188
1961     40     0.00912
1961     41     0.00587
1961     42     0.00410
1961     43     0.00232
1961     44     0.00163
1961     45     0.00051
1961     46     0.00024
1961     47     0.00013
1961     48     0.00009
1961     49     0.00006
1961     50     0.00005
1961     51     0.00003
1961     52     0.00002
1961     53     0.00001
1961     54     0.00000
1961     55+    0.00000
1962     12-    0.00000
1962     13     0.00001
1962     14     0.00019
1962     15     0.00108
1962     16     0.00676
1962     17     0.02572
1962     18     0.07186
1962     19     0.13142
1962     20     0.17638
1962     21     0.20205
1962     22     0.20695
1962     23     0.18894
1962     24     0.18192
1962     25     0.15838
1962     26     0.13909
1962     27     0.11925
1962     28     0.09878
1962     29     0.08420
1962     30     0.06958
1962     31     0.05588
1962     32     0.04927
1962     33     0.03953
1962     34     0.03216
1962     35     0.02805
1962     36     0.02210
1962     37     0.01695
1962     38     0.01360
1962     39     0.01114
1962     40     0.00763
1962     41     0.00521
1962     42     0.00380
1962     43     0.00200
1962     44     0.00132
1962     45     0.00073
1962     46     0.00032
1962     47     0.00013
1962     48     0.00005
1962     49     0.00002
1962     50     0.00001
1962     51     0.00001
1962     52     0.00000
1962     53     0.00000
1962     54     0.00000
1962     55+    0.00000
1963     12-    0.00000
1963     13     0.00003
1963     14     0.00031
1963     15     0.00090
1963     16     0.00646
1963     17     0.02853
1963     18     0.07565
1963     19     0.14350
1963     20     0.18753
1963     21     0.21152
1963     22     0.21615
1963     23     0.21056
1963     24     0.18698
1963     25     0.17683
1963     26     0.15309
1963     27     0.13214
1963     28     0.11391
1963     29     0.09544
1963     30     0.08116
1963     31     0.06780
1963     32     0.05505
1963     33     0.04659
1963     34     0.03797
1963     35     0.03023
1963     36     0.02550
1963     37     0.02107
1963     38     0.01503
1963     39     0.01104
1963     40     0.00785
1963     41     0.00516
1963     42     0.00394
1963     43     0.00254
1963     44     0.00112
1963     45     0.00063
1963     46     0.00031
1963     47     0.00016
1963     48     0.00008
1963     49     0.00004
1963     50     0.00002
1963     51     0.00002
1963     52     0.00001
1963     53     0.00001
1963     54     0.00000
1963     55+    0.00000
1964     12-    0.00000
1964     13     0.00002
1964     14     0.00024
1964     15     0.00100
1964     16     0.00720
1964     17     0.02625
1964     18     0.07495
1964     19     0.14229
1964     20     0.19467
1964     21     0.21002
1964     22     0.21088
1964     23     0.20308
1964     24     0.19042
1964     25     0.17159
1964     26     0.15506
1964     27     0.13773
1964     28     0.11841
1964     29     0.09961
1964     30     0.08419
1964     31     0.07083
1964     32     0.06040
1964     33     0.04915
1964     34     0.04203
1964     35     0.03348
1964     36     0.02679
1964     37     0.02140
1964     38     0.01536
1964     39     0.01198
1964     40     0.00900
1964     41     0.00641
1964     42     0.00411
1964     43     0.00264
1964     44     0.00165
1964     45     0.00065
1964     46     0.00027
1964     47     0.00011
1964     48     0.00004
1964     49     0.00002
1964     50     0.00001
1964     51     0.00001
1964     52     0.00000
1964     53     0.00000
1964     54     0.00000
1964     55+    0.00000
1965     12-    0.00000
1965     13     0.00001
1965     14     0.00021
1965     15     0.00129
1965     16     0.00727
1965     17     0.02614
1965     18     0.07122
1965     19     0.13412
1965     20     0.17772
1965     21     0.20303
1965     22     0.19536
1965     23     0.18705
1965     24     0.17421
1965     25     0.15606
1965     26     0.13685
1965     27     0.12767
1965     28     0.10910
1965     29     0.09280
1965     30     0.07826
1965     31     0.06673
1965     32     0.05561
1965     33     0.04540
1965     34     0.03711
1965     35     0.03152
1965     36     0.02452
1965     37     0.01884
1965     38     0.01532
1965     39     0.01160
1965     40     0.00871
1965     41     0.00631
1965     42     0.00406
1965     43     0.00217
1965     44     0.00140
1965     45     0.00071
1965     46     0.00037
1965     47     0.00016
1965     48     0.00006
1965     49     0.00002
1965     50     0.00002
1965     51     0.00001
1965     52     0.00001
1965     53     0.00000
1965     54     0.00000
1965     55+    0.00000
1966     12-    0.00000
1966     13     0.00002
1966     14     0.00023
1966     15     0.00117
1966     16     0.00717
1966     17     0.02542
1966     18     0.06892
1966     19     0.12859
1966     20     0.17724
1966     21     0.18774
1966     22     0.19095
1966     23     0.17110
1966     24     0.16075
1966     25     0.14284
1966     26     0.13102
1966     27     0.11082
1966     28     0.09692
1966     29     0.08290
1966     30     0.06933
1966     31     0.05711
1966     32     0.04849
1966     33     0.03926
1966     34     0.03259
1966     35     0.02790
1966     36     0.02158
1966     37     0.01683
1966     38     0.01416
1966     39     0.00966
1966     40     0.00705
1966     41     0.00513
1966     42     0.00320
1966     43     0.00180
1966     44     0.00105
1966     45     0.00065
1966     46     0.00033
1966     47     0.00011
1966     48     0.00003
1966     49     0.00001
1966     50     0.00000
1966     51     0.00000
1966     52     0.00000
1966     53     0.00000
1966     54     0.00000
1966     55+    0.00000
1967     12-    0.00000
1967     13     0.00002
1967     14     0.00025
1967     15     0.00109
1967     16     0.00650
1967     17     0.02606
1967     18     0.06887
1967     19     0.13155
1967     20     0.17165
1967     21     0.18723
1967     22     0.17779
1967     23     0.17122
1967     24     0.15194
1967     25     0.13363
1967     26     0.11752
1967     27     0.10166
1967     28     0.08875
1967     29     0.07816
1967     30     0.06187
1967     31     0.05318
1967     32     0.04178
1967     33     0.03593
1967     34     0.02897
1967     35     0.02312
1967     36     0.01804
1967     37     0.01543
1967     38     0.01144
1967     39     0.00830
1967     40     0.00644
1967     41     0.00406
1967     42     0.00311
1967     43     0.00149
1967     44     0.00114
1967     45     0.00051
1967     46     0.00024
1967     47     0.00009
1967     48     0.00003
1967     49     0.00001
1967     50     0.00001
1967     51     0.00001
1967     52     0.00000
1967     53     0.00000
1967     54     0.00000
1967     55+    0.00000
1968     12-    0.00000
1968     13     0.00003
1968     14     0.00035
1968     15     0.00124
1968     16     0.00614
1968     17     0.02574
1968     18     0.06828
1968     19     0.12578
1968     20     0.16854
1968     21     0.18299
1968     22     0.17752
1968     23     0.15920
1968     24     0.15191
1968     25     0.13045
1968     26     0.11508
1968     27     0.09611
1968     28     0.08602
1968     29     0.07129
1968     30     0.05961
1968     31     0.04745
1968     32     0.04085
1968     33     0.03258
1968     34     0.02550
1968     35     0.02227
1968     36     0.01679
1968     37     0.01468
1968     38     0.01087
1968     39     0.00721
1968     40     0.00598
1968     41     0.00409
1968     42     0.00242
1968     43     0.00165
1968     44     0.00082
1968     45     0.00038
1968     46     0.00020
1968     47     0.00010
1968     48     0.00005
1968     49     0.00002
1968     50     0.00002
1968     51     0.00001
1968     52     0.00001
1968     53     0.00000
1968     54     0.00000
1968     55+    0.00000
1969     12-    0.00000
1969     13     0.00001
1969     14     0.00021
1969     15     0.00109
1969     16     0.00685
1969     17     0.02750
1969     18     0.07088
1969     19     0.12971
1969     20     0.17302
1969     21     0.18698
1969     22     0.18221
1969     23     0.16781
1969     24     0.14599
1969     25     0.13655
1969     26     0.11312
1969     27     0.09960
1969     28     0.08467
1969     29     0.07018
1969     30     0.05852
1969     31     0.05073
1969     32     0.04086
1969     33     0.03316
1969     34     0.02670
1969     35     0.02186
1969     36     0.01726
1969     37     0.01327
1969     38     0.01073
1969     39     0.00840
1969     40     0.00567
1969     41     0.00407
1969     42     0.00265
1969     43     0.00145
1969     44     0.00093
1969     45     0.00041
1969     46     0.00021
1969     47     0.00010
1969     48     0.00005
1969     49     0.00003
1969     50     0.00002
1969     51     0.00002
1969     52     0.00001
1969     53     0.00000
1969     54     0.00000
1969     55+    0.00000
1970     12-    0.00000
1970     13     0.00002
1970     14     0.00030
1970     15     0.00140
1970     16     0.00828
1970     17     0.02706
1970     18     0.06902
1970     19     0.13184
1970     20     0.17471
1970     21     0.18705
1970     22     0.18460
1970     23     0.17355
1970     24     0.15332
1970     25     0.13403
1970     26     0.12333
1970     27     0.10156
1970     28     0.08603
1970     29     0.07144
1970     30     0.06256
1970     31     0.04763
1970     32     0.03989
1970     33     0.03444
1970     34     0.02479
1970     35     0.02061
1970     36     0.01659
1970     37     0.01215
1970     38     0.01041
1970     39     0.00800
1970     40     0.00595
1970     41     0.00387
1970     42     0.00217
1970     43     0.00153
1970     44     0.00085
1970     45     0.00028
1970     46     0.00014
1970     47     0.00007
1970     48     0.00004
1970     49     0.00002
1970     50     0.00002
1970     51     0.00001
1970     52     0.00001
1970     53     0.00000
1970     54     0.00000
1970     55+    0.00000
1971     12-    0.00000
1971     13     0.00002
1971     14     0.00034
1971     15     0.00153
1971     16     0.00843
1971     17     0.02768
1971     18     0.07032
1971     19     0.12744
1971     20     0.17011
1971     21     0.18798
1971     22     0.18615
1971     23     0.17651
1971     24     0.16133
1971     25     0.14333
1971     26     0.12380
1971     27     0.10945
1971     28     0.09406
1971     29     0.07983
1971     30     0.06552
1971     31     0.05320
1971     32     0.04383
1971     33     0.03599
1971     34     0.02782
1971     35     0.02248
1971     36     0.01788
1971     37     0.01341
1971     38     0.01002
1971     39     0.00707
1971     40     0.00583
1971     41     0.00378
1971     42     0.00243
1971     43     0.00124
1971     44     0.00073
1971     45     0.00040
1971     46     0.00018
1971     47     0.00007
1971     48     0.00002
1971     49     0.00001
1971     50     0.00000
1971     51     0.00000
1971     52     0.00000
1971     53     0.00000
1971     54     0.00000
1971     55+    0.00000
1972     12-    0.00000
1972     13     0.00001
1972     14     0.00022
1972     15     0.00140
1972     16     0.00798
1972     17     0.02857
1972     18     0.07161
1972     19     0.12756
1972     20     0.17563
1972     21     0.19772
1972     22     0.19812
1972     23     0.18562
1972     24     0.17390
1972     25     0.15474
1972     26     0.13435
1972     27     0.11259
1972     28     0.09788
1972     29     0.08289
1972     30     0.06783
1972     31     0.05724
1972     32     0.04656
1972     33     0.03821
1972     34     0.03084
1972     35     0.02306
1972     36     0.01760
1972     37     0.01343
1972     38     0.01051
1972     39     0.00743
1972     40     0.00546
1972     41     0.00345
1972     42     0.00231
1972     43     0.00113
1972     44     0.00078
1972     45     0.00047
1972     46     0.00022
1972     47     0.00008
1972     48     0.00003
1972     49     0.00001
1972     50     0.00000
1972     51     0.00000
1972     52     0.00000
1972     53     0.00000
1972     54     0.00000
1972     55+    0.00000
1973     12-    0.00000
1973     13     0.00002
1973     14     0.00022
1973     15     0.00120
1973     16     0.00826
1973     17     0.02955
1973     18     0.07397
1973     19     0.13299
1973     20     0.18355
1973     21     0.20733
1973     22     0.21877
1973     23     0.20755
1973     24     0.19452
1973     25     0.17597
1973     26     0.15507
1973     27     0.12820
1973     28     0.10845
1973     29     0.09750
1973     30     0.08039
1973     31     0.06499
1973     32     0.05059
1973     33     0.04205
1973     34     0.03376
1973     35     0.02746
1973     36     0.01935
1973     37     0.01531
1973     38     0.01106
1973     39     0.00818
1973     40     0.00573
1973     41     0.00409
1973     42     0.00229
1973     43     0.00176
1973     44     0.00075
1973     45     0.00035
1973     46     0.00016
1973     47     0.00006
1973     48     0.00002
1973     49     0.00001
1973     50     0.00000
1973     51     0.00000
1973     52     0.00000
1973     53     0.00000
1973     54     0.00000
1973     55+    0.00000
1974     12-    0.00000
1974     13     0.00002
1974     14     0.00024
1974     15     0.00111
1974     16     0.00768
1974     17     0.03159
1974     18     0.07998
1974     19     0.14918
1974     20     0.19754
1974     21     0.22265
1974     22     0.22943
1974     23     0.22005
1974     24     0.20298
1974     25     0.18191
1974     26     0.16199
1974     27     0.14331
1974     28     0.11801
1974     29     0.09717
1974     30     0.08468
1974     31     0.06947
1974     32     0.05782
1974     33     0.04540
1974     34     0.03747
1974     35     0.02733
1974     36     0.02292
1974     37     0.01647
1974     38     0.01165
1974     39     0.00810
1974     40     0.00585
1974     41     0.00364
1974     42     0.00211
1974     43     0.00131
1974     44     0.00082
1974     45     0.00030
1974     46     0.00013
1974     47     0.00005
1974     48     0.00002
1974     49     0.00001
1974     50     0.00001
1974     51     0.00000
1974     52     0.00000
1974     53     0.00000
1974     54     0.00000
1974     55+    0.00000
1975     12-    0.00000
1975     13     0.00002
1975     14     0.00024
1975     15     0.00116
1975     16     0.00875
1975     17     0.03232
1975     18     0.08903
1975     19     0.15209
1975     20     0.20160
1975     21     0.22225
1975     22     0.22679
1975     23     0.21919
1975     24     0.19967
1975     25     0.17770
1975     26     0.15539
1975     27     0.13450
1975     28     0.11560
1975     29     0.09629
1975     30     0.07749
1975     31     0.06839
1975     32     0.05461
1975     33     0.04494
1975     34     0.03510
1975     35     0.02837
1975     36     0.02074
1975     37     0.01622
1975     38     0.01066
1975     39     0.00808
1975     40     0.00601
1975     41     0.00343
1975     42     0.00227
1975     43     0.00135
1975     44     0.00079
1975     45     0.00031
1975     46     0.00013
1975     47     0.00005
1975     48     0.00002
1975     49     0.00001
1975     50     0.00000
1975     51     0.00000
1975     52     0.00000
1975     53     0.00000
1975     54     0.00000
1975     55+    0.00000
1976     12-    0.00000
1976     13     0.00001
1976     14     0.00015
1976     15     0.00111
1976     16     0.00830
1976     17     0.03297
1976     18     0.08836
1976     19     0.15725
1976     20     0.20357
1976     21     0.22324
1976     22     0.22438
1976     23     0.21197
1976     24     0.19515
1976     25     0.16952
1976     26     0.15055
1976     27     0.12988
1976     28     0.11090
1976     29     0.09510
1976     30     0.07735
1976     31     0.06276
1976     32     0.05427
1976     33     0.04169
1976     34     0.03407
1976     35     0.02821
1976     36     0.02021
1976     37     0.01664
1976     38     0.01241
1976     39     0.00799
1976     40     0.00496
1976     41     0.00340
1976     42     0.00236
1976     43     0.00114
1976     44     0.00086
1976     45     0.00049
1976     46     0.00023
1976     47     0.00009
1976     48     0.00003
1976     49     0.00001
1976     50     0.00001
1976     51     0.00000
1976     52     0.00000
1976     53     0.00000
1976     54     0.00000
1976     55+    0.00000
1977     12-    0.00000
1977     13     0.00002
1977     14     0.00024
1977     15     0.00124
1977     16     0.00796
1977     17     0.03201
1977     18     0.08754
1977     19     0.16133
1977     20     0.20691
1977     21     0.22661
1977     22     0.22370
1977     23     0.20645
1977     24     0.18902
1977     25     0.16781
1977     26     0.14391
1977     27     0.12351
1977     28     0.10601
1977     29     0.08887
1977     30     0.07588
1977     31     0.06034
1977     32     0.04884
1977     33     0.04318
1977     34     0.03362
1977     35     0.02519
1977     36     0.02097
1977     37     0.01545
1977     38     0.01137
1977     39     0.00774
1977     40     0.00531
1977     41     0.00345
1977     42     0.00212
1977     43     0.00124
1977     44     0.00073
1977     45     0.00034
1977     46     0.00015
1977     47     0.00006
1977     48     0.00002
1977     49     0.00001
1977     50     0.00001
1977     51     0.00000
1977     52     0.00000
1977     53     0.00000
1977     54     0.00000
1977     55+    0.00000
1978     12-    0.00000
1978     13     0.00001
1978     14     0.00018
1978     15     0.00105
1978     16     0.00758
1978     17     0.03236
1978     18     0.08924
1978     19     0.16245
1978     20     0.21371
1978     21     0.22985
1978     22     0.22615
1978     23     0.20864
1978     24     0.18962
1978     25     0.16939
1978     26     0.14390
1978     27     0.12219
1978     28     0.10356
1978     29     0.08581
1978     30     0.07192
1978     31     0.06125
1978     32     0.04898
1978     33     0.04003
1978     34     0.03341
1978     35     0.02718
1978     36     0.01969
1978     37     0.01483
1978     38     0.01129
1978     39     0.00775
1978     40     0.00516
1978     41     0.00353
1978     42     0.00193
1978     43     0.00131
1978     44     0.00055
1978     45     0.00032
1978     46     0.00016
1978     47     0.00007
1978     48     0.00003
1978     49     0.00001
1978     50     0.00001
1978     51     0.00000
1978     52     0.00000
1978     53     0.00000
1978     54     0.00000
1978     55+    0.00000
1979     12-    0.00000
1979     13     0.00001
1979     14     0.00013
1979     15     0.00125
1979     16     0.00782
1979     17     0.03281
1979     18     0.09102
1979     19     0.16527
1979     20     0.20942
1979     21     0.23060
1979     22     0.22784
1979     23     0.20431
1979     24     0.18439
1979     25     0.16430
1979     26     0.14213
1979     27     0.11957
1979     28     0.09733
1979     29     0.08500
1979     30     0.07016
1979     31     0.05878
1979     32     0.04794
1979     33     0.03951
1979     34     0.03038
1979     35     0.02568
1979     36     0.01894
1979     37     0.01414
1979     38     0.01021
1979     39     0.00688
1979     40     0.00498
1979     41     0.00282
1979     42     0.00199
1979     43     0.00138
1979     44     0.00062
1979     45     0.00027
1979     46     0.00014
1979     47     0.00007
1979     48     0.00004
1979     49     0.00002
1979     50     0.00002
1979     51     0.00001
1979     52     0.00001
1979     53     0.00000
1979     54     0.00000
1979     55+    0.00000
1980     12-    0.00000
1980     13     0.00002
1980     14     0.00022
1980     15     0.00100
1980     16     0.00727
1980     17     0.03155
1980     18     0.08767
1980     19     0.15609
1980     20     0.20315
1980     21     0.21928
1980     22     0.20823
1980     23     0.19265
1980     24     0.16928
1980     25     0.14942
1980     26     0.12836
1980     27     0.10795
1980     28     0.08697
1980     29     0.07327
1980     30     0.05964
1980     31     0.04874
1980     32     0.04060
1980     33     0.03428
1980     34     0.02794
1980     35     0.01997
1980     36     0.01655
1980     37     0.01191
1980     38     0.00897
1980     39     0.00613
1980     40     0.00442
1980     41     0.00298
1980     42     0.00152
1980     43     0.00117
1980     44     0.00066
1980     45     0.00024
1980     46     0.00010
1980     47     0.00004
1980     48     0.00002
1980     49     0.00001
1980     50     0.00000
1980     51     0.00000
1980     52     0.00000
1980     53     0.00000
1980     54     0.00000
1980     55+    0.00000
1981     12-    0.00000
1981     13     0.00002
1981     14     0.00031
1981     15     0.00136
1981     16     0.00684
1981     17     0.02892
1981     18     0.07994
1981     19     0.14891
1981     20     0.19574
1981     21     0.21007
1981     22     0.20328
1981     23     0.18434
1981     24     0.16488
1981     25     0.14252
1981     26     0.12179
1981     27     0.10132
1981     28     0.08473
1981     29     0.07126
1981     30     0.05671
1981     31     0.04841
1981     32     0.03825
1981     33     0.03098
1981     34     0.02563
1981     35     0.01949
1981     36     0.01563
1981     37     0.01189
1981     38     0.00917
1981     39     0.00641
1981     40     0.00434
1981     41     0.00350
1981     42     0.00185
1981     43     0.00110
1981     44     0.00060
1981     45     0.00020
1981     46     0.00009
1981     47     0.00004
1981     48     0.00002
1981     49     0.00001
1981     50     0.00001
1981     51     0.00000
1981     52     0.00000
1981     53     0.00000
1981     54     0.00000
1981     55+    0.00000
1982     12-    0.00000
1982     13     0.00003
1982     14     0.00032
1982     15     0.00120
1982     16     0.00725
1982     17     0.02819
1982     18     0.08059
1982     19     0.14861
1982     20     0.19870
1982     21     0.20995
1982     22     0.20215
1982     23     0.18738
1982     24     0.16202
1982     25     0.14444
1982     26     0.12310
1982     27     0.10149
1982     28     0.08260
1982     29     0.06890
1982     30     0.05709
1982     31     0.04518
1982     32     0.03754
1982     33     0.03058
1982     34     0.02499
1982     35     0.01941
1982     36     0.01594
1982     37     0.01138
1982     38     0.00834
1982     39     0.00607
1982     40     0.00387
1982     41     0.00262
1982     42     0.00181
1982     43     0.00083
1982     44     0.00052
1982     45     0.00018
1982     46     0.00009
1982     47     0.00005
1982     48     0.00003
1982     49     0.00002
1982     50     0.00002
1982     51     0.00001
1982     52     0.00001
1982     53     0.00000
1982     54     0.00000
1982     55+    0.00000
1983     12-    0.00000
1983     13     0.00001
1983     14     0.00013
1983     15     0.00116
1983     16     0.00792
1983     17     0.02995
1983     18     0.08038
1983     19     0.14812
1983     20     0.19310
1983     21     0.20639
1983     22     0.20028
1983     23     0.18161
1983     24     0.15922
1983     25     0.13911
1983     26     0.11873
1983     27     0.10027
1983     28     0.08294
1983     29     0.06584
1983     30     0.05393
1983     31     0.04511
1983     32     0.03658
1983     33     0.02865
1983     34     0.02430
1983     35     0.01806
1983     36     0.01532
1983     37     0.01067
1983     38     0.00818
1983     39     0.00524
1983     40     0.00385
1983     41     0.00199
1983     42     0.00167
1983     43     0.00114
1983     44     0.00044
1983     45     0.00021
1983     46     0.00010
1983     47     0.00004
1983     48     0.00002
1983     49     0.00001
1983     50     0.00000
1983     51     0.00000
1983     52     0.00000
1983     53     0.00000
1983     54     0.00000
1983     55+    0.00000
1984     12-    0.00000
1984     13     0.00000
1984     14     0.00004
1984     15     0.00130
1984     16     0.00851
1984     17     0.03118
1984     18     0.08208
1984     19     0.14817
1984     20     0.19201
1984     21     0.20742
1984     22     0.19872
1984     23     0.18166
1984     24     0.16217
1984     25     0.14038
1984     26     0.12164
1984     27     0.09977
1984     28     0.08231
1984     29     0.06746
1984     30     0.05443
1984     31     0.04550
1984     32     0.03628
1984     33     0.02863
1984     34     0.02339
1984     35     0.01846
1984     36     0.01391
1984     37     0.01042
1984     38     0.00690
1984     39     0.00469
1984     40     0.00375
1984     41     0.00237
1984     42     0.00126
1984     43     0.00074
1984     44     0.00051
1984     45     0.00013
1984     46     0.00007
1984     47     0.00004
1984     48     0.00002
1984     49     0.00002
1984     50     0.00002
1984     51     0.00001
1984     52     0.00001
1984     53     0.00001
1984     54     0.00000
1984     55+    0.00000
1985     12-    0.00000
1985     13     0.00000
1985     14     0.00001
1985     15     0.00118
1985     16     0.00819
1985     17     0.03204
1985     18     0.08047
1985     19     0.14657
1985     20     0.18661
1985     21     0.20433
1985     22     0.19870
1985     23     0.18316
1985     24     0.16178
1985     25     0.14498
1985     26     0.12291
1985     27     0.09947
1985     28     0.08259
1985     29     0.06815
1985     30     0.05489
1985     31     0.04443
1985     32     0.03641
1985     33     0.02998
1985     34     0.02347
1985     35     0.01837
1985     36     0.01345
1985     37     0.00988
1985     38     0.00799
1985     39     0.00530
1985     40     0.00339
1985     41     0.00198
1985     42     0.00127
1985     43     0.00087
1985     44     0.00035
1985     45     0.00019
1985     46     0.00010
1985     47     0.00004
1985     48     0.00002
1985     49     0.00001
1985     50     0.00000
1985     51     0.00000
1985     52     0.00000
1985     53     0.00000
1985     54     0.00000
1985     55+    0.00000
1986     12-    0.00000
1986     13     0.00001
1986     14     0.00017
1986     15     0.00084
1986     16     0.00707
1986     17     0.02932
1986     18     0.08111
1986     19     0.14195
1986     20     0.18562
1986     21     0.19655
1986     22     0.19301
1986     23     0.17791
1986     24     0.16239
1986     25     0.14352
1986     26     0.12142
1986     27     0.10126
1986     28     0.08288
1986     29     0.06858
1986     30     0.05591
1986     31     0.04532
1986     32     0.03672
1986     33     0.02901
1986     34     0.02306
1986     35     0.01939
1986     36     0.01389
1986     37     0.01040
1986     38     0.00708
1986     39     0.00542
1986     40     0.00322
1986     41     0.00216
1986     42     0.00132
1986     43     0.00093
1986     44     0.00030
1986     45     0.00014
1986     46     0.00007
1986     47     0.00003
1986     48     0.00001
1986     49     0.00001
1986     50     0.00000
1986     51     0.00000
1986     52     0.00000
1986     53     0.00000
1986     54     0.00000
1986     55+    0.00000
1987     12-    0.00000
1987     13     0.00001
1987     14     0.00015
1987     15     0.00095
1987     16     0.00603
1987     17     0.02621
1987     18     0.08015
1987     19     0.14366
1987     20     0.17662
1987     21     0.19188
1987     22     0.18983
1987     23     0.17663
1987     24     0.16172
1987     25     0.14364
1987     26     0.12405
1987     27     0.10129
1987     28     0.08226
1987     29     0.06780
1987     30     0.05500
1987     31     0.04342
1987     32     0.03510
1987     33     0.02813
1987     34     0.02376
1987     35     0.01841
1987     36     0.01491
1987     37     0.01068
1987     38     0.00742
1987     39     0.00483
1987     40     0.00350
1987     41     0.00226
1987     42     0.00127
1987     43     0.00083
1987     44     0.00048
1987     45     0.00021
1987     46     0.00010
1987     47     0.00005
1987     48     0.00002
1987     49     0.00001
1987     50     0.00001
1987     51     0.00001
1987     52     0.00000
1987     53     0.00000
1987     54     0.00000
1987     55+    0.00000
1988     12-    0.00000
1988     13     0.00001
1988     14     0.00017
1988     15     0.00096
1988     16     0.00575
1988     17     0.02616
1988     18     0.07886
1988     19     0.14865
1988     20     0.17792
1988     21     0.19118
1988     22     0.19122
1988     23     0.17469
1988     24     0.16352
1988     25     0.14379
1988     26     0.12634
1988     27     0.10679
1988     28     0.08775
1988     29     0.06959
1988     30     0.05864
1988     31     0.04658
1988     32     0.03674
1988     33     0.03018
1988     34     0.02466
1988     35     0.01799
1988     36     0.01430
1988     37     0.01113
1988     38     0.00731
1988     39     0.00517
1988     40     0.00376
1988     41     0.00200
1988     42     0.00127
1988     43     0.00061
1988     44     0.00045
1988     45     0.00008
1988     46     0.00003
1988     47     0.00001
1988     48     0.00001
1988     49     0.00000
1988     50     0.00000
1988     51     0.00000
1988     52     0.00000
1988     53     0.00000
1988     54     0.00000
1988     55+    0.00000
1989     12-    0.00000
1989     13     0.00001
1989     14     0.00011
1989     15     0.00085
1989     16     0.00504
1989     17     0.02323
1989     18     0.07578
1989     19     0.14217
1989     20     0.17234
1989     21     0.18203
1989     22     0.18154
1989     23     0.17494
1989     24     0.16060
1989     25     0.14154
1989     26     0.11926
1989     27     0.10265
1989     28     0.08326
1989     29     0.06934
1989     30     0.05519
1989     31     0.04433
1989     32     0.03597
1989     33     0.02933
1989     34     0.02363
1989     35     0.01798
1989     36     0.01473
1989     37     0.01072
1989     38     0.00791
1989     39     0.00526
1989     40     0.00324
1989     41     0.00227
1989     42     0.00124
1989     43     0.00059
1989     44     0.00035
1989     45     0.00019
1989     46     0.00010
1989     47     0.00004
1989     48     0.00002
1989     49     0.00001
1989     50     0.00000
1989     51     0.00000
1989     52     0.00000
1989     53     0.00000
1989     54     0.00000
1989     55+    0.00000
1990     12-    0.00000
1990     13     0.00001
1990     14     0.00020
1990     15     0.00108
1990     16     0.00594
1990     17     0.02429
1990     18     0.07399
1990     19     0.14136
1990     20     0.17838
1990     21     0.18525
1990     22     0.18155
1990     23     0.17433
1990     24     0.15945
1990     25     0.14604
1990     26     0.12121
1990     27     0.10243
1990     28     0.08427
1990     29     0.06871
1990     30     0.05704
1990     31     0.04492
1990     32     0.03756
1990     33     0.03034
1990     34     0.02373
1990     35     0.01921
1990     36     0.01408
1990     37     0.01051
1990     38     0.00762
1990     39     0.00561
1990     40     0.00364
1990     41     0.00234
1990     42     0.00118
1990     43     0.00074
1990     44     0.00044
1990     45     0.00012
1990     46     0.00005
1990     47     0.00002
1990     48     0.00001
1990     49     0.00001
1990     50     0.00000
1990     51     0.00000
1990     52     0.00000
1990     53     0.00000
1990     54     0.00000
1990     55+    0.00000
1991     12-    0.00000
1991     13     0.00005
1991     14     0.00017
1991     15     0.00119
1991     16     0.00640
1991     17     0.02659
1991     18     0.07773
1991     19     0.14057
1991     20     0.17668
1991     21     0.18101
1991     22     0.17633
1991     23     0.16593
1991     24     0.15378
1991     25     0.13675
1991     26     0.11922
1991     27     0.09882
1991     28     0.08150
1991     29     0.06649
1991     30     0.05496
1991     31     0.04410
1991     32     0.03519
1991     33     0.02843
1991     34     0.02361
1991     35     0.01793
1991     36     0.01402
1991     37     0.01081
1991     38     0.00752
1991     39     0.00611
1991     40     0.00392
1991     41     0.00263
1991     42     0.00132
1991     43     0.00073
1991     44     0.00038
1991     45     0.00014
1991     46     0.00007
1991     47     0.00006
1991     48     0.00003
1991     49     0.00000
1991     50     0.00000
1991     51     0.00000
1991     52     0.00000
1991     53     0.00000
1991     54     0.00000
1991     55+    0.00000
1992     12-    0.00001
1992     13     0.00005
1992     14     0.00021
1992     15     0.00118
1992     16     0.00616
1992     17     0.02440
1992     18     0.06977
1992     19     0.12725
1992     20     0.15177
1992     21     0.16261
1992     22     0.16234
1992     23     0.15231
1992     24     0.14246
1992     25     0.12724
1992     26     0.11138
1992     27     0.09357
1992     28     0.07849
1992     29     0.06514
1992     30     0.05248
1992     31     0.04177
1992     32     0.03422
1992     33     0.02700
1992     34     0.02155
1992     35     0.01635
1992     36     0.01241
1992     37     0.01036
1992     38     0.00766
1992     39     0.00542
1992     40     0.00395
1992     41     0.00248
1992     42     0.00129
1992     43     0.00084
1992     44     0.00044
1992     45     0.00016
1992     46     0.00005
1992     47     0.00005
1992     48     0.00000
1992     49     0.00001
1992     50     0.00000
1992     51     0.00000
1992     52     0.00000
1992     53     0.00000
1992     54     0.00000
1992     55+    0.00000
1993     12-    0.00000
1993     13     0.00004
1993     14     0.00028
1993     15     0.00126
1993     16     0.00610
1993     17     0.02295
1993     18     0.06472
1993     19     0.11563
1993     20     0.13920
1993     21     0.15059
1993     22     0.15177
1993     23     0.14879
1993     24     0.13912
1993     25     0.12450
1993     26     0.10958
1993     27     0.09731
1993     28     0.07919
1993     29     0.06410
1993     30     0.05266
1993     31     0.04328
1993     32     0.03639
1993     33     0.02933
1993     34     0.02367
1993     35     0.01807
1993     36     0.01437
1993     37     0.01095
1993     38     0.00764
1993     39     0.00572
1993     40     0.00397
1993     41     0.00226
1993     42     0.00159
1993     43     0.00074
1993     44     0.00043
1993     45     0.00024
1993     46     0.00006
1993     47     0.00005
1993     48     0.00000
1993     49     0.00000
1993     50     0.00000
1993     51     0.00000
1993     52     0.00000
1993     53     0.00000
1993     54     0.00000
1993     55+    0.00000
1994     12-    0.00001
1994     13     0.00006
1994     14     0.00021
1994     15     0.00116
1994     16     0.00490
1994     17     0.01803
1994     18     0.04767
1994     19     0.08648
1994     20     0.11351
1994     21     0.12149
1994     22     0.12717
1994     23     0.12739
1994     24     0.12227
1994     25     0.10932
1994     26     0.09983
1994     27     0.08550
1994     28     0.07271
1994     29     0.06270
1994     30     0.05122
1994     31     0.04017
1994     32     0.03503
1994     33     0.02669
1994     34     0.02214
1994     35     0.01789
1994     36     0.01358
1994     37     0.01011
1994     38     0.00795
1994     39     0.00578
1994     40     0.00370
1994     41     0.00248
1994     42     0.00139
1994     43     0.00091
1994     44     0.00042
1994     45     0.00020
1994     46     0.00006
1994     47     0.00003
1994     48     0.00001
1994     49     0.00000
1994     50     0.00000
1994     51     0.00000
1994     52     0.00000
1994     53     0.00000
1994     54     0.00000
1994     55+    0.00000
1995     12-    0.00000
1995     13     0.00004
1995     14     0.00016
1995     15     0.00115
1995     16     0.00454
1995     17     0.01344
1995     18     0.03469
1995     19     0.06572
1995     20     0.08589
1995     21     0.10100
1995     22     0.10872
1995     23     0.11289
1995     24     0.10780
1995     25     0.10396
1995     26     0.09445
1995     27     0.07925
1995     28     0.07058
1995     29     0.05966
1995     30     0.05017
1995     31     0.04017
1995     32     0.03369
1995     33     0.02664
1995     34     0.02288
1995     35     0.01739
1995     36     0.01410
1995     37     0.01055
1995     38     0.00721
1995     39     0.00551
1995     40     0.00346
1995     41     0.00227
1995     42     0.00155
1995     43     0.00085
1995     44     0.00037
1995     45     0.00017
1995     46     0.00015
1995     47     0.00006
1995     48     0.00002
1995     49     0.00000
1995     50     0.00000
1995     51     0.00000
1995     52     0.00000
1995     53     0.00000
1995     54     0.00000
1995     55+    0.00000
1996     12-    0.00000
1996     13     0.00004
1996     14     0.00029
1996     15     0.00114
1996     16     0.00402
1996     17     0.01125
1996     18     0.02718
1996     19     0.05092
1996     20     0.07085
1996     21     0.08846
1996     22     0.09761
1996     23     0.10139
1996     24     0.10028
1996     25     0.09751
1996     26     0.09028
1996     27     0.07990
1996     28     0.06853
1996     29     0.05890
1996     30     0.05041
1996     31     0.04216
1996     32     0.03370
1996     33     0.02655
1996     34     0.02217
1996     35     0.01786
1996     36     0.01349
1996     37     0.01157
1996     38     0.00740
1996     39     0.00614
1996     40     0.00362
1996     41     0.00254
1996     42     0.00131
1996     43     0.00070
1996     44     0.00038
1996     45     0.00021
1996     46     0.00011
1996     47     0.00002
1996     48     0.00000
1996     49     0.00000
1996     50     0.00000
1996     51     0.00000
1996     52     0.00000
1996     53     0.00000
1996     54     0.00000
1996     55+    0.00000
1997     12-    0.00000
1997     13     0.00002
1997     14     0.00022
1997     15     0.00096
1997     16     0.00408
1997     17     0.01044
1997     18     0.02417
1997     19     0.04357
1997     20     0.06309
1997     21     0.07788
1997     22     0.09050
1997     23     0.09609
1997     24     0.10092
1997     25     0.10336
1997     26     0.09189
1997     27     0.08297
1997     28     0.07263
1997     29     0.06312
1997     30     0.05158
1997     31     0.04232
1997     32     0.03596
1997     33     0.02912
1997     34     0.02302
1997     35     0.01911
1997     36     0.01550
1997     37     0.01137
1997     38     0.00845
1997     39     0.00623
1997     40     0.00399
1997     41     0.00229
1997     42     0.00129
1997     43     0.00083
1997     44     0.00038
1997     45     0.00011
1997     46     0.00006
1997     47     0.00002
1997     48     0.00002
1997     49     0.00000
1997     50     0.00000
1997     51     0.00000
1997     52     0.00000
1997     53     0.00000
1997     54     0.00000
1997     55+    0.00000
1998     12-    0.00002
1998     13     0.00000
1998     14     0.00006
1998     15     0.00072
1998     16     0.00370
1998     17     0.01037
1998     18     0.02196
1998     19     0.03923
1998     20     0.05441
1998     21     0.06898
1998     22     0.08209
1998     23     0.09407
1998     24     0.09997
1998     25     0.09943
1998     26     0.09435
1998     27     0.08721
1998     28     0.07625
1998     29     0.06705
1998     30     0.05433
1998     31     0.04455
1998     32     0.03603
1998     33     0.02978
1998     34     0.02496
1998     35     0.01966
1998     36     0.01676
1998     37     0.01140
1998     38     0.00910
1998     39     0.00670
1998     40     0.00424
1998     41     0.00225
1998     42     0.00146
1998     43     0.00087
1998     44     0.00061
1998     45     0.00010
1998     46     0.00005
1998     47     0.00002
1998     48     0.00000
1998     49     0.00000
1998     50     0.00000
1998     51     0.00000
1998     52     0.00000
1998     53     0.00000
1998     54     0.00000
1998     55+    0.00000
1999     12-    0.00000
1999     13     0.00005
1999     14     0.00014
1999     15     0.00090
1999     16     0.00339
1999     17     0.00997
1999     18     0.02091
1999     19     0.03696
1999     20     0.04812
1999     21     0.06098
1999     22     0.07289
1999     23     0.08527
1999     24     0.09518
1999     25     0.09895
1999     26     0.09518
1999     27     0.08838
1999     28     0.08066
1999     29     0.06760
1999     30     0.05616
1999     31     0.04646
1999     32     0.03953
1999     33     0.03126
1999     34     0.02566
1999     35     0.01979
1999     36     0.01608
1999     37     0.01220
1999     38     0.00958
1999     39     0.00662
1999     40     0.00463
1999     41     0.00267
1999     42     0.00152
1999     43     0.00083
1999     44     0.00048
1999     45     0.00020
1999     46     0.00014
1999     47     0.00007
1999     48     0.00002
1999     49     0.00002
1999     50     0.00000
1999     51     0.00000
1999     52     0.00001
1999     53     0.00000
1999     54     0.00000
1999     55+    0.00000
2000     12-    0.00000
2000     13     0.00005
2000     14     0.00022
2000     15     0.00084
2000     16     0.00360
2000     17     0.00854
2000     18     0.01770
2000     19     0.03321
2000     20     0.04478
2000     21     0.05340
2000     22     0.06526
2000     23     0.08049
2000     24     0.09190
2000     25     0.09967
2000     26     0.09964
2000     27     0.09162
2000     28     0.08674
2000     29     0.07482
2000     30     0.06291
2000     31     0.05255
2000     32     0.04083
2000     33     0.03271
2000     34     0.02735
2000     35     0.02287
2000     36     0.01731
2000     37     0.01330
2000     38     0.01021
2000     39     0.00707
2000     40     0.00487
2000     41     0.00302
2000     42     0.00186
2000     43     0.00090
2000     44     0.00047
2000     45     0.00019
2000     46     0.00013
2000     47     0.00001
2000     48     0.00000
2000     49     0.00000
2000     50     0.00000
2000     51     0.00000
2000     52     0.00000
2000     53     0.00000
2000     54     0.00000
2000     55+    0.00000
2001     12-    0.00002
2001     13     0.00003
2001     14     0.00022
2001     15     0.00097
2001     16     0.00336
2001     17     0.00776
2001     18     0.01611
2001     19     0.02778
2001     20     0.04024
2001     21     0.04981
2001     22     0.05823
2001     23     0.07065
2001     24     0.08310
2001     25     0.09545
2001     26     0.09954
2001     27     0.09569
2001     28     0.08841
2001     29     0.07905
2001     30     0.06798
2001     31     0.05883
2001     32     0.04501
2001     33     0.03734
2001     34     0.02925
2001     35     0.02348
2001     36     0.01934
2001     37     0.01444
2001     38     0.01002
2001     39     0.00840
2001     40     0.00570
2001     41     0.00367
2001     42     0.00205
2001     43     0.00103
2001     44     0.00061
2001     45     0.00028
2001     46     0.00003
2001     47     0.00005
2001     48     0.00001
2001     49     0.00001
2001     50     0.00000
2001     51     0.00000
2001     52     0.00000
2001     53     0.00000
2001     54     0.00001
2001     55+    0.00000
2002     12-    0.00000
2002     13     0.00006
2002     14     0.00025
2002     15     0.00109
2002     16     0.00380
2002     17     0.00886
2002     18     0.01620
2002     19     0.02658
2002     20     0.03652
2002     21     0.04577
2002     22     0.05630
2002     23     0.06529
2002     24     0.08004
2002     25     0.09143
2002     26     0.09895
2002     27     0.09854
2002     28     0.09338
2002     29     0.08245
2002     30     0.07532
2002     31     0.06104
2002     32     0.05028
2002     33     0.04017
2002     34     0.03364
2002     35     0.02674
2002     36     0.02122
2002     37     0.01601
2002     38     0.01150
2002     39     0.00933
2002     40     0.00616
2002     41     0.00390
2002     42     0.00238
2002     43     0.00121
2002     44     0.00052
2002     45     0.00022
2002     46     0.00013
2002     47     0.00001
2002     48     0.00003
2002     49     0.00000
2002     50     0.00001
2002     51     0.00000
2002     52     0.00000
2002     53     0.00000
2002     54     0.00000
2002     55+    0.00000
2003     12-    0.00000
2003     13     0.00003
2003     14     0.00038
2003     15     0.00108
2003     16     0.00343
2003     17     0.00908
2003     18     0.01628
2003     19     0.02578
2003     20     0.03522
2003     21     0.04197
2003     22     0.05002
2003     23     0.06073
2003     24     0.07379
2003     25     0.08435
2003     26     0.09757
2003     27     0.09951
2003     28     0.09722
2003     29     0.09059
2003     30     0.08055
2003     31     0.06611
2003     32     0.05489
2003     33     0.04301
2003     34     0.03548
2003     35     0.02811
2003     36     0.02196
2003     37     0.01593
2003     38     0.01314
2003     39     0.00955
2003     40     0.00712
2003     41     0.00406
2003     42     0.00235
2003     43     0.00137
2003     44     0.00053
2003     45     0.00034
2003     46     0.00014
2003     47     0.00005
2003     48     0.00004
2003     49     0.00000
2003     50     0.00001
2003     51     0.00000
2003     52     0.00000
2003     53     0.00000
2003     54     0.00000
2003     55+    0.00000
2004     12-    0.00000
2004     13     0.00005
2004     14     0.00018
2004     15     0.00120
2004     16     0.00412
2004     17     0.00900
2004     18     0.01613
2004     19     0.02487
2004     20     0.03417
2004     21     0.04103
2004     22     0.04762
2004     23     0.05605
2004     24     0.06916
2004     25     0.08410
2004     26     0.09582
2004     27     0.10250
2004     28     0.10482
2004     29     0.09800
2004     30     0.08831
2004     31     0.07479
2004     32     0.06020
2004     33     0.04864
2004     34     0.03996
2004     35     0.03178
2004     36     0.02594
2004     37     0.01873
2004     38     0.01438
2004     39     0.01050
2004     40     0.00701
2004     41     0.00437
2004     42     0.00259
2004     43     0.00165
2004     44     0.00073
2004     45     0.00034
2004     46     0.00015
2004     47     0.00004
2004     48     0.00004
2004     49     0.00001
2004     50     0.00000
2004     51     0.00000
2004     52     0.00000
2004     53     0.00000
2004     54     0.00000
2004     55+    0.00000
2005     12-    0.00002
2005     13     0.00003
2005     14     0.00025
2005     15     0.00114
2005     16     0.00409
2005     17     0.00850
2005     18     0.01579
2005     19     0.02369
2005     20     0.03316
2005     21     0.03923
2005     22     0.04662
2005     23     0.05379
2005     24     0.06684
2005     25     0.08194
2005     26     0.09488
2005     27     0.10476
2005     28     0.10973
2005     29     0.10926
2005     30     0.09694
2005     31     0.08269
2005     32     0.06851
2005     33     0.05599
2005     34     0.04552
2005     35     0.03731
2005     36     0.02854
2005     37     0.02124
2005     38     0.01539
2005     39     0.01064
2005     40     0.00751
2005     41     0.00464
2005     42     0.00284
2005     43     0.00172
2005     44     0.00092
2005     45     0.00042
2005     46     0.00016
2005     47     0.00004
2005     48     0.00004
2005     49     0.00003
2005     50     0.00004
2005     51     0.00001
2005     52     0.00000
2005     53     0.00000
2005     54     0.00000
2005     55+    0.00000
2006     12-    0.00002
2006     13     0.00008
2006     14     0.00022
2006     15     0.00098
2006     16     0.00390
2006     17     0.00851
2006     18     0.01598
2006     19     0.02397
2006     20     0.03260
2006     21     0.03912
2006     22     0.04350
2006     23     0.05276
2006     24     0.06290
2006     25     0.08011
2006     26     0.09229
2006     27     0.10358
2006     28     0.11168
2006     29     0.11503
2006     30     0.10584
2006     31     0.09302
2006     32     0.07375
2006     33     0.06319
2006     34     0.05202
2006     35     0.04146
2006     36     0.03226
2006     37     0.02251
2006     38     0.01822
2006     39     0.01272
2006     40     0.00899
2006     41     0.00516
2006     42     0.00296
2006     43     0.00222
2006     44     0.00102
2006     45     0.00045
2006     46     0.00020
2006     47     0.00013
2006     48     0.00008
2006     49     0.00001
2006     50     0.00000
2006     51     0.00001
2006     52     0.00000
2006     53     0.00000
2006     54     0.00000
2006     55+    0.00001
2007     12-    0.00002
2007     13     0.00000
2007     14     0.00029
2007     15     0.00119
2007     16     0.00371
2007     17     0.00818
2007     18     0.01552
2007     19     0.02569
2007     20     0.03238
2007     21     0.03828
2007     22     0.04746
2007     23     0.05450
2007     24     0.06599
2007     25     0.08030
2007     26     0.09529
2007     27     0.11080
2007     28     0.11756
2007     29     0.12151
2007     30     0.11890
2007     31     0.10321
2007     32     0.08934
2007     33     0.07351
2007     34     0.06124
2007     35     0.04907
2007     36     0.03713
2007     37     0.02891
2007     38     0.02064
2007     39     0.01467
2007     40     0.01055
2007     41     0.00591
2007     42     0.00346
2007     43     0.00230
2007     44     0.00127
2007     45     0.00043
2007     46     0.00039
2007     47     0.00005
2007     48     0.00003
2007     49     0.00004
2007     50     0.00001
2007     51     0.00003
2007     52     0.00003
2007     53     0.00000
2007     54     0.00001
2007     55+    0.00000
2008     12-    0.00000
2008     13     0.00008
2008     14     0.00018
2008     15     0.00111
2008     16     0.00402
2008     17     0.00940
2008     18     0.01604
2008     19     0.02539
2008     20     0.03458
2008     21     0.03937
2008     22     0.04602
2008     23     0.05364
2008     24     0.06755
2008     25     0.08115
2008     26     0.09508
2008     27     0.11025
2008     28     0.12095
2008     29     0.12463
2008     30     0.12622
2008     31     0.11335
2008     32     0.09984
2008     33     0.08118
2008     34     0.06616
2008     35     0.05438
2008     36     0.04229
2008     37     0.03232
2008     38     0.02217
2008     39     0.01744
2008     40     0.01198
2008     41     0.00697
2008     42     0.00443
2008     43     0.00249
2008     44     0.00124
2008     45     0.00046
2008     46     0.00022
2008     47     0.00008
2008     48     0.00008
2008     49     0.00003
2008     50     0.00000
2008     51     0.00000
2008     52     0.00000
2008     53     0.00003
2008     54     0.00000
2008     55+    0.00003
2009     12-    0.00002
2009     13     0.00000
2009     14     0.00029
2009     15     0.00142
2009     16     0.00414
2009     17     0.00955
2009     18     0.01695
2009     19     0.02502
2009     20     0.03343
2009     21     0.04244
2009     22     0.04595
2009     23     0.05380
2009     24     0.06194
2009     25     0.07730
2009     26     0.09393
2009     27     0.10535
2009     28     0.11820
2009     29     0.12534
2009     30     0.12444
2009     31     0.11442
2009     32     0.10171
2009     33     0.08398
2009     34     0.06972
2009     35     0.05583
2009     36     0.04383
2009     37     0.03292
2009     38     0.02507
2009     39     0.01765
2009     40     0.01224
2009     41     0.00750
2009     42     0.00463
2009     43     0.00262
2009     44     0.00130
2009     45     0.00055
2009     46     0.00024
2009     47     0.00008
2009     48     0.00013
2009     49     0.00008
2009     50     0.00006
2009     51     0.00000
2009     52     0.00000
2009     53     0.00000
2009     54     0.00000
2009     55+    0.00000
2010     12-    0.00000
2010     13     0.00007
2010     14     0.00026
2010     15     0.00151
2010     16     0.00444
2010     17     0.00795
2010     18     0.01544
2010     19     0.02465
2010     20     0.03311
2010     21     0.03998
2010     22     0.04546
2010     23     0.05200
2010     24     0.06182
2010     25     0.07345
2010     26     0.08841
2010     27     0.10274
2010     28     0.11837
2010     29     0.12419
2010     30     0.12495
2010     31     0.11651
2010     32     0.10378
2010     33     0.08846
2010     34     0.07157
2010     35     0.06090
2010     36     0.04596
2010     37     0.03560
2010     38     0.02527
2010     39     0.01850
2010     40     0.01301
2010     41     0.00774
2010     42     0.00470
2010     43     0.00252
2010     44     0.00129
2010     45     0.00063
2010     46     0.00026
2010     47     0.00013
2010     48     0.00014
2010     49     0.00003
2010     50     0.00003
2010     51     0.00000
2010     52     0.00001
2010     53     0.00000
2010     54     0.00000
2010     55+    0.00001
2011     12-    0.00002
2011     13     0.00005
2011     14     0.00036
2011     15     0.00147
2011     16     0.00458
2011     17     0.00905
2011     18     0.01365
2011     19     0.02351
2011     20     0.02983
2011     21     0.03510
2011     22     0.04086
2011     23     0.04746
2011     24     0.05753
2011     25     0.06609
2011     26     0.08133
2011     27     0.09574
2011     28     0.10822
2011     29     0.11494
2011     30     0.11784
2011     31     0.11039
2011     32     0.10028
2011     33     0.08613
2011     34     0.07041
2011     35     0.05795
2011     36     0.04612
2011     37     0.03384
2011     38     0.02487
2011     39     0.01852
2011     40     0.01317
2011     41     0.00756
2011     42     0.00474
2011     43     0.00276
2011     44     0.00155
2011     45     0.00065
2011     46     0.00028
2011     47     0.00022
2011     48     0.00007
2011     49     0.00009
2011     50     0.00005
2011     51     0.00002
2011     52     0.00003
2011     53     0.00001
2011     54     0.00000
2011     55+    0.00001
2012     12-    0.00000
2012     13     0.00007
2012     14     0.00020
2012     15     0.00119
2012     16     0.00492
2012     17     0.00982
2012     18     0.01677
2012     19     0.02225
2012     20     0.02908
2012     21     0.03562
2012     22     0.04160
2012     23     0.04827
2012     24     0.05695
2012     25     0.06816
2012     26     0.07979
2012     27     0.09428
2012     28     0.10905
2012     29     0.11487
2012     30     0.11961
2012     31     0.11459
2012     32     0.10048
2012     33     0.08810
2012     34     0.07514
2012     35     0.06072
2012     36     0.04770
2012     37     0.03603
2012     38     0.02667
2012     39     0.01935
2012     40     0.01339
2012     41     0.00881
2012     42     0.00513
2012     43     0.00298
2012     44     0.00142
2012     45     0.00061
2012     46     0.00053
2012     47     0.00018
2012     48     0.00010
2012     49     0.00003
2012     50     0.00005
2012     51     0.00005
2012     52     0.00003
2012     53     0.00000
2012     54     0.00000
2012     55+    0.00003
2013     12-    0.00000
2013     13     0.00000
2013     14     0.00020
2013     15     0.00124
2013     16     0.00457
2013     17     0.00917
2013     18     0.01619
2013     19     0.02339
2013     20     0.02900
2013     21     0.03601
2013     22     0.04075
2013     23     0.04769
2013     24     0.05484
2013     25     0.06693
2013     26     0.08084
2013     27     0.09432
2013     28     0.10407
2013     29     0.11624
2013     30     0.11749
2013     31     0.11459
2013     32     0.10387
2013     33     0.08890
2013     34     0.07441
2013     35     0.06380
2013     36     0.04889
2013     37     0.03832
2013     38     0.02875
2013     39     0.02115
2013     40     0.01451
2013     41     0.00913
2013     42     0.00555
2013     43     0.00300
2013     44     0.00183
2013     45     0.00091
2013     46     0.00034
2013     47     0.00022
2013     48     0.00010
2013     49     0.00008
2013     50     0.00002
2013     51     0.00002
2013     52     0.00000
2013     53     0.00000
2013     54     0.00000
2013     55+    0.00000
2014     12-    0.00002
2014     13     0.00000
2014     14     0.00011
2014     15     0.00140
2014     16     0.00518
2014     17     0.00916
2014     18     0.01665
2014     19     0.02518
2014     20     0.03165
2014     21     0.03600
2014     22     0.04147
2014     23     0.04826
2014     24     0.05586
2014     25     0.06867
2014     26     0.08128
2014     27     0.09855
2014     28     0.10989
2014     29     0.12217
2014     30     0.12562
2014     31     0.11835
2014     32     0.10951
2014     33     0.09590
2014     34     0.08090
2014     35     0.06859
2014     36     0.05561
2014     37     0.04108
2014     38     0.03085
2014     39     0.02287
2014     40     0.01519
2014     41     0.00915
2014     42     0.00540
2014     43     0.00327
2014     44     0.00173
2014     45     0.00111
2014     46     0.00047
2014     47     0.00021
2014     48     0.00018
2014     49     0.00006
2014     50     0.00005
2014     51     0.00000
2014     52     0.00000
2014     53     0.00000
2014     54     0.00000
2014     55+    0.00000
2015     12-    0.00000
2015     13     0.00000
2015     14     0.00029
2015     15     0.00148
2015     16     0.00397
2015     17     0.01000
2015     18     0.01662
2015     19     0.02498
2015     20     0.03150
2015     21     0.04022
2015     22     0.04115
2015     23     0.05018
2015     24     0.06051
2015     25     0.07204
2015     26     0.08531
2015     27     0.09882
2015     28     0.11258
2015     29     0.12166
2015     30     0.12595
2015     31     0.12091
2015     32     0.10957
2015     33     0.09800
2015     34     0.08591
2015     35     0.07178
2015     36     0.05739
2015     37     0.04510
2015     38     0.03342
2015     39     0.02413
2015     40     0.01782
2015     41     0.01053
2015     42     0.00599
2015     43     0.00346
2015     44     0.00198
2015     45     0.00098
2015     46     0.00052
2015     47     0.00021
2015     48     0.00017
2015     49     0.00015
2015     50     0.00008
2015     51     0.00003
2015     52     0.00005
2015     53     0.00003
2015     54     0.00000
2015     55+    0.00000
2016     12-    0.00000
2016     13     0.00004
2016     14     0.00026
2016     15     0.00104
2016     16     0.00498
2016     17     0.00930
2016     18     0.01655
2016     19     0.02618
2016     20     0.03479
2016     21     0.04049
2016     22     0.04762
2016     23     0.05512
2016     24     0.06470
2016     25     0.07594
2016     26     0.08615
2016     27     0.10263
2016     28     0.11352
2016     29     0.12453
2016     30     0.12625
2016     31     0.12555
2016     32     0.11450
2016     33     0.10248
2016     34     0.08803
2016     35     0.07523
2016     36     0.05923
2016     37     0.04795
2016     38     0.03625
2016     39     0.02794
2016     40     0.01822
2016     41     0.01099
2016     42     0.00649
2016     43     0.00384
2016     44     0.00231
2016     45     0.00099
2016     46     0.00071
2016     47     0.00024
2016     48     0.00024
2016     49     0.00008
2016     50     0.00007
2016     51     0.00001
2016     52     0.00001
2016     53     0.00002
2016     54     0.00002
2016     55+    0.00000
2017     12-    0.00000
2017     13     0.00000
2017     14     0.00019
2017     15     0.00150
2017     16     0.00435
2017     17     0.00932
2017     18     0.01710
2017     19     0.02629
2017     20     0.03399
2017     21     0.04152
2017     22     0.04944
2017     23     0.05656
2017     24     0.06670
2017     25     0.07850
2017     26     0.09379
2017     27     0.10636
2017     28     0.11841
2017     29     0.12941
2017     30     0.13133
2017     31     0.12634
2017     32     0.12008
2017     33     0.10413
2017     34     0.09131
2017     35     0.07847
2017     36     0.06253
2017     37     0.04959
2017     38     0.03914
2017     39     0.03022
2017     40     0.01900
2017     41     0.01242
2017     42     0.00759
2017     43     0.00396
2017     44     0.00227
2017     45     0.00127
2017     46     0.00050
2017     47     0.00029
2017     48     0.00021
2017     49     0.00020
2017     50     0.00011
2017     51     0.00000
2017     52     0.00000
2017     53     0.00000
2017     54     0.00000
2017     55+    0.00000
2018     12-    0.00000
2018     13     0.00002
2018     14     0.00028
2018     15     0.00127
2018     16     0.00438
2018     17     0.00776
2018     18     0.01541
2018     19     0.02472
2018     20     0.03211
2018     21     0.04150
2018     22     0.05055
2018     23     0.05746
2018     24     0.07027
2018     25     0.08164
2018     26     0.09425
2018     27     0.10912
2018     28     0.12064
2018     29     0.12902
2018     30     0.13299
2018     31     0.12645
2018     32     0.12200
2018     33     0.10751
2018     34     0.09180
2018     35     0.07957
2018     36     0.06724
2018     37     0.05239
2018     38     0.03927
2018     39     0.03148
2018     40     0.02142
2018     41     0.01309
2018     42     0.00790
2018     43     0.00493
2018     44     0.00257
2018     45     0.00152
2018     46     0.00090
2018     47     0.00034
2018     48     0.00020
2018     49     0.00021
2018     50     0.00006
2018     51     0.00002
2018     52     0.00000
2018     53     0.00000
2018     54     0.00003
2018     55+    0.00005
2019     12-    0.00000
2019     13     0.00006
2019     14     0.00039
2019     15     0.00129
2019     16     0.00369
2019     17     0.00767
2019     18     0.01409
2019     19     0.02267
2019     20     0.03283
2019     21     0.03973
2019     22     0.04895
2019     23     0.05692
2019     24     0.06941
2019     25     0.08408
2019     26     0.09836
2019     27     0.11282
2019     28     0.12141
2019     29     0.13093
2019     30     0.13125
2019     31     0.12636
2019     32     0.11716
2019     33     0.10897
2019     34     0.09522
2019     35     0.08092
2019     36     0.06756
2019     37     0.05230
2019     38     0.04076
2019     39     0.03285
2019     40     0.02177
2019     41     0.01370
2019     42     0.00869
2019     43     0.00449
2019     44     0.00256
2019     45     0.00171
2019     46     0.00089
2019     47     0.00036
2019     48     0.00038
2019     49     0.00019
2019     50     0.00007
2019     51     0.00006
2019     52     0.00002
2019     53     0.00000
2019     54     0.00000
2019     55+    0.00001
2020     12-    0.00000
2020     13     0.00000
2020     14     0.00037
2020     15     0.00130
2020     16     0.00342
2020     17     0.00766
2020     18     0.01294
2020     19     0.02122
2020     20     0.02829
2020     21     0.03985
2020     22     0.04911
2020     23     0.05868
2020     24     0.07285
2020     25     0.08519
2020     26     0.09823
2020     27     0.11454
2020     28     0.12253
2020     29     0.12976
2020     30     0.12966
2020     31     0.12997
2020     32     0.11796
2020     33     0.10624
2020     34     0.09466
2020     35     0.08241
2020     36     0.06775
2020     37     0.05390
2020     38     0.04152
2020     39     0.03326
2020     40     0.02116
2020     41     0.01428
2020     42     0.00932
2020     43     0.00562
2020     44     0.00314
2020     45     0.00152
2020     46     0.00090
2020     47     0.00050
2020     48     0.00031
2020     49     0.00021
2020     50     0.00003
2020     51     0.00001
2020     52     0.00002
2020     53     0.00000
2020     54     0.00000
2020     55+    0.00000
2021     12-    0.00002
2021     13     0.00002
2021     14     0.00028
2021     15     0.00104
2021     16     0.00298
2021     17     0.00674
2021     18     0.01175
2021     19     0.01827
2021     20     0.02565
2021     21     0.03684
2021     22     0.04524
2021     23     0.05762
2021     24     0.07119
2021     25     0.08967
2021     26     0.10189
2021     27     0.11939
2021     28     0.13040
2021     29     0.13651
2021     30     0.13909
2021     31     0.13461
2021     32     0.12458
2021     33     0.11143
2021     34     0.09942
2021     35     0.08620
2021     36     0.07062
2021     37     0.05710
2021     38     0.04428
2021     39     0.03542
2021     40     0.02259
2021     41     0.01549
2021     42     0.00965
2021     43     0.00581
2021     44     0.00337
2021     45     0.00181
2021     46     0.00093
2021     47     0.00052
2021     48     0.00034
2021     49     0.00032
2021     50     0.00005
2021     51     0.00004
2021     52     0.00003
2021     53     0.00000
2021     54     0.00000
2021     55+    0.00003
