Czechia, Live births by calendar year and age (Lexis squares, age in completed years (ACY))
Last modified: 02/02/2023
Year    Age        Total
1950     12-        0.05
1950     13         2.19
1950     14        30.78
1950     15       131.03
1950     16       674.19
1950     17      2071.59
1950     18      4505.29
1950     19      7943.28
1950     20     10632.05
1950     21     12631.62
1950     22     13637.91
1950     23     14044.03
1950     24     14471.15
1950     25     14035.03
1950     26     13403.84
1950     27     12167.49
1950     28     11130.19
1950     29      9290.66
1950     30      7908.27
1950     31      4353.25
1950     32      3126.89
1950     33      3048.87
1950     34      3331.96
1950     35      4473.28
1950     36      4371.25
1950     37      3852.10
1950     38      3392.98
1950     39      2823.81
1950     40      2234.64
1950     41      1704.49
1950     42      1185.34
1950     43       805.23
1950     44       448.13
1950     45       253.70
1950     46       128.11
1950     47        55.79
1950     48        22.63
1950     49         8.90
1950     50         4.59
1950     51         2.49
1950     52         1.22
1950     53         0.54
1950     54         0.16
1950     55+        0.00
1951     12-        0.04
1951     13         1.49
1951     14        23.49
1951     15       126.08
1951     16       595.40
1951     17      2108.41
1951     18      4516.02
1951     19      7768.20
1951     20     11128.43
1951     21     12944.65
1951     22     13616.09
1951     23     14016.37
1951     24     13750.19
1951     25     13462.00
1951     26     12606.43
1951     27     11979.00
1951     28     10877.27
1951     29      9770.53
1951     30      8207.49
1951     31      6800.54
1951     32      3762.51
1951     33      2596.73
1951     34      2535.69
1951     35      2730.82
1951     36      3636.43
1951     37      3718.48
1951     38      3276.19
1951     39      2585.73
1951     40      2073.39
1951     41      1612.08
1951     42      1162.78
1951     43       718.48
1951     44       421.28
1951     45       243.39
1951     46       117.33
1951     47        48.48
1951     48        18.35
1951     49         6.75
1951     50         3.47
1951     51         1.94
1951     52         1.00
1951     53         0.46
1951     54         0.14
1951     55+        0.00
1952     12-        0.04
1952     13         1.73
1952     14        23.25
1952     15       100.05
1952     16       547.31
1952     17      1966.10
1952     18      4294.40
1952     19      7319.09
1952     20     10438.84
1952     21     12597.05
1952     22     13555.59
1952     23     13778.72
1952     24     13252.43
1952     25     12852.21
1952     26     12312.91
1952     27     11073.21
1952     28     10461.87
1952     29      9596.38
1952     30      8661.85
1952     31      6940.90
1952     32      5839.27
1952     33      3152.77
1952     34      2229.25
1952     35      2270.27
1952     36      2366.32
1952     37      3187.78
1952     38      2856.60
1952     39      2511.41
1952     40      1958.10
1952     41      1516.85
1952     42      1031.58
1952     43       645.36
1952     44       405.23
1952     45       237.76
1952     46       105.32
1952     47        36.10
1952     48        11.52
1952     49         3.52
1952     50         1.84
1952     51         1.11
1952     52         0.63
1952     53         0.32
1952     54         0.10
1952     55+        0.00
1953     12-        0.04
1953     13         1.29
1953     14        19.68
1953     15       109.03
1953     16       438.12
1953     17      1575.43
1953     18      3934.07
1953     19      6835.86
1953     20      9646.63
1953     21     11872.23
1953     22     13521.68
1953     23     13326.63
1953     24     13089.57
1953     25     12103.30
1953     26     11248.07
1953     27     10389.83
1953     28      9703.64
1953     29      9122.48
1953     30      8100.21
1953     31      7362.00
1953     32      6059.65
1953     33      5218.42
1953     34      2736.74
1953     35      1902.52
1953     36      1880.51
1953     37      1927.52
1953     38      2388.65
1953     39      2284.62
1953     40      1887.52
1953     41      1393.38
1953     42       994.27
1953     43       689.18
1953     44       423.12
1953     45       195.04
1953     46        92.15
1953     47        40.12
1953     48        17.18
1953     49         7.62
1953     50         4.48
1953     51         2.54
1953     52         1.27
1953     53         0.57
1953     54         0.16
1953     55+        0.00
1954     12-        0.05
1954     13         2.14
1954     14        27.82
1954     15       103.02
1954     16       415.08
1954     17      1453.29
1954     18      3543.69
1954     19      6602.28
1954     20      9449.84
1954     21     11554.26
1954     22     12948.53
1954     23     13331.60
1954     24     13049.54
1954     25     11952.34
1954     26     11012.16
1954     27     10045.97
1954     28      9396.84
1954     29      8547.68
1954     30      7875.54
1954     31      6978.37
1954     32      6445.27
1954     33      5121.00
1954     34      4372.86
1954     35      2371.47
1954     36      1585.31
1954     37      1553.30
1954     38      1534.30
1954     39      1900.38
1954     40      1688.33
1954     41      1373.27
1954     42       892.17
1954     43       626.12
1954     44       335.07
1954     45       170.40
1954     46        80.94
1954     47        34.97
1954     48        14.10
1954     49         5.66
1954     50         3.36
1954     51         1.96
1954     52         1.04
1954     53         0.49
1954     54         0.15
1954     55+        0.00
1955     12-        0.04
1955     13         1.49
1955     14        23.47
1955     15       130.01
1955     16       532.04
1955     17      1551.12
1955     18      3530.26
1955     19      6309.46
1955     20      9207.66
1955     21     11379.82
1955     22     12603.91
1955     23     12807.93
1955     24     12872.93
1955     25     12039.87
1955     26     10948.80
1955     27      9760.71
1955     28      9261.67
1955     29      8386.61
1955     30      7428.54
1955     31      7115.51
1955     32      5986.44
1955     33      5504.40
1955     34      4422.32
1955     35      3675.26
1955     36      1935.14
1955     37      1275.09
1955     38      1241.09
1955     39      1181.09
1955     40      1456.11
1955     41      1159.08
1955     42       888.06
1955     43       576.04
1955     44       341.02
1955     45       178.64
1955     46        88.45
1955     47        39.85
1955     48        17.57
1955     49         7.53
1955     50         4.40
1955     51         2.54
1955     52         1.30
1955     53         0.59
1955     54         0.17
1955     55+        0.00
1956     12-        0.05
1956     13         2.01
1956     14        28.94
1956     15       139.01
1956     16       733.06
1956     17      1774.14
1956     18      3834.31
1956     19      6665.52
1956     20      9032.71
1956     21     11175.88
1956     22     12226.96
1956     23     12467.99
1956     24     12451.00
1956     25     11917.95
1956     26     10757.86
1956     27      9530.76
1956     28      8744.70
1956     29      7996.64
1956     30      7137.57
1956     31      6331.51
1956     32      5722.46
1956     33      5224.42
1956     34      4531.37
1956     35      3791.30
1956     36      3021.25
1956     37      1602.12
1956     38      1002.08
1956     39       893.07
1956     40       917.07
1956     41       998.08
1956     42       763.06
1956     43       480.04
1956     44       325.02
1956     45       174.70
1956     46        75.72
1956     47        25.49
1956     48         7.80
1956     49         2.31
1956     50         1.30
1956     51         0.82
1956     52         0.51
1956     53         0.28
1956     54         0.09
1956     55+        0.00
1957     12-        0.04
1957     13         1.79
1957     14        26.17
1957     15       128.00
1957     16       740.03
1957     17      2285.10
1957     18      4145.18
1957     19      6890.31
1957     20      8999.41
1957     21     10774.49
1957     22     11864.54
1957     23     11932.54
1957     24     11548.52
1957     25     10965.50
1957     26     10263.46
1957     27      9210.42
1957     28      8009.36
1957     29      7317.33
1957     30      6500.29
1957     31      6066.27
1957     32      5231.23
1957     33      4769.21
1957     34      4178.19
1957     35      3650.17
1957     36      2886.13
1957     37      2381.11
1957     38      1203.06
1957     39       735.04
1957     40       649.03
1957     41       577.02
1957     42       616.03
1957     43       393.02
1957     44       233.01
1957     45       163.18
1957     46        69.73
1957     47        19.46
1957     48         4.60
1957     49         1.04
1957     50         0.00
1957     51         0.00
1957     52         0.00
1957     53         0.00
1957     54         0.00
1957     55+        0.00
1958     12-        0.04
1958     13         1.43
1958     14        20.53
1958     15        97.00
1958     16       564.02
1958     17      2112.05
1958     18      4417.13
1958     19      7005.20
1958     20      9000.26
1958     21     10229.29
1958     22     11061.32
1958     23     11042.31
1958     24     10783.31
1958     25     10005.28
1958     26      9368.26
1958     27      8638.24
1958     28      7495.22
1958     29      6321.18
1958     30      5635.16
1958     31      4989.14
1958     32      4331.13
1958     33      3840.11
1958     34      3387.10
1958     35      3082.08
1958     36      2490.07
1958     37      1972.06
1958     38      1497.05
1958     39       720.02
1958     40       412.01
1958     41       339.01
1958     42       274.01
1958     43       298.01
1958     44       180.00
1958     45        78.32
1958     46        37.49
1958     47        18.10
1958     48         8.81
1958     49         4.29
1958     50         2.79
1958     51         1.71
1958     52         0.92
1958     53         0.43
1958     54         0.13
1958     55+        0.00
1959     12-        0.03
1959     13         0.82
1959     14        13.14
1959     15        95.00
1959     16       525.01
1959     17      1941.01
1959     18      4581.04
1959     19      7919.06
1959     20      9419.07
1959     21     10497.08
1959     22     10505.09
1959     23     10242.08
1959     24      9760.07
1959     25      8965.07
1959     26      8258.07
1959     27      7400.06
1959     28      6557.05
1959     29      5536.04
1959     30      4666.04
1959     31      4010.03
1959     32      3518.02
1959     33      3061.03
1959     34      2638.02
1959     35      2330.02
1959     36      1878.02
1959     37      1551.01
1959     38      1126.01
1959     39       862.00
1959     40       386.00
1959     41       226.00
1959     42       172.00
1959     43       123.00
1959     44       117.00
1959     45        64.42
1959     46        25.80
1959     47         8.40
1959     48         2.61
1959     49         0.78
1959     50         0.44
1959     51         0.28
1959     52         0.17
1959     53         0.09
1959     54         0.03
1959     55+        0.00
1960     12-        0.04
1960     13         1.29
1960     14        16.68
1960     15        80.01
1960     16       592.01
1960     17      1889.05
1960     18      4746.11
1960     19      8388.20
1960     20     10746.24
1960     21     10596.24
1960     22     10739.25
1960     23     10103.24
1960     24      9525.22
1960     25      8700.21
1960     26      7880.18
1960     27      7105.16
1960     28      6295.15
1960     29      5606.13
1960     30      4622.10
1960     31      3935.09
1960     32      3288.07
1960     33      2860.07
1960     34      2529.06
1960     35      2139.05
1960     36      1821.04
1960     37      1478.03
1960     38      1207.03
1960     39       778.02
1960     40       587.02
1960     41       262.01
1960     42       122.00
1960     43        92.00
1960     44        54.00
1960     45        47.49
1960     46        27.78
1960     47        11.23
1960     48         4.09
1960     49         1.41
1960     50         0.86
1960     51         0.56
1960     52         0.35
1960     53         0.19
1960     54         0.05
1960     55+        0.00
1961     12-        0.03
1961     13         1.24
1961     14        18.73
1961     15        99.01
1961     16       538.04
1961     17      2084.14
1961     18      4948.34
1961     19      8497.58
1961     20     11359.77
1961     21     12121.83
1961     22     11242.77
1961     23     10612.73
1961     24      9395.65
1961     25      8575.59
1961     26      7678.53
1961     27      6784.47
1961     28      5979.41
1961     29      5345.37
1961     30      4825.33
1961     31      3906.26
1961     32      3347.23
1961     33      2839.19
1961     34      2327.16
1961     35      2017.14
1961     36      1680.12
1961     37      1380.10
1961     38      1101.08
1961     39       906.07
1961     40       646.05
1961     41       392.03
1961     42       167.01
1961     43        78.00
1961     44        58.00
1961     45        22.52
1961     46        14.37
1961     47         9.37
1961     48         6.17
1961     49         4.57
1961     50         3.58
1961     51         2.40
1961     52         1.28
1961     53         0.58
1961     54         0.17
1961     55+        0.00
1962     12-        0.03
1962     13         1.09
1962     14        16.88
1962     15        98.00
1962     16       554.02
1962     17      1975.10
1962     18      5480.29
1962     19      9449.48
1962     20     11738.61
1962     21     12968.68
1962     22     12609.66
1962     23     10757.56
1962     24      9858.52
1962     25      8568.45
1962     26      7577.40
1962     27      6755.35
1962     28      5794.30
1962     29      5145.27
1962     30      4451.23
1962     31      3744.20
1962     32      3289.17
1962     33      2647.14
1962     34      2148.11
1962     35      1935.10
1962     36      1557.08
1962     37      1212.07
1962     38      1011.05
1962     39       831.04
1962     40       581.03
1962     41       368.02
1962     42       253.01
1962     43        81.00
1962     44        44.01
1962     45        25.77
1962     46        14.12
1962     47         7.90
1962     48         3.73
1962     49         1.48
1962     50         0.82
1962     51         0.56
1962     52         0.35
1962     53         0.19
1962     54         0.07
1962     55+        0.00
1963     12-        0.05
1963     13         2.33
1963     14        25.61
1963     15        81.01
1963     16       585.07
1963     17      2333.27
1963     18      5799.66
1963     19     10927.24
1963     20     13449.53
1963     21     14045.59
1963     22     13860.58
1963     23     12808.47
1963     24     10626.21
1963     25      9567.09
1963     26      8260.94
1963     27      7186.82
1963     28      6444.73
1963     29      5584.64
1963     30      4947.57
1963     31      4327.50
1963     32      3678.42
1963     33      3102.36
1963     34      2537.29
1963     35      2015.23
1963     36      1754.20
1963     37      1480.17
1963     38      1072.12
1963     39       818.09
1963     40       584.07
1963     41       392.04
1963     42       278.04
1963     43       169.02
1963     44        45.00
1963     45        20.89
1963     46        11.09
1963     47         6.79
1963     48         4.57
1963     49         2.67
1963     50         1.68
1963     51         1.13
1963     52         0.69
1963     53         0.38
1963     54         0.12
1963     55+        0.00
1964     12-        0.04
1964     13         1.64
1964     14        20.32
1964     15        84.00
1964     16       646.03
1964     17      2374.09
1964     18      6116.24
1964     19     10892.41
1964     20     14801.57
1964     21     15025.58
1964     22     13970.55
1964     23     13008.50
1964     24     11565.45
1964     25      9732.38
1964     26      8376.33
1964     27      7412.29
1964     28      6429.25
1964     29      5628.22
1964     30      4914.19
1964     31      4307.17
1964     32      3846.15
1964     33      3275.12
1964     34      2791.11
1964     35      2232.09
1964     36      1782.07
1964     37      1468.05
1964     38      1076.04
1964     39       852.04
1964     40       665.03
1964     41       476.01
1964     42       311.01
1964     43       186.00
1964     44       109.00
1964     45        26.18
1964     46         9.07
1964     47         3.84
1964     48         1.90
1964     49         1.02
1964     50         0.82
1964     51         0.56
1964     52         0.35
1964     53         0.19
1964     54         0.07
1964     55+        0.00
1965     12-        0.03
1965     13         1.14
1965     14        17.83
1965     15       108.01
1965     16       609.04
1965     17      2343.13
1965     18      6429.35
1965     19     10921.59
1965     20     13583.73
1965     21     15415.84
1965     22     13942.76
1965     23     12362.67
1965     24     11147.61
1965     25      9463.51
1965     26      7747.42
1965     27      6886.38
1965     28      5856.32
1965     29      5031.27
1965     30      4415.24
1965     31      3885.21
1965     32      3373.18
1965     33      2884.16
1965     34      2466.14
1965     35      2088.11
1965     36      1631.08
1965     37      1250.07
1965     38      1048.05
1965     39       810.04
1965     40       618.03
1965     41       465.03
1965     42       301.02
1965     43       164.01
1965     44        98.01
1965     45        46.78
1965     46        14.72
1965     47         5.27
1965     48         2.20
1965     49         1.03
1965     50         1.16
1965     51         0.89
1965     52         0.55
1965     53         0.30
1965     54         0.10
1965     55+        0.00
1966     12-        0.04
1966     13         1.34
1966     14        19.62
1966     15       100.00
1966     16       599.05
1966     17      2128.18
1966     18      6169.53
1966     19     11584.97
1966     20     14401.22
1966     21     14330.21
1966     22     14478.23
1966     23     12179.04
1966     24     10598.90
1966     25      9130.77
1966     26      7931.67
1966     27      6261.53
1966     28      5220.44
1966     29      4438.38
1966     30      3752.32
1966     31      3217.27
1966     32      2816.24
1966     33      2375.20
1966     34      2066.17
1966     35      1849.16
1966     36      1425.12
1966     37      1117.09
1966     38       937.08
1966     39       659.06
1966     40       491.04
1966     41       363.03
1966     42       235.02
1966     43       133.01
1966     44        79.01
1966     45        45.86
1966     46        21.58
1966     47         4.29
1966     48         1.00
1966     49         0.28
1966     50         0.00
1966     51         0.00
1966     52         0.00
1966     53         0.00
1966     54         0.00
1966     55+        0.00
1967     12-        0.04
1967     13         1.49
1967     14        20.48
1967     15        92.01
1967     16       553.02
1967     17      2175.08
1967     18      5760.21
1967     19     11758.43
1967     20     15432.56
1967     21     15180.55
1967     22     13550.49
1967     23     12962.47
1967     24     10787.39
1967     25      8790.32
1967     26      7504.27
1967     27      6144.22
1967     28      5005.18
1967     29      4203.15
1967     30      3304.12
1967     31      2873.11
1967     32      2350.09
1967     33      2081.07
1967     34      1748.06
1967     35      1462.05
1967     36      1192.04
1967     37      1016.03
1967     38       757.03
1967     39       548.02
1967     40       438.01
1967     41       282.01
1967     42       219.01
1967     43       109.01
1967     44        84.01
1967     45        38.25
1967     46        16.48
1967     47         5.77
1967     48         1.19
1967     49         0.32
1967     50         0.32
1967     51         0.26
1967     52         0.22
1967     53         0.14
1967     54         0.05
1967     55+        0.00
1968     12-        0.05
1968     13         2.16
1968     14        27.80
1968     15       101.01
1968     16       516.04
1968     17      2188.15
1968     18      5689.42
1968     19     10508.76
1968     20     15045.10
1968     21     16417.20
1968     22     14363.04
1968     23     12113.88
1968     24     11482.84
1968     25      9237.67
1968     26      7551.55
1968     27      6130.44
1968     28      5190.38
1968     29      4012.29
1968     30      3200.23
1968     31      2527.18
1968     32      2203.16
1968     33      1830.13
1968     34      1473.11
1968     35      1340.10
1968     36      1059.08
1968     37       967.07
1968     38       714.05
1968     39       476.04
1968     40       394.03
1968     41       277.02
1968     42       167.01
1968     43       116.00
1968     44        60.00
1968     45        27.71
1968     46        14.75
1968     47         6.73
1968     48         2.99
1968     49         0.83
1968     50         0.72
1968     51         0.51
1968     52         0.39
1968     53         0.28
1968     54         0.11
1968     55+        0.00
1969     12-        0.03
1969     13         1.15
1969     14        16.82
1969     15        87.00
1969     16       559.01
1969     17      2310.06
1969     18      6015.17
1969     19     10791.30
1969     20     14442.40
1969     21     16666.47
1969     22     16313.45
1969     23     13548.38
1969     24     11091.31
1969     25     10305.29
1969     26      7989.23
1969     27      6519.18
1969     28      5395.15
1969     29      4227.12
1969     30      3286.09
1969     31      2719.07
1969     32      2170.06
1969     33      1785.05
1969     34      1497.04
1969     35      1259.03
1969     36      1036.03
1969     37       835.02
1969     38       705.02
1969     39       550.02
1969     40       373.01
1969     41       267.01
1969     42       179.01
1969     43       100.00
1969     44        65.01
1969     45        29.78
1969     46        15.20
1969     47         7.72
1969     48         3.60
1969     49         1.69
1969     50         0.90
1969     51         0.50
1969     52         0.31
1969     53         0.20
1969     54         0.09
1969     55+        0.00
1970     12-        0.04
1970     13         1.60
1970     14        23.38
1970     15       110.01
1970     16       661.03
1970     17      2207.11
1970     18      5792.28
1970     19     11173.54
1970     20     14512.70
1970     21     15597.75
1970     22     16430.79
1970     23     15505.73
1970     24     12352.59
1970     25     10167.48
1970     26      9292.44
1970     27      7153.34
1970     28      5618.27
1970     29      4547.22
1970     30      3761.18
1970     31      2669.13
1970     32      2134.10
1970     33      1824.08
1970     34      1332.07
1970     35      1154.05
1970     36       953.05
1970     37       727.04
1970     38       653.03
1970     39       524.03
1970     40       388.01
1970     41       254.02
1970     42       142.01
1970     43       103.00
1970     44        58.00
1970     45        19.76
1970     46         9.80
1970     47         5.07
1970     48         2.82
1970     49         1.53
1970     50         1.12
1970     51         0.46
1970     52         0.24
1970     53         0.13
1970     54         0.06
1970     55+        0.00
1971     12-        0.04
1971     13         1.73
1971     14        25.24
1971     15       118.01
1971     16       664.06
1971     17      2209.19
1971     18      5736.48
1971     19     10689.90
1971     20     14406.21
1971     21     15601.32
1971     22     15512.31
1971     23     15687.32
1971     24     14390.21
1971     25     11520.97
1971     26      9387.79
1971     27      8230.70
1971     28      6610.55
1971     29      5205.43
1971     30      4167.35
1971     31      3191.27
1971     32      2454.20
1971     33      1921.17
1971     34      1471.12
1971     35      1206.10
1971     36       999.09
1971     37       768.06
1971     38       598.05
1971     39       442.04
1971     40       381.03
1971     41       246.02
1971     42       159.01
1971     43        81.01
1971     44        49.00
1971     45        27.67
1971     46        12.86
1971     47         5.06
1971     48         1.80
1971     49         0.61
1971     50         0.00
1971     51         0.00
1971     52         0.00
1971     53         0.00
1971     54         0.00
1971     55+        0.00
1972     12-        0.03
1972     13         0.91
1972     14        16.06
1972     15       104.00
1972     16       614.02
1972     17      2252.07
1972     18      5719.17
1972     19     10411.32
1972     20     14735.45
1972     21     16743.51
1972     22     16434.50
1972     23     15456.48
1972     24     15438.47
1972     25     13774.42
1972     26     10786.33
1972     27      8533.26
1972     28      7348.23
1972     29      5817.17
1972     30      4418.14
1972     31      3636.12
1972     32      2790.09
1972     33      2137.07
1972     34      1644.05
1972     35      1218.04
1972     36       943.02
1972     37       749.02
1972     38       601.02
1972     39       443.02
1972     40       341.01
1972     41       225.01
1972     42       150.00
1972     43        74.00
1972     44        51.00
1972     45        31.60
1972     46        15.03
1972     47         5.70
1972     48         2.01
1972     49         0.65
1972     50         0.00
1972     51         0.00
1972     52         0.00
1972     53         0.00
1972     54         0.00
1972     55+        0.00
1973     12-        0.03
1973     13         0.94
1973     14        14.03
1973     15        86.00
1973     16       615.01
1973     17      2275.02
1973     18      5833.07
1973     19     10628.12
1973     20     14988.17
1973     21     17399.19
1973     22     18523.22
1973     23     17208.19
1973     24     16187.18
1973     25     15604.17
1973     26     13777.16
1973     27     10281.12
1973     28      8213.09
1973     29      7307.08
1973     30      5633.06
1973     31      4229.05
1973     32      3210.03
1973     33      2518.03
1973     34      1886.02
1973     35      1462.01
1973     36      1021.01
1973     37       819.01
1973     38       616.00
1973     39       467.00
1973     40       341.00
1973     41       255.01
1973     42       149.00
1973     43       114.00
1973     44        49.00
1973     45        23.00
1973     46        10.49
1973     47         4.24
1973     48         1.65
1973     49         0.63
1973     50         0.00
1973     51         0.00
1973     52         0.00
1973     53         0.00
1973     54         0.00
1973     55+        0.00
1974     12-        0.03
1974     13         1.12
1974     14        14.86
1974     15        70.00
1974     16       552.00
1974     17      2351.01
1974     18      6159.03
1974     19     11771.06
1974     20     15797.08
1974     21     18192.09
1974     22     19257.10
1974     23     18632.10
1974     24     16821.09
1974     25     15126.08
1974     26     14348.08
1974     27     12707.07
1974     28      9452.05
1974     29      7354.04
1974     30      6336.03
1974     31      4861.03
1974     32      3758.02
1974     33      2877.02
1974     34      2241.02
1974     35      1525.00
1974     36      1219.00
1974     37       868.00
1974     38       622.01
1974     39       450.00
1974     40       333.00
1974     41       216.00
1974     42       131.00
1974     43        85.00
1974     44        53.00
1974     45        19.54
1974     46         8.15
1974     47         3.37
1974     48         1.37
1974     49         0.55
1974     50         0.41
1974     51         0.28
1974     52         0.18
1974     53         0.10
1974     54         0.03
1974     55+        0.00
1975     12-        0.03
1975     13         1.11
1975     14        14.86
1975     15        71.00
1975     16       554.04
1975     17      2323.17
1975     18      6626.49
1975     19     11713.86
1975     20     15915.15
1975     21     17787.30
1975     22     18541.35
1975     23     18401.35
1975     24     16906.23
1975     25     14718.07
1975     26     12909.95
1975     27     11899.87
1975     28     10229.75
1975     29      7703.56
1975     30      5861.43
1975     31      5108.37
1975     32      3815.27
1975     33      2917.21
1975     34      2221.16
1975     35      1695.13
1975     36      1156.09
1975     37       861.06
1975     38       561.04
1975     39       431.03
1975     40       333.03
1975     41       195.01
1975     42       134.01
1975     43        84.01
1975     44        51.00
1975     45        19.95
1975     46         8.58
1975     47         3.46
1975     48         1.43
1975     49         0.57
1975     50         0.00
1975     51         0.00
1975     52         0.00
1975     53         0.00
1975     54         0.00
1975     55+        0.00
1976     12-        0.03
1976     13         0.60
1976     14         9.38
1976     15        68.00
1976     16       507.03
1976     17      2089.15
1976     18      6353.44
1976     19     11702.82
1976     20     15680.08
1976     21     17633.22
1976     22     17971.25
1976     23     17339.21
1976     24     16387.14
1976     25     14352.99
1976     26     12460.86
1976     27     10783.75
1976     28      9799.68
1976     29      8398.59
1976     30      6180.43
1976     31      4743.33
1976     32      4046.28
1976     33      2908.21
1976     34      2209.15
1976     35      1782.13
1976     36      1206.08
1976     37       926.06
1976     38       658.04
1976     39       420.03
1976     40       264.02
1976     41       188.01
1976     42       134.01
1976     43        67.00
1976     44        53.01
1976     45        31.40
1976     46        14.56
1976     47         5.52
1976     48         1.89
1976     49         0.63
1976     50         0.41
1976     51         0.28
1976     52         0.18
1976     53         0.10
1976     54         0.03
1976     55+        0.00
1977     12-        0.03
1977     13         1.19
1977     14        15.78
1977     15        78.00
1977     16       487.02
1977     17      1955.10
1977     18      5548.31
1977     19     11601.64
1977     20     15397.85
1977     21     17455.96
1977     22     17678.98
1977     23     16545.91
1977     24     15469.85
1977     25     14093.78
1977     26     12182.67
1977     27     10217.56
1977     28      8794.48
1977     29      7844.43
1977     30      6687.37
1977     31      4815.27
1977     32      3689.20
1977     33      3214.18
1977     34      2341.13
1977     35      1631.09
1977     36      1323.07
1977     37       921.06
1977     38       632.04
1977     39       410.02
1977     40       279.01
1977     41       183.01
1977     42       117.01
1977     43        70.00
1977     44        43.00
1977     45        21.06
1977     46         9.91
1977     47         3.96
1977     48         1.52
1977     49         0.56
1977     50         0.41
1977     51         0.28
1977     52         0.18
1977     53         0.10
1977     54         0.04
1977     55+        0.00
1978     12-        0.03
1978     13         0.90
1978     14        13.08
1978     15        69.01
1978     16       478.07
1978     17      1979.31
1978     18      5449.85
1978     19     10297.61
1978     20     15372.40
1978     21     17104.66
1978     22     17422.72
1978     23     16495.58
1978     24     15207.38
1978     25     13870.17
1978     26     12086.89
1978     27     10344.62
1978     28      8562.34
1978     29      7113.11
1978     30      6340.99
1978     31      5386.85
1978     32      3903.61
1978     33      3021.47
1978     34      2482.39
1978     35      1889.29
1978     36      1273.20
1978     37       934.14
1978     38       672.10
1978     39       430.07
1978     40       273.05
1978     41       185.03
1978     42       102.02
1978     43        72.01
1978     44        31.01
1978     45        18.78
1978     46         9.75
1978     47         4.24
1978     48         1.63
1978     49         0.60
1978     50         0.40
1978     51         0.28
1978     52         0.18
1978     53         0.10
1978     54         0.04
1978     55+        0.00
1979     12-        0.01
1979     13         0.51
1979     14         9.48
1979     15        90.01
1979     16       515.08
1979     17      2069.32
1979     18      5562.87
1979     19     10091.58
1979     20     13277.08
1979     21     16590.60
1979     22     16956.66
1979     23     15741.47
1979     24     14585.29
1979     25     13185.07
1979     26     11643.83
1979     27     10045.57
1979     28      8239.29
1979     29      7023.11
1979     30      5811.91
1979     31      5175.82
1979     32      4207.66
1979     33      3144.49
1979     34      2291.36
1979     35      1904.30
1979     36      1314.21
1979     37       913.14
1979     38       642.10
1979     39       409.06
1979     40       276.05
1979     41       149.02
1979     42       104.01
1979     43        73.01
1979     44        34.01
1979     45        15.31
1979     46         8.27
1979     47         4.55
1979     48         2.53
1979     49         1.36
1979     50         1.20
1979     51         0.84
1979     52         0.55
1979     53         0.31
1979     54         0.11
1979     55+        0.00
1980     12-        0.03
1980     13         1.11
1980     14        14.87
1980     15        71.02
1980     16       524.14
1980     17      2076.56
1980     18      5526.51
1980     19      9535.60
1980     20     12402.38
1980     21     13903.80
1980     22     14983.09
1980     23     14338.91
1980     24     13044.56
1980     25     11823.23
1980     26     10305.81
1980     27      8846.41
1980     28      7306.99
1980     29      6200.69
1980     30      4924.34
1980     31      4034.11
1980     32      3569.98
1980     33      3002.82
1980     34      2220.61
1980     35      1504.41
1980     36      1224.34
1980     37       825.22
1980     38       578.16
1980     39       385.10
1980     40       262.07
1980     41       165.04
1980     42        80.02
1980     43        61.01
1980     44        35.01
1980     45        13.29
1980     46         5.72
1980     47         2.45
1980     48         1.07
1980     49         0.47
1980     50         0.00
1980     51         0.00
1980     52         0.00
1980     53         0.00
1980     54         0.00
1980     55+        0.00
1981     12-        0.04
1981     13         1.46
1981     14        20.50
1981     15        91.02
1981     16       485.07
1981     17      2082.30
1981     18      5263.76
1981     19      9378.36
1981     20     11960.74
1981     21     12825.86
1981     22     12889.88
1981     23     13244.92
1981     24     12277.78
1981     25     10977.59
1981     26      9635.40
1981     27      8131.19
1981     28      6937.00
1981     29      5982.87
1981     30      4795.70
1981     31      3992.58
1981     32      3163.46
1981     33      2718.39
1981     34      2242.33
1981     35      1548.22
1981     36      1175.17
1981     37       878.13
1981     38       635.09
1981     39       413.06
1981     40       272.04
1981     41       207.03
1981     42       102.01
1981     43        58.01
1981     44        31.00
1981     45        10.60
1981     46         4.77
1981     47         2.15
1981     48         1.01
1981     49         0.48
1981     50         0.41
1981     51         0.28
1981     52         0.18
1981     53         0.10
1981     54         0.04
1981     55+        0.00
1982     12-        0.04
1982     13         1.69
1982     14        21.27
1982     15        79.02
1982     16       486.09
1982     17      1997.37
1982     18      5802.06
1982     19      9784.79
1982     20     12511.30
1982     21     12833.35
1982     22     12346.27
1982     23     11865.17
1982     24     11629.14
1982     25     10755.97
1982     26      9473.74
1982     27      8021.47
1982     28      6619.21
1982     29      5632.03
1982     30      4787.88
1982     31      3816.70
1982     32      3093.57
1982     33      2524.46
1982     34      2189.40
1982     35      1697.31
1982     36      1264.23
1982     37       853.15
1982     38       615.12
1982     39       420.07
1982     40       249.05
1982     41       164.03
1982     42       107.02
1982     43        46.00
1982     44        27.01
1982     45         9.47
1982     46         4.85
1982     47         2.80
1982     48         1.73
1982     49         1.16
1982     50         1.18
1982     51         0.88
1982     52         0.55
1982     53         0.30
1982     54         0.09
1982     55+        0.00
1983     12-        0.01
1983     13         0.48
1983     14         8.50
1983     15        76.02
1983     16       522.12
1983     17      2008.46
1983     18      5691.28
1983     19     10663.41
1983     20     12714.87
1983     21     12990.93
1983     22     12248.76
1983     23     11094.51
1983     24     10068.27
1983     25      9975.25
1983     26      8841.99
1983     27      7709.74
1983     28      6549.48
1983     29      5268.19
1983     30      4402.00
1983     31      3777.85
1983     32      3086.69
1983     33      2358.53
1983     34      2002.45
1983     35      1579.35
1983     36      1339.30
1983     37       845.19
1983     38       612.14
1983     39       386.09
1983     40       266.06
1983     41       128.03
1983     42       104.03
1983     43        67.02
1983     44        24.01
1983     45        11.17
1983     46         5.23
1983     47         2.25
1983     48         0.96
1983     49         0.39
1983     50         0.00
1983     51         0.00
1983     52         0.00
1983     53         0.00
1983     54         0.00
1983     55+        0.00
1984     12-        0.00
1984     13         0.11
1984     14         2.88
1984     15        87.01
1984     16       557.12
1984     17      2056.43
1984     18      5504.17
1984     19     10484.22
1984     20     13824.93
1984     21     13659.90
1984     22     12504.65
1984     23     11114.35
1984     24      9910.09
1984     25      8864.87
1984     26      8713.84
1984     27      7429.57
1984     28      6323.34
1984     29      5321.13
1984     30      4348.92
1984     31      3707.78
1984     32      3034.64
1984     33      2413.51
1984     34      1923.41
1984     35      1518.33
1984     36      1214.26
1984     37       910.20
1984     38       546.11
1984     39       350.07
1984     40       276.06
1984     41       164.04
1984     42        81.01
1984     43        46.01
1984     44        30.00
1984     45         7.39
1984     46         3.45
1984     47         1.93
1984     48         1.26
1984     49         0.97
1984     50         1.14
1984     51         0.86
1984     52         0.57
1984     53         0.32
1984     54         0.11
1984     55+        0.00
1985     12-        0.00
1985     13         0.03
1985     14         0.97
1985     15        81.03
1985     16       547.19
1985     17      2097.74
1985     18      5305.88
1985     19      9826.48
1985     20     13196.67
1985     21     14715.20
1985     22     13087.62
1985     23     11521.07
1985     24      9902.50
1985     25      8862.13
1985     26      7750.74
1985     27      7118.52
1985     28      6151.17
1985     29      5230.85
1985     30      4325.53
1985     31      3544.25
1985     32      2962.05
1985     33      2504.88
1985     34      1975.69
1985     35      1508.54
1985     36      1104.39
1985     37       861.31
1985     38       697.24
1985     39       418.14
1985     40       252.09
1985     41       145.05
1985     42        88.03
1985     43        56.02
1985     44        22.01
1985     45        11.25
1985     46         5.31
1985     47         2.20
1985     48         0.90
1985     49         0.35
1985     50         0.00
1985     51         0.00
1985     52         0.00
1985     53         0.00
1985     54         0.00
1985     55+        0.00
1986     12-        0.03
1986     13         1.02
1986     14        12.95
1986     15        61.00
1986     16       486.00
1986     17      1957.00
1986     18      5307.00
1986     19      9359.00
1986     20     12443.00
1986     21     13892.00
1986     22     13903.00
1986     23     11718.00
1986     24     10211.00
1986     25      8789.00
1986     26      7424.00
1986     27      6377.00
1986     28      5926.00
1986     29      5108.00
1986     30      4287.00
1986     31      3568.00
1986     32      2925.00
1986     33      2356.00
1986     34      1924.00
1986     35      1630.00
1986     36      1140.00
1986     37       852.00
1986     38       616.00
1986     39       473.00
1986     40       254.00
1986     41       160.00
1986     42        97.00
1986     43        64.00
1986     44        19.00
1986     45         8.91
1986     46         4.23
1986     47         1.80
1986     48         0.75
1986     49         0.31
1986     50         0.00
1986     51         0.00
1986     52         0.00
1986     53         0.00
1986     54         0.00
1986     55+        0.00
1987     12-        0.03
1987     13         0.85
1987     14        12.13
1987     15        71.00
1987     16       437.00
1987     17      1800.00
1987     18      5344.00
1987     19      9395.00
1987     20     11643.00
1987     21     12861.00
1987     22     13411.00
1987     23     12725.00
1987     24     10652.00
1987     25      9029.00
1987     26      7600.00
1987     27      6195.00
1987     28      5173.00
1987     29      4843.00
1987     30      4096.00
1987     31      3326.00
1987     32      2760.00
1987     33      2237.00
1987     34      1926.00
1987     35      1534.00
1987     36      1252.00
1987     37       875.00
1987     38       607.00
1987     39       420.00
1987     40       305.00
1987     41       178.00
1987     42        94.00
1987     43        61.00
1987     44        33.00
1987     45        13.33
1987     46         6.34
1987     47         2.74
1987     48         1.13
1987     49         0.46
1987     50         0.40
1987     51         0.28
1987     52         0.18
1987     53         0.10
1987     54         0.04
1987     55+        0.00
1988     12-        0.03
1988     13         1.03
1988     14        14.94
1988     15        79.00
1988     16       431.00
1988     17      1893.00
1988     18      5411.00
1988     19      9901.00
1988     20     11629.00
1988     21     12600.00
1988     22     12816.00
1988     23     12334.00
1988     24     11782.00
1988     25      9473.00
1988     26      7939.00
1988     27      6546.00
1988     28      5368.00
1988     29      4370.00
1988     30      4184.00
1988     31      3469.00
1988     32      2812.00
1988     33      2371.00
1988     34      1958.00
1988     35      1456.00
1988     36      1189.00
1988     37       933.00
1988     38       598.00
1988     39       422.00
1988     40       326.00
1988     41       174.00
1988     42       100.00
1988     43        45.00
1988     44        33.00
1988     45         5.38
1988     46         2.03
1988     47         0.91
1988     48         0.44
1988     49         0.24
1988     50         0.00
1988     51         0.00
1988     52         0.00
1988     53         0.00
1988     54         0.00
1988     55+        0.00
1989     12-        0.03
1989     13         0.64
1989     14        10.34
1989     15        77.00
1989     16       416.00
1989     17      1740.00
1989     18      5478.00
1989     19      9745.00
1989     20     11467.00
1989     21     11890.00
1989     22     11964.00
1989     23     11724.00
1989     24     11332.00
1989     25     10200.00
1989     26      7857.00
1989     27      6449.00
1989     28      5106.00
1989     29      4243.00
1989     30      3460.00
1989     31      3160.00
1989     32      2679.00
1989     33      2242.00
1989     34      1854.00
1989     35      1425.00
1989     36      1190.00
1989     37       890.00
1989     38       662.00
1989     39       430.00
1989     40       264.00
1989     41       196.00
1989     42       108.00
1989     43        46.00
1989     44        26.00
1989     45        14.11
1989     46         6.77
1989     47         2.71
1989     48         1.04
1989     49         0.37
1989     50         0.00
1989     51         0.00
1989     52         0.00
1989     53         0.00
1989     54         0.00
1989     55+        0.00
1990     12-        0.03
1990     13         1.18
1990     14        17.79
1990     15        99.00
1990     16       536.00
1990     17      2007.00
1990     18      5539.00
1990     19     10205.00
1990     20     12213.00
1990     21     12313.00
1990     22     11853.00
1990     23     11487.00
1990     24     10684.00
1990     25     10299.00
1990     26      8737.00
1990     27      6749.00
1990     28      5292.00
1990     29      4215.00
1990     30      3491.00
1990     31      2812.00
1990     32      2674.00
1990     33      2259.00
1990     34      1812.00
1990     35      1505.00
1990     36      1114.00
1990     37       847.00
1990     38       632.00
1990     39       469.00
1990     40       297.00
1990     41       190.00
1990     42       102.00
1990     43        64.00
1990     44        34.00
1990     45         8.76
1990     46         3.69
1990     47         1.56
1990     48         0.68
1990     49         0.31
1990     50         0.00
1990     51         0.00
1990     52         0.00
1990     53         0.00
1990     54         0.00
1990     55+        0.00
1991     12-        0.00
1991     13         4.00
1991     14        15.00
1991     15       108.00
1991     16       587.00
1991     17      2397.00
1991     18      6423.00
1991     19     10511.00
1991     20     12746.00
1991     21     12386.00
1991     22     11717.00
1991     23     10833.00
1991     24     10135.00
1991     25      9163.00
1991     26      8406.00
1991     27      7127.00
1991     28      5368.00
1991     29      4177.00
1991     30      3373.00
1991     31      2700.00
1991     32      2200.00
1991     33      2024.00
1991     34      1757.00
1991     35      1368.00
1991     36      1098.00
1991     37       854.00
1991     38       605.00
1991     39       506.00
1991     40       327.00
1991     41       214.00
1991     42       107.00
1991     43        63.00
1991     44        33.00
1991     45        11.00
1991     46         5.00
1991     47         4.00
1991     48         2.00
1991     49         0.00
1991     50         0.00
1991     51         0.00
1991     52         0.00
1991     53         0.00
1991     54         0.00
1991     55+        0.00
1992     12-        1.00
1992     13         4.00
1992     14        18.00
1992     15       103.00
1992     16       557.00
1992     17      2237.00
1992     18      6287.00
1992     19     10512.00
1992     20     11342.00
1992     21     11731.00
1992     22     11111.00
1992     23     10125.00
1992     24      9305.00
1992     25      8389.00
1992     26      7465.00
1992     27      6598.00
1992     28      5662.00
1992     29      4292.00
1992     30      3299.00
1992     31      2565.00
1992     32      2096.00
1992     33      1688.00
1992     34      1535.00
1992     35      1216.00
1992     36       947.00
1992     37       811.00
1992     38       605.00
1992     39       436.00
1992     40       327.00
1992     41       207.00
1992     42       105.00
1992     43        68.00
1992     44        38.00
1992     45        14.00
1992     46         4.00
1992     47         4.00
1992     48         0.00
1992     49         1.00
1992     50         0.00
1992     51         0.00
1992     52         0.00
1992     53         0.00
1992     54         0.00
1992     55+        0.00
1993     12-        0.00
1993     13         3.00
1993     14        23.00
1993     15       108.00
1993     16       533.00
1993     17      2076.00
1993     18      5928.00
1993     19     10417.00
1993     20     11494.00
1993     21     11248.00
1993     22     10950.00
1993     23     10187.00
1993     24      9253.00
1993     25      8135.00
1993     26      7228.00
1993     27      6524.00
1993     28      5585.00
1993     29      4625.00
1993     30      3471.00
1993     31      2722.00
1993     32      2235.00
1993     33      1797.00
1993     34      1480.00
1993     35      1287.00
1993     36      1069.00
1993     37       835.00
1993     38       598.00
1993     39       451.00
1993     40       319.00
1993     41       187.00
1993     42       132.00
1993     43        60.00
1993     44        35.00
1993     45        21.00
1993     46         5.00
1993     47         4.00
1993     48         0.00
1993     49         0.00
1993     50         0.00
1993     51         0.00
1993     52         0.00
1993     53         0.00
1993     54         0.00
1993     55+        0.00
1994     12-        1.00
1994     13         4.00
1994     14        16.00
1994     15        97.00
1994     16       420.00
1994     17      1576.00
1994     18      4311.00
1994     19      7916.00
1994     20     10224.00
1994     21     10028.00
1994     22      9495.00
1994     23      9191.00
1994     24      8374.00
1994     25      7274.00
1994     26      6526.00
1994     27      5642.00
1994     28      4877.00
1994     29      4423.00
1994     30      3697.00
1994     31      2649.00
1994     32      2204.00
1994     33      1640.00
1994     34      1357.00
1994     35      1119.00
1994     36       967.00
1994     37       752.00
1994     38       606.00
1994     39       452.00
1994     40       292.00
1994     41       199.00
1994     42       115.00
1994     43        76.00
1994     44        34.00
1994     45        16.00
1994     46         5.00
1994     47         3.00
1994     48         1.00
1994     49         0.00
1994     50         0.00
1994     51         0.00
1994     52         0.00
1994     53         0.00
1994     54         0.00
1994     55+        0.00
1995     12-        0.00
1995     13         3.00
1995     14        11.00
1995     15        89.00
1995     16       380.00
1995     17      1152.00
1995     18      3033.00
1995     19      5941.00
1995     20      7857.00
1995     21      9095.00
1995     22      8971.00
1995     23      8425.00
1995     24      7778.00
1995     25      7122.00
1995     26      6287.00
1995     27      5183.00
1995     28      4660.00
1995     29      4003.00
1995     30      3540.00
1995     31      2899.00
1995     32      2223.00
1995     33      1677.00
1995     34      1406.00
1995     35      1066.00
1995     36       882.00
1995     37       751.00
1995     38       536.00
1995     39       420.00
1995     40       270.00
1995     41       179.00
1995     42       124.00
1995     43        70.00
1995     44        31.00
1995     45        14.00
1995     46        12.00
1995     47         5.00
1995     48         2.00
1995     49         0.00
1995     50         0.00
1995     51         0.00
1995     52         0.00
1995     53         0.00
1995     54         0.00
1995     55+        0.00
1996     12-        0.00
1996     13         3.00
1996     14        20.00
1996     15        81.00
1996     16       312.00
1996     17       941.00
1996     18      2329.00
1996     19      4453.00
1996     20      6404.00
1996     21      8087.00
1996     22      8788.00
1996     23      8363.00
1996     24      7481.00
1996     25      7036.00
1996     26      6187.00
1996     27      5321.00
1996     28      4485.00
1996     29      3891.00
1996     30      3384.00
1996     31      2975.00
1996     32      2433.00
1996     33      1752.00
1996     34      1396.00
1996     35      1098.00
1996     36       827.00
1996     37       724.00
1996     38       527.00
1996     39       456.00
1996     40       276.00
1996     41       198.00
1996     42       103.00
1996     43        56.00
1996     44        31.00
1996     45        17.00
1996     46         9.00
1996     47         2.00
1996     48         0.00
1996     49         0.00
1996     50         0.00
1996     51         0.00
1996     52         0.00
1996     53         0.00
1996     54         0.00
1996     55+        0.00
1997     12-        0.00
1997     13         1.00
1997     14        15.00
1997     15        66.00
1997     16       289.00
1997     17       811.00
1997     18      2022.00
1997     19      3735.00
1997     20      5520.00
1997     21      7038.00
1997     22      8268.00
1997     23      8650.00
1997     24      8321.00
1997     25      7708.00
1997     26      6631.00
1997     27      5688.00
1997     28      4840.00
1997     29      4133.00
1997     30      3409.00
1997     31      2842.00
1997     32      2538.00
1997     33      2102.00
1997     34      1520.00
1997     35      1204.00
1997     36       953.00
1997     37       697.00
1997     38       529.00
1997     39       443.00
1997     40       296.00
1997     41       174.00
1997     42       101.00
1997     43        65.00
1997     44        30.00
1997     45         9.00
1997     46         5.00
1997     47         2.00
1997     48         2.00
1997     49         0.00
1997     50         0.00
1997     51         0.00
1997     52         0.00
1997     53         0.00
1997     54         0.00
1997     55+        0.00
1998     12-        1.00
1998     13         0.00
1998     14         4.00
1998     15        48.00
1998     16       256.00
1998     17       736.00
1998     18      1707.00
1998     19      3283.00
1998     20      4665.00
1998     21      6037.00
1998     22      7416.00
1998     23      8589.00
1998     24      8997.00
1998     25      8196.00
1998     26      7034.00
1998     27      6295.00
1998     28      5230.00
1998     29      4470.00
1998     30      3559.00
1998     31      2946.00
1998     32      2420.00
1998     33      2102.00
1998     34      1802.00
1998     35      1298.00
1998     36      1056.00
1998     37       701.00
1998     38       558.00
1998     39       419.00
1998     40       302.00
1998     41       167.00
1998     42       111.00
1998     43        68.00
1998     44        48.00
1998     45         8.00
1998     46         4.00
1998     47         2.00
1998     48         0.00
1998     49         0.00
1998     50         0.00
1998     51         0.00
1998     52         0.00
1998     53         0.00
1998     54         0.00
1998     55+        0.00
1999     12-        0.00
1999     13         3.00
1999     14         9.00
1999     15        59.00
1999     16       227.00
1999     17       690.00
1999     18      1485.00
1999     19      2874.00
1999     20      4028.00
1999     21      5229.00
1999     22      6381.00
1999     23      7701.00
1999     24      8685.00
1999     25      8905.00
1999     26      7843.00
1999     27      6587.00
1999     28      5823.00
1999     29      4638.00
1999     30      3746.00
1999     31      3045.00
1999     32      2615.00
1999     33      2101.00
1999     34      1811.00
1999     35      1429.00
1999     36      1062.00
1999     37       769.00
1999     38       589.00
1999     39       406.00
1999     40       290.00
1999     41       190.00
1999     42       113.00
1999     43        63.00
1999     44        37.00
1999     45        16.00
1999     46        11.00
1999     47         6.00
1999     48         2.00
1999     49         2.00
1999     50         0.00
1999     51         0.00
1999     52         1.00
1999     53         0.00
1999     54         0.00
1999     55+        0.00
2000     12-        0.00
2000     13         3.00
2000     14        14.00
2000     15        55.00
2000     16       237.00
2000     17       573.00
2000     18      1226.00
2000     19      2360.00
2000     20      3484.00
2000     21      4471.00
2000     22      5597.00
2000     23      7048.00
2000     24      8298.00
2000     25      9090.00
2000     26      8965.00
2000     27      7548.00
2000     28      6462.00
2000     29      5402.00
2000     30      4318.00
2000     31      3507.00
2000     32      2677.00
2000     33      2165.00
2000     34      1839.00
2000     35      1614.00
2000     36      1250.00
2000     37       879.00
2000     38       644.00
2000     39       435.00
2000     40       299.00
2000     41       189.00
2000     42       132.00
2000     43        67.00
2000     44        36.00
2000     45        15.00
2000     46        10.00
2000     47         1.00
2000     48         0.00
2000     49         0.00
2000     50         0.00
2000     51         0.00
2000     52         0.00
2000     53         0.00
2000     54         0.00
2000     55+        0.00
2001     12-        1.00
2001     13         2.00
2001     14        14.00
2001     15        63.00
2001     16       220.00
2001     17       513.00
2001     18      1084.00
2001     19      1930.00
2001     20      2865.00
2001     21      3882.00
2001     22      4883.00
2001     23      6068.00
2001     24      7287.00
2001     25      8626.00
2001     26      9083.00
2001     27      8622.00
2001     28      7287.00
2001     29      5894.00
2001     30      4915.00
2001     31      4044.00
2001     32      3009.00
2001     33      2450.00
2001     34      1938.00
2001     35      1580.00
2001     36      1366.00
2001     37      1044.00
2001     38       663.00
2001     39       530.00
2001     40       351.00
2001     41       225.00
2001     42       128.00
2001     43        73.00
2001     44        45.00
2001     45        21.00
2001     46         2.00
2001     47         4.00
2001     48         1.00
2001     49         1.00
2001     50         0.00
2001     51         0.00
2001     52         0.00
2001     53         0.00
2001     54         1.00
2001     55+        0.00
2002     12-        0.00
2002     13         4.00
2002     14        16.00
2002     15        70.00
2002     16       247.00
2002     17       583.00
2002     18      1077.00
2002     19      1798.00
2002     20      2548.00
2002     21      3270.00
2002     22      4403.00
2002     23      5492.00
2002     24      6894.00
2002     25      8039.00
2002     26      8963.00
2002     27      9013.00
2002     28      8434.00
2002     29      6808.00
2002     30      5629.00
2002     31      4425.00
2002     32      3466.00
2002     33      2691.00
2002     34      2210.00
2002     35      1774.00
2002     36      1430.00
2002     37      1133.00
2002     38       833.00
2002     39       618.00
2002     40       389.00
2002     41       240.00
2002     42       146.00
2002     43        76.00
2002     44        37.00
2002     45        16.00
2002     46        10.00
2002     47         1.00
2002     48         2.00
2002     49         0.00
2002     50         1.00
2002     51         0.00
2002     52         0.00
2002     53         0.00
2002     54         0.00
2002     55+        0.00
2003     12-        0.00
2003     13         2.00
2003     14        24.00
2003     15        69.00
2003     16       222.00
2003     17       594.00
2003     18      1078.00
2003     19      1724.00
2003     20      2396.00
2003     21      2941.00
2003     22      3587.00
2003     23      4767.00
2003     24      6228.00
2003     25      7287.00
2003     26      8605.00
2003     27      9037.00
2003     28      8916.00
2003     29      8203.00
2003     30      6664.00
2003     31      4953.00
2003     32      3991.00
2003     33      2974.00
2003     34      2382.00
2003     35      1849.00
2003     36      1459.00
2003     37      1075.00
2003     38       932.00
2003     39       693.00
2003     40       472.00
2003     41       257.00
2003     42       145.00
2003     43        84.00
2003     44        33.00
2003     45        24.00
2003     46        10.00
2003     47         4.00
2003     48         3.00
2003     49         0.00
2003     50         1.00
2003     51         0.00
2003     52         0.00
2003     53         0.00
2003     54         0.00
2003     55+        0.00
2004     12-        0.00
2004     13         3.00
2004     14        11.00
2004     15        77.00
2004     16       265.00
2004     17       585.00
2004     18      1061.00
2004     19      1657.00
2004     20      2299.00
2004     21      2807.00
2004     22      3351.00
2004     23      4034.00
2004     24      5449.00
2004     25      7122.00
2004     26      8304.00
2004     27      9066.00
2004     28      9544.00
2004     29      9011.00
2004     30      8018.00
2004     31      6200.00
2004     32      4522.00
2004     33      3547.00
2004     34      2771.00
2004     35      2138.00
2004     36      1708.00
2004     37      1246.00
2004     38       972.00
2004     39       746.00
2004     40       510.00
2004     41       290.00
2004     42       164.00
2004     43       102.00
2004     44        45.00
2004     45        21.00
2004     46        11.00
2004     47         3.00
2004     48         3.00
2004     49         1.00
2004     50         0.00
2004     51         0.00
2004     52         0.00
2004     53         0.00
2004     54         0.00
2004     55+        0.00
2005     12-        1.00
2005     13         2.00
2005     14        16.00
2005     15        72.00
2005     16       264.00
2005     17       549.00
2005     18      1031.00
2005     19      1567.00
2005     20      2223.00
2005     21      2655.00
2005     22      3207.00
2005     23      3802.00
2005     24      4829.00
2005     25      6480.00
2005     26      8061.00
2005     27      9106.00
2005     28      9734.00
2005     29      9973.00
2005     30      8937.00
2005     31      7526.00
2005     32      5691.00
2005     33      4216.00
2005     34      3329.00
2005     35      2595.00
2005     36      1924.00
2005     37      1400.00
2005     38      1025.00
2005     39       720.00
2005     40       535.00
2005     41       338.00
2005     42       189.00
2005     43       109.00
2005     44        57.00
2005     45        26.00
2005     46        10.00
2005     47         3.00
2005     48         3.00
2005     49         2.00
2005     50         3.00
2005     51         1.00
2005     52         0.00
2005     53         0.00
2005     54         0.00
2005     55+        0.00
2006     12-        1.00
2006     13         5.00
2006     14        13.00
2006     15        63.00
2006     16       246.00
2006     17       551.00
2006     18      1038.00
2006     19      1573.00
2006     20      2169.00
2006     21      2639.00
2006     22      2962.00
2006     23      3649.00
2006     24      4465.00
2006     25      5809.00
2006     26      7325.00
2006     27      8830.00
2006     28      9737.00
2006     29     10234.00
2006     30      9686.00
2006     31      8596.00
2006     32      6730.00
2006     33      5259.00
2006     34      3927.00
2006     35      3040.00
2006     36      2250.00
2006     37      1521.00
2006     38      1202.00
2006     39       848.00
2006     40       609.00
2006     41       368.00
2006     42       216.00
2006     43       148.00
2006     44        65.00
2006     45        28.00
2006     46        12.00
2006     47         8.00
2006     48         6.00
2006     49         1.00
2006     50         0.00
2006     51         1.00
2006     52         0.00
2006     53         0.00
2006     54         0.00
2006     55+        1.00
2007     12-        1.00
2007     13         0.00
2007     14        17.00
2007     15        72.00
2007     16       239.00
2007     17       518.00
2007     18      1010.00
2007     19      1677.00
2007     20      2136.00
2007     21      2561.00
2007     22      3221.00
2007     23      3734.00
2007     24      4589.00
2007     25      5725.00
2007     26      6936.00
2007     27      8827.00
2007     28     10055.00
2007     29     10626.00
2007     30     10610.00
2007     31      9469.00
2007     32      8277.00
2007     33      6725.00
2007     34      5106.00
2007     35      3713.00
2007     36      2730.00
2007     37      2022.00
2007     38      1397.00
2007     39       969.00
2007     40       704.00
2007     41       401.00
2007     42       247.00
2007     43       168.00
2007     44        85.00
2007     45        27.00
2007     46        24.00
2007     47         3.00
2007     48         2.00
2007     49         3.00
2007     50         1.00
2007     51         2.00
2007     52         2.00
2007     53         0.00
2007     54         1.00
2007     55+        0.00
2008     12-        0.00
2008     13         4.00
2008     14        10.00
2008     15        66.00
2008     16       243.00
2008     17       608.00
2008     18      1019.00
2008     19      1660.00
2008     20      2269.00
2008     21      2610.00
2008     22      3096.00
2008     23      3663.00
2008     24      4656.00
2008     25      5673.00
2008     26      6808.00
2008     27      8054.00
2008     28      9671.00
2008     29     10694.00
2008     30     11071.00
2008     31     10144.00
2008     32      9182.00
2008     33      7540.00
2008     34      6068.00
2008     35      4543.00
2008     36      3208.00
2008     37      2383.00
2008     38      1555.00
2008     39      1183.00
2008     40       792.00
2008     41       466.00
2008     42       301.00
2008     43       178.00
2008     44        91.00
2008     45        31.00
2008     46        14.00
2008     47         5.00
2008     48         5.00
2008     49         2.00
2008     50         0.00
2008     51         0.00
2008     52         0.00
2008     53         2.00
2008     54         0.00
2008     55+        2.00
2009     12-        1.00
2009     13         0.00
2009     14        14.00
2009     15        80.00
2009     16       247.00
2009     17       579.00
2009     18      1099.00
2009     19      1594.00
2009     20      2195.00
2009     21      2799.00
2009     22      3061.00
2009     23      3639.00
2009     24      4255.00
2009     25      5359.00
2009     26      6602.00
2009     27      7575.00
2009     28      8667.00
2009     29     10058.00
2009     30     10712.00
2009     31     10066.00
2009     32      9129.00
2009     33      7741.00
2009     34      6492.00
2009     35      5132.00
2009     36      3668.00
2009     37      2503.00
2009     38      1853.00
2009     39      1241.00
2009     40       832.00
2009     41       496.00
2009     42       310.00
2009     43       178.00
2009     44        93.00
2009     45        40.00
2009     46        16.00
2009     47         5.00
2009     48         8.00
2009     49         5.00
2009     50         4.00
2009     51         0.00
2009     52         0.00
2009     53         0.00
2009     54         0.00
2009     55+        0.00
2010     12-        0.00
2010     13         3.00
2010     14        12.00
2010     15        74.00
2010     16       250.00
2010     17       475.00
2010     18       939.00
2010     19      1603.00
2010     20      2115.00
2010     21      2637.00
2010     22      3014.00
2010     23      3481.00
2010     24      4205.00
2010     25      5076.00
2010     26      6166.00
2010     27      7260.00
2010     28      8547.00
2010     29      9139.00
2010     30     10062.00
2010     31     10062.00
2010     32      9157.00
2010     33      7962.00
2010     34      6613.00
2010     35      5684.00
2010     36      4235.00
2010     37      2985.00
2010     38      1926.00
2010     39      1371.00
2010     40       917.00
2010     41       527.00
2010     42       311.00
2010     43       169.00
2010     44        88.00
2010     45        45.00
2010     46        19.00
2010     47         9.00
2010     48         9.00
2010     49         2.00
2010     50         2.00
2010     51         0.00
2010     52         1.00
2010     53         0.00
2010     54         0.00
2010     55+        1.00
2011     12-        1.00
2011     13         2.00
2011     14        16.00
2011     15        67.00
2011     16       224.00
2011     17       511.00
2011     18       818.00
2011     19      1434.00
2011     20      1946.00
2011     21      2256.00
2011     22      2711.00
2011     23      3162.00
2011     24      3872.00
2011     25      4520.00
2011     26      5652.00
2011     27      6712.00
2011     28      7682.00
2011     29      8328.00
2011     30      8699.00
2011     31      8912.00
2011     32      8676.00
2011     33      7613.00
2011     34      6347.00
2011     35      5360.00
2011     36      4311.00
2011     37      3121.00
2011     38      2087.00
2011     39      1413.00
2011     40       977.00
2011     41       534.00
2011     42       323.00
2011     43       183.00
2011     44       104.00
2011     45        44.00
2011     46        20.00
2011     47        16.00
2011     48         5.00
2011     49         6.00
2011     50         3.00
2011     51         1.00
2011     52         2.00
2011     53         1.00
2011     54         0.00
2011     55+        1.00
2012     12-        0.00
2012     13         3.00
2012     14         9.00
2012     15        53.00
2012     16       225.00
2012     17       483.00
2012     18       952.00
2012     19      1338.00
2012     20      1781.00
2012     21      2337.00
2012     22      2684.00
2012     23      3212.00
2012     24      3805.00
2012     25      4598.00
2012     26      5469.00
2012     27      6563.00
2012     28      7656.00
2012     29      8162.00
2012     30      8668.00
2012     31      8457.00
2012     32      8106.00
2012     33      7616.00
2012     34      6635.00
2012     35      5470.00
2012     36      4408.00
2012     37      3365.00
2012     38      2457.00
2012     39      1622.00
2012     40      1021.00
2012     41       653.00
2012     42       362.00
2012     43       203.00
2012     44        94.00
2012     45        41.00
2012     46        36.00
2012     47        13.00
2012     48         7.00
2012     49         2.00
2012     50         3.00
2012     51         3.00
2012     52         2.00
2012     53         0.00
2012     54         0.00
2012     55+        2.00
2013     12-        0.00
2013     13         0.00
2013     14         9.00
2013     15        55.00
2013     16       204.00
2013     17       422.00
2013     18       801.00
2013     19      1334.00
2013     20      1750.00
2013     21      2212.00
2013     22      2679.00
2013     23      3080.00
2013     24      3651.00
2013     25      4471.00
2013     26      5450.00
2013     27      6459.00
2013     28      7235.00
2013     29      8149.00
2013     30      8333.00
2013     31      8287.00
2013     32      7649.00
2013     33      7155.00
2013     34      6417.00
2013     35      5622.00
2013     36      4396.00
2013     37      3535.00
2013     38      2681.00
2013     39      1946.00
2013     40      1215.00
2013     41       695.00
2013     42       411.00
2013     43       211.00
2013     44       124.00
2013     45        60.00
2013     46        23.00
2013     47        15.00
2013     48         7.00
2013     49         6.00
2013     50         1.00
2013     51         1.00
2013     52         0.00
2013     53         0.00
2013     54         0.00
2013     55+        0.00
2014     12-        1.00
2014     13         0.00
2014     14         5.00
2014     15        62.00
2014     16       230.00
2014     17       412.00
2014     18       771.00
2014     19      1253.00
2014     20      1813.00
2014     21      2180.00
2014     22      2555.00
2014     23      3180.00
2014     24      3611.00
2014     25      4573.00
2014     26      5429.00
2014     27      6641.00
2014     28      7518.00
2014     29      8482.00
2014     30      8794.00
2014     31      8380.00
2014     32      7903.00
2014     33      7046.00
2014     34      6497.00
2014     35      5902.00
2014     36      4890.00
2014     37      3687.00
2014     38      2841.00
2014     39      2129.00
2014     40      1395.00
2014     41       765.00
2014     42       411.00
2014     43       242.00
2014     44       122.00
2014     45        75.00
2014     46        31.00
2014     47        14.00
2014     48        12.00
2014     49         4.00
2014     50         4.00
2014     51         0.00
2014     52         0.00
2014     53         0.00
2014     54         0.00
2014     55+        0.00
2015     12-        0.00
2015     13         0.00
2015     14        13.00
2015     15        66.00
2015     16       177.00
2015     17       447.00
2015     18       752.00
2015     19      1164.00
2015     20      1577.00
2015     21      2314.00
2015     22      2500.00
2015     23      3101.00
2015     24      3995.00
2015     25      4662.00
2015     26      5684.00
2015     27      6600.00
2015     28      7582.00
2015     29      8315.00
2015     30      8733.00
2015     31      8453.00
2015     32      7744.00
2015     33      7057.00
2015     34      6298.00
2015     35      5751.00
2015     36      4927.00
2015     37      3958.00
2015     38      2993.00
2015     39      2218.00
2015     40      1656.00
2015     41       966.00
2015     42       500.00
2015     43       263.00
2015     44       146.00
2015     45        69.00
2015     46        35.00
2015     47        14.00
2015     48        11.00
2015     49        10.00
2015     50         6.00
2015     51         2.00
2015     52         3.00
2015     53         2.00
2015     54         0.00
2015     55+        0.00
2016     12-        0.00
2016     13         2.00
2016     14        12.00
2016     15        47.00
2016     16       223.00
2016     17       417.00
2016     18       744.00
2016     19      1192.00
2016     20      1631.00
2016     21      2039.00
2016     22      2752.00
2016     23      3360.00
2016     24      4010.00
2016     25      5024.00
2016     26      5580.00
2016     27      6840.00
2016     28      7581.00
2016     29      8383.00
2016     30      8620.00
2016     31      8694.00
2016     32      7993.00
2016     33      7230.00
2016     34      6325.00
2016     35      5503.00
2016     36      4734.00
2016     37      4106.00
2016     38      3174.00
2016     39      2498.00
2016     40      1672.00
2016     41      1019.00
2016     42       594.00
2016     43       320.00
2016     44       175.00
2016     45        73.00
2016     46        50.00
2016     47        16.00
2016     48        16.00
2016     49         5.00
2016     50         5.00
2016     51         1.00
2016     52         1.00
2016     53         1.00
2016     54         1.00
2016     55+        0.00
2017     12-        0.00
2017     13         0.00
2017     14         9.00
2017     15        69.00
2017     16       197.00
2017     17       419.00
2017     18       770.00
2017     19      1189.00
2017     20      1557.00
2017     21      1959.00
2017     22      2504.00
2017     23      3283.00
2017     24      4079.00
2017     25      4880.00
2017     26      6218.00
2017     27      6896.00
2017     28      7895.00
2017     29      8641.00
2017     30      8835.00
2017     31      8617.00
2017     32      8303.00
2017     33      7258.00
2017     34      6429.00
2017     35      5625.00
2017     36      4563.00
2017     37      3954.00
2017     38      3343.00
2017     39      2640.00
2017     40      1695.00
2017     41      1137.00
2017     42       703.00
2017     43       362.00
2017     44       189.00
2017     45        96.00
2017     46        37.00
2017     47        20.00
2017     48        14.00
2017     49        13.00
2017     50         7.00
2017     51         0.00
2017     52         0.00
2017     53         0.00
2017     54         0.00
2017     55+        0.00
2018     12-        0.00
2018     13         1.00
2018     14        13.00
2018     15        59.00
2018     16       202.00
2018     17       353.00
2018     18       696.00
2018     19      1119.00
2018     20      1460.00
2018     21      1913.00
2018     22      2400.00
2018     23      2927.00
2018     24      4096.00
2018     25      5009.00
2018     26      5876.00
2018     27      7250.00
2018     28      7830.00
2018     29      8606.00
2018     30      8879.00
2018     31      8502.00
2018     32      8312.00
2018     33      7423.00
2018     34      6389.00
2018     35      5592.00
2018     36      4809.00
2018     37      3814.00
2018     38      3123.00
2018     39      2682.00
2018     40      1867.00
2018     41      1165.00
2018     42       722.00
2018     43       456.00
2018     44       234.00
2018     45       126.00
2018     46        68.00
2018     47        25.00
2018     48        14.00
2018     49        14.00
2018     50         4.00
2018     51         1.00
2018     52         0.00
2018     53         0.00
2018     54         2.00
2018     55+        3.00
2019     12-        0.00
2019     13         3.00
2019     14        19.00
2019     15        61.00
2019     16       172.00
2019     17       355.00
2019     18       644.00
2019     19      1029.00
2019     20      1493.00
2019     21      1817.00
2019     22      2270.00
2019     23      2719.00
2019     24      3556.00
2019     25      4922.00
2019     26      6054.00
2019     27      7054.00
2019     28      8083.00
2019     29      8506.00
2019     30      8758.00
2019     31      8436.00
2019     32      7872.00
2019     33      7416.00
2019     34      6565.00
2019     35      5623.00
2019     36      4739.00
2019     37      3732.00
2019     38      2960.00
2019     39      2606.00
2019     40      1850.00
2019     41      1191.00
2019     42       772.00
2019     43       409.00
2019     44       236.00
2019     45       156.00
2019     46        74.00
2019     47        27.00
2019     48        28.00
2019     49        13.00
2019     50         5.00
2019     51         4.00
2019     52         1.00
2019     53         0.00
2019     54         0.00
2019     55+        1.00
2020     12-        0.00
2020     13         0.00
2020     14        19.00
2020     15        64.00
2020     16       162.00
2020     17       358.00
2020     18       601.00
2020     19       974.00
2020     20      1290.00
2020     21      1821.00
2020     22      2258.00
2020     23      2738.00
2020     24      3502.00
2020     25      4389.00
2020     26      5775.00
2020     27      7072.00
2020     28      7683.00
2020     29      8656.00
2020     30      8431.00
2020     31      8675.00
2020     32      7873.00
2020     33      7133.00
2020     34      6435.00
2020     35      5673.00
2020     36      4700.00
2020     37      3773.00
2020     38      2955.00
2020     39      2409.00
2020     40      1674.00
2020     41      1210.00
2020     42       808.00
2020     43       498.00
2020     44       286.00
2020     45       140.00
2020     46        82.00
2020     47        41.00
2020     48        23.00
2020     49        15.00
2020     50         2.00
2020     51         1.00
2020     52         1.00
2020     53         0.00
2020     54         0.00
2020     55+        0.00
2021     12-        1.00
2021     13         1.00
2021     14        15.00
2021     15        53.00
2021     16       147.00
2021     17       320.00
2021     18       551.00
2021     19       852.00
2021     20      1183.00
2021     21      1688.00
2021     22      2077.00
2021     23      2664.00
2021     24      3342.00
2021     25      4337.00
2021     26      5279.00
2021     27      7049.00
2021     28      8076.00
2021     29      8584.00
2021     30      9296.00
2021     31      8760.00
2021     32      8317.00
2021     33      7434.00
2021     34      6671.00
2021     35      5853.00
2021     36      4853.00
2021     37      3954.00
2021     38      3093.00
2021     39      2515.00
2021     40      1632.00
2021     41      1222.00
2021     42       815.00
2021     43       502.00
2021     44       298.00
2021     45       164.00
2021     46        85.00
2021     47        47.00
2021     48        28.00
2021     49        24.00
2021     50         4.00
2021     51         3.00
2021     52         2.00
2021     53         0.00
2021     54         0.00
2021     55+        2.00
