Czechia, Cumulative period fertility rates (vertical parallelograms)
Last modified: 02/02/2023
Year  ARDY  Cohort     CPFR
1950   12    1938     0.000
1950   13    1937     0.000
1950   14    1936     0.000
1950   15    1935     0.000
1950   16    1934     0.002
1950   17    1933     0.008
1950   18    1932     0.029
1950   19    1931     0.081
1950   20    1930     0.175
1950   21    1929     0.314
1950   22    1928     0.486
1950   23    1927     0.680
1950   24    1926     0.881
1950   25    1925     1.082
1950   26    1924     1.278
1950   27    1923     1.461
1950   28    1922     1.628
1950   29    1921     1.778
1950   30    1920     1.913
1950   31    1919     2.034
1950   32    1918     2.144
1950   33    1917     2.241
1950   34    1916     2.327
1950   35    1915     2.405
1950   36    1914     2.479
1950   37    1913     2.545
1950   38    1912     2.601
1950   39    1911     2.650
1950   40    1910     2.691
1950   41    1909     2.724
1950   42    1908     2.750
1950   43    1907     2.770
1950   44    1906     2.783
1950   45    1905     2.792
1950   46    1904     2.796
1950   47    1903     2.799
1950   48    1902     2.800
1950   49    1901     2.801
1950   50    1900     2.801
1950   51    1899     2.801
1950   52    1898     2.801
1950   53    1897     2.801
1950   54    1896     2.801
1950   55    1895     2.801
1951   12    1939     0.000
1951   13    1938     0.000
1951   14    1937     0.000
1951   15    1936     0.000
1951   16    1935     0.001
1951   17    1934     0.007
1951   18    1933     0.029
1951   19    1932     0.084
1951   20    1931     0.182
1951   21    1930     0.326
1951   22    1929     0.506
1951   23    1928     0.702
1951   24    1927     0.907
1951   25    1926     1.108
1951   26    1925     1.300
1951   27    1924     1.479
1951   28    1923     1.643
1951   29    1922     1.793
1951   30    1921     1.926
1951   31    1920     2.045
1951   32    1919     2.151
1951   33    1918     2.246
1951   34    1917     2.328
1951   35    1916     2.401
1951   36    1915     2.465
1951   37    1914     2.525
1951   38    1913     2.580
1951   39    1912     2.628
1951   40    1911     2.668
1951   41    1910     2.699
1951   42    1909     2.723
1951   43    1908     2.741
1951   44    1907     2.754
1951   45    1906     2.762
1951   46    1905     2.766
1951   47    1904     2.769
1951   48    1903     2.770
1951   49    1902     2.770
1951   50    1901     2.770
1951   51    1900     2.770
1951   52    1899     2.770
1951   53    1898     2.770
1951   54    1897     2.770
1951   55    1896     2.770
1952   12    1940     0.000
1952   13    1939     0.000
1952   14    1938     0.000
1952   15    1937     0.000
1952   16    1936     0.001
1952   17    1935     0.006
1952   18    1934     0.028
1952   19    1933     0.082
1952   20    1932     0.179
1952   21    1931     0.322
1952   22    1930     0.498
1952   23    1929     0.692
1952   24    1928     0.895
1952   25    1927     1.095
1952   26    1926     1.284
1952   27    1925     1.462
1952   28    1924     1.623
1952   29    1923     1.767
1952   30    1922     1.898
1952   31    1921     2.017
1952   32    1920     2.120
1952   33    1919     2.210
1952   34    1918     2.291
1952   35    1917     2.361
1952   36    1916     2.424
1952   37    1915     2.482
1952   38    1914     2.534
1952   39    1913     2.580
1952   40    1912     2.617
1952   41    1911     2.647
1952   42    1910     2.670
1952   43    1909     2.687
1952   44    1908     2.698
1952   45    1907     2.705
1952   46    1906     2.709
1952   47    1905     2.712
1952   48    1904     2.713
1952   49    1903     2.713
1952   50    1902     2.713
1952   51    1901     2.713
1952   52    1900     2.713
1952   53    1899     2.713
1952   54    1898     2.713
1952   55    1897     2.713
1953   12    1941     0.000
1953   13    1940     0.000
1953   14    1939     0.000
1953   15    1938     0.000
1953   16    1937     0.001
1953   17    1936     0.006
1953   18    1935     0.023
1953   19    1934     0.072
1953   20    1933     0.167
1953   21    1932     0.305
1953   22    1931     0.478
1953   23    1930     0.672
1953   24    1929     0.872
1953   25    1928     1.067
1953   26    1927     1.254
1953   27    1926     1.423
1953   28    1925     1.576
1953   29    1924     1.714
1953   30    1923     1.841
1953   31    1922     1.954
1953   32    1921     2.054
1953   33    1920     2.143
1953   34    1919     2.223
1953   35    1918     2.295
1953   36    1917     2.355
1953   37    1916     2.409
1953   38    1915     2.456
1953   39    1914     2.497
1953   40    1913     2.533
1953   41    1912     2.561
1953   42    1911     2.583
1953   43    1910     2.599
1953   44    1909     2.611
1953   45    1908     2.618
1953   46    1907     2.622
1953   47    1906     2.624
1953   48    1905     2.625
1953   49    1904     2.625
1953   50    1903     2.625
1953   51    1902     2.625
1953   52    1901     2.625
1953   53    1900     2.625
1953   54    1899     2.625
1953   55    1898     2.625
1954   12    1942     0.000
1954   13    1941     0.000
1954   14    1940     0.000
1954   15    1939     0.000
1954   16    1938     0.001
1954   17    1937     0.005
1954   18    1936     0.021
1954   19    1935     0.067
1954   20    1934     0.159
1954   21    1933     0.301
1954   22    1932     0.478
1954   23    1931     0.675
1954   24    1930     0.875
1954   25    1929     1.071
1954   26    1928     1.256
1954   27    1927     1.425
1954   28    1926     1.578
1954   29    1925     1.716
1954   30    1924     1.840
1954   31    1923     1.950
1954   32    1922     2.048
1954   33    1921     2.135
1954   34    1920     2.212
1954   35    1919     2.279
1954   36    1918     2.341
1954   37    1917     2.392
1954   38    1916     2.437
1954   39    1915     2.475
1954   40    1914     2.508
1954   41    1913     2.535
1954   42    1912     2.556
1954   43    1911     2.572
1954   44    1910     2.582
1954   45    1909     2.588
1954   46    1908     2.591
1954   47    1907     2.593
1954   48    1906     2.594
1954   49    1905     2.594
1954   50    1904     2.594
1954   51    1903     2.594
1954   52    1902     2.594
1954   53    1901     2.594
1954   54    1900     2.594
1954   55    1899     2.594
1955   12    1943     0.000
1955   13    1942     0.000
1955   14    1941     0.000
1955   15    1940     0.000
1955   16    1939     0.001
1955   17    1938     0.006
1955   18    1937     0.024
1955   19    1936     0.071
1955   20    1935     0.162
1955   21    1934     0.304
1955   22    1933     0.485
1955   23    1932     0.687
1955   24    1931     0.891
1955   25    1930     1.086
1955   26    1929     1.271
1955   27    1928     1.441
1955   28    1927     1.594
1955   29    1926     1.733
1955   30    1925     1.858
1955   31    1924     1.967
1955   32    1923     2.065
1955   33    1922     2.151
1955   34    1921     2.226
1955   35    1920     2.292
1955   36    1919     2.350
1955   37    1918     2.401
1955   38    1917     2.442
1955   39    1916     2.478
1955   40    1915     2.508
1955   41    1914     2.534
1955   42    1913     2.554
1955   43    1912     2.568
1955   44    1911     2.578
1955   45    1910     2.584
1955   46    1909     2.587
1955   47    1908     2.589
1955   48    1907     2.590
1955   49    1906     2.590
1955   50    1905     2.591
1955   51    1904     2.591
1955   52    1903     2.591
1955   53    1902     2.591
1955   54    1901     2.591
1955   55    1900     2.591
1956   12    1944     0.000
1956   13    1943     0.000
1956   14    1942     0.000
1956   15    1941     0.000
1956   16    1940     0.001
1956   17    1939     0.007
1956   18    1938     0.028
1956   19    1937     0.078
1956   20    1936     0.176
1956   21    1935     0.323
1956   22    1934     0.508
1956   23    1933     0.713
1956   24    1932     0.920
1956   25    1931     1.120
1956   26    1930     1.305
1956   27    1929     1.473
1956   28    1928     1.623
1956   29    1927     1.758
1956   30    1926     1.880
1956   31    1925     1.987
1956   32    1924     2.081
1956   33    1923     2.162
1956   34    1922     2.234
1956   35    1921     2.298
1956   36    1920     2.354
1956   37    1919     2.402
1956   38    1918     2.444
1956   39    1917     2.478
1956   40    1916     2.505
1956   41    1915     2.528
1956   42    1914     2.546
1956   43    1913     2.560
1956   44    1912     2.568
1956   45    1911     2.574
1956   46    1910     2.577
1956   47    1909     2.579
1956   48    1908     2.580
1956   49    1907     2.580
1956   50    1906     2.580
1956   51    1905     2.580
1956   52    1904     2.580
1956   53    1903     2.580
1956   54    1902     2.580
1956   55    1901     2.580
1957   12    1945     0.000
1957   13    1944     0.000
1957   14    1943     0.000
1957   15    1942     0.000
1957   16    1941     0.001
1957   17    1940     0.007
1957   18    1939     0.030
1957   19    1938     0.085
1957   20    1937     0.185
1957   21    1936     0.334
1957   22    1935     0.519
1957   23    1934     0.725
1957   24    1933     0.933
1957   25    1932     1.129
1957   26    1931     1.309
1957   27    1930     1.470
1957   28    1929     1.615
1957   29    1928     1.742
1957   30    1927     1.856
1957   31    1926     1.956
1957   32    1925     2.045
1957   33    1924     2.124
1957   34    1923     2.192
1957   35    1922     2.251
1957   36    1921     2.302
1957   37    1920     2.346
1957   38    1919     2.383
1957   39    1918     2.416
1957   40    1917     2.441
1957   41    1916     2.461
1957   42    1915     2.476
1957   43    1914     2.488
1957   44    1913     2.496
1957   45    1912     2.500
1957   46    1911     2.503
1957   47    1910     2.504
1957   48    1909     2.505
1957   49    1908     2.505
1957   50    1907     2.505
1957   51    1906     2.505
1957   52    1905     2.505
1957   53    1904     2.505
1957   54    1903     2.505
1957   55    1902     2.505
1958   12    1946     0.000
1958   13    1945     0.000
1958   14    1944     0.000
1958   15    1943     0.000
1958   16    1942     0.001
1958   17    1941     0.005
1958   18    1940     0.024
1958   19    1939     0.076
1958   20    1938     0.174
1958   21    1937     0.320
1958   22    1936     0.500
1958   23    1935     0.698
1958   24    1934     0.899
1958   25    1933     1.089
1958   26    1932     1.262
1958   27    1931     1.416
1958   28    1930     1.553
1958   29    1929     1.673
1958   30    1928     1.775
1958   31    1927     1.864
1958   32    1926     1.941
1958   33    1925     2.007
1958   34    1924     2.064
1958   35    1923     2.113
1958   36    1922     2.156
1958   37    1921     2.193
1958   38    1920     2.222
1958   39    1919     2.247
1958   40    1918     2.267
1958   41    1917     2.282
1958   42    1916     2.293
1958   43    1915     2.300
1958   44    1914     2.306
1958   45    1913     2.310
1958   46    1912     2.312
1958   47    1911     2.312
1958   48    1910     2.313
1958   49    1909     2.313
1958   50    1908     2.313
1958   51    1907     2.313
1958   52    1906     2.313
1958   53    1905     2.313
1958   54    1904     2.313
1958   55    1903     2.313
1959   12    1947     0.000
1959   13    1946     0.000
1959   14    1945     0.000
1959   15    1944     0.000
1959   16    1943     0.001
1959   17    1942     0.004
1959   18    1941     0.021
1959   19    1940     0.070
1959   20    1939     0.170
1959   21    1938     0.320
1959   22    1937     0.502
1959   23    1936     0.697
1959   24    1935     0.889
1959   25    1934     1.070
1959   26    1933     1.232
1959   27    1932     1.375
1959   28    1931     1.500
1959   29    1930     1.606
1959   30    1929     1.696
1959   31    1928     1.771
1959   32    1927     1.835
1959   33    1926     1.890
1959   34    1925     1.937
1959   35    1924     1.977
1959   36    1923     2.011
1959   37    1922     2.039
1959   38    1921     2.061
1959   39    1920     2.079
1959   40    1919     2.093
1959   41    1918     2.104
1959   42    1917     2.112
1959   43    1916     2.118
1959   44    1915     2.122
1959   45    1914     2.124
1959   46    1913     2.126
1959   47    1912     2.126
1959   48    1911     2.126
1959   49    1910     2.126
1959   50    1909     2.127
1959   51    1908     2.127
1959   52    1907     2.127
1959   53    1906     2.127
1959   54    1905     2.127
1959   55    1904     2.127
1960   12    1948     0.000
1960   13    1947     0.000
1960   14    1946     0.000
1960   15    1945     0.000
1960   16    1944     0.001
1960   17    1943     0.004
1960   18    1942     0.020
1960   19    1941     0.066
1960   20    1940     0.167
1960   21    1939     0.323
1960   22    1938     0.506
1960   23    1937     0.699
1960   24    1936     0.892
1960   25    1935     1.073
1960   26    1934     1.237
1960   27    1933     1.380
1960   28    1932     1.505
1960   29    1931     1.611
1960   30    1930     1.702
1960   31    1929     1.778
1960   32    1928     1.841
1960   33    1927     1.895
1960   34    1926     1.939
1960   35    1925     1.978
1960   36    1924     2.010
1960   37    1923     2.037
1960   38    1922     2.059
1960   39    1921     2.077
1960   40    1920     2.090
1960   41    1919     2.100
1960   42    1918     2.108
1960   43    1917     2.113
1960   44    1916     2.116
1960   45    1915     2.117
1960   46    1914     2.118
1960   47    1913     2.119
1960   48    1912     2.119
1960   49    1911     2.119
1960   50    1910     2.119
1960   51    1909     2.119
1960   52    1908     2.119
1960   53    1907     2.119
1960   54    1906     2.120
1960   55    1905     2.120
1961   12    1949     0.000
1961   13    1948     0.000
1961   14    1947     0.000
1961   15    1946     0.000
1961   16    1945     0.001
1961   17    1944     0.004
1961   18    1943     0.020
1961   19    1942     0.066
1961   20    1941     0.164
1961   21    1940     0.318
1961   22    1939     0.508
1961   23    1938     0.707
1961   24    1937     0.904
1961   25    1936     1.089
1961   26    1935     1.254
1961   27    1934     1.400
1961   28    1933     1.525
1961   29    1932     1.631
1961   30    1931     1.721
1961   31    1930     1.799
1961   32    1929     1.863
1961   33    1928     1.917
1961   34    1927     1.963
1961   35    1926     2.001
1961   36    1925     2.032
1961   37    1924     2.058
1961   38    1923     2.079
1961   39    1922     2.095
1961   40    1921     2.108
1961   41    1920     2.119
1961   42    1919     2.126
1961   43    1918     2.131
1961   44    1917     2.134
1961   45    1916     2.136
1961   46    1915     2.137
1961   47    1914     2.138
1961   48    1913     2.138
1961   49    1912     2.138
1961   50    1911     2.138
1961   51    1910     2.138
1961   52    1909     2.138
1961   53    1908     2.138
1961   54    1907     2.138
1961   55    1906     2.138
1962   12    1950     0.000
1962   13    1949     0.000
1962   14    1948     0.000
1962   15    1947     0.000
1962   16    1946     0.001
1962   17    1945     0.004
1962   18    1944     0.019
1962   19    1943     0.065
1962   20    1942     0.167
1962   21    1941     0.323
1962   22    1940     0.514
1962   23    1939     0.721
1962   24    1938     0.919
1962   25    1937     1.105
1962   26    1936     1.275
1962   27    1935     1.423
1962   28    1934     1.552
1962   29    1933     1.661
1962   30    1932     1.752
1962   31    1931     1.828
1962   32    1930     1.890
1962   33    1929     1.943
1962   34    1928     1.987
1962   35    1927     2.023
1962   36    1926     2.053
1962   37    1925     2.078
1962   38    1924     2.097
1962   39    1923     2.112
1962   40    1922     2.125
1962   41    1921     2.134
1962   42    1920     2.140
1962   43    1919     2.145
1962   44    1918     2.148
1962   45    1917     2.149
1962   46    1916     2.150
1962   47    1915     2.151
1962   48    1914     2.151
1962   49    1913     2.151
1962   50    1912     2.151
1962   51    1911     2.151
1962   52    1910     2.151
1962   53    1909     2.151
1962   54    1908     2.151
1962   55    1907     2.151
1963   12    1951     0.000
1963   13    1950     0.000
1963   14    1949     0.000
1963   15    1948     0.000
1963   16    1947     0.001
1963   17    1946     0.004
1963   18    1945     0.019
1963   19    1944     0.070
1963   20    1943     0.179
1963   21    1942     0.348
1963   22    1941     0.549
1963   23    1940     0.764
1963   24    1939     0.979
1963   25    1938     1.177
1963   26    1937     1.359
1963   27    1936     1.524
1963   28    1935     1.666
1963   29    1934     1.789
1963   30    1933     1.893
1963   31    1932     1.981
1963   32    1931     2.055
1963   33    1930     2.116
1963   34    1929     2.167
1963   35    1928     2.209
1963   36    1927     2.243
1963   37    1926     2.271
1963   38    1925     2.294
1963   39    1924     2.312
1963   40    1923     2.325
1963   41    1922     2.334
1963   42    1921     2.340
1963   43    1920     2.345
1963   44    1919     2.348
1963   45    1918     2.350
1963   46    1917     2.351
1963   47    1916     2.351
1963   48    1915     2.352
1963   49    1914     2.352
1963   50    1913     2.352
1963   51    1912     2.352
1963   52    1911     2.352
1963   53    1910     2.352
1963   54    1909     2.352
1963   55    1908     2.352
1964   12    1952     0.000
1964   13    1951     0.000
1964   14    1950     0.000
1964   15    1949     0.000
1964   16    1948     0.001
1964   17    1947     0.004
1964   18    1946     0.019
1964   19    1945     0.068
1964   20    1944     0.177
1964   21    1943     0.348
1964   22    1942     0.553
1964   23    1941     0.764
1964   24    1940     0.972
1964   25    1939     1.169
1964   26    1938     1.350
1964   27    1937     1.513
1964   28    1936     1.660
1964   29    1935     1.788
1964   30    1934     1.896
1964   31    1933     1.988
1964   32    1932     2.065
1964   33    1931     2.130
1964   34    1930     2.184
1964   35    1929     2.230
1964   36    1928     2.268
1964   37    1927     2.297
1964   38    1926     2.321
1964   39    1925     2.340
1964   40    1924     2.353
1964   41    1923     2.364
1964   42    1922     2.371
1964   43    1921     2.376
1964   44    1920     2.380
1964   45    1919     2.382
1964   46    1918     2.383
1964   47    1917     2.383
1964   48    1916     2.384
1964   49    1915     2.384
1964   50    1914     2.384
1964   51    1913     2.384
1964   52    1912     2.384
1964   53    1911     2.384
1964   54    1910     2.384
1964   55    1909     2.384
1965   12    1953     0.000
1965   13    1952     0.000
1965   14    1951     0.000
1965   15    1950     0.000
1965   16    1949     0.001
1965   17    1948     0.004
1965   18    1947     0.020
1965   19    1946     0.066
1965   20    1945     0.170
1965   21    1944     0.329
1965   22    1943     0.521
1965   23    1942     0.722
1965   24    1941     0.913
1965   25    1940     1.094
1965   26    1939     1.259
1965   27    1938     1.405
1965   28    1937     1.538
1965   29    1936     1.656
1965   30    1935     1.757
1965   31    1934     1.842
1965   32    1933     1.914
1965   33    1932     1.975
1965   34    1931     2.025
1965   35    1930     2.066
1965   36    1929     2.100
1965   37    1928     2.128
1965   38    1927     2.150
1965   39    1926     2.166
1965   40    1925     2.180
1965   41    1924     2.190
1965   42    1923     2.197
1965   43    1922     2.203
1965   44    1921     2.206
1965   45    1920     2.207
1965   46    1919     2.208
1965   47    1918     2.209
1965   48    1917     2.209
1965   49    1916     2.209
1965   50    1915     2.209
1965   51    1914     2.209
1965   52    1913     2.209
1965   53    1912     2.209
1965   54    1911     2.209
1965   55    1910     2.209
1966   12    1954     0.000
1966   13    1953     0.000
1966   14    1952     0.000
1966   15    1951     0.000
1966   16    1950     0.001
1966   17    1949     0.004
1966   18    1948     0.019
1966   19    1947     0.065
1966   20    1946     0.164
1966   21    1945     0.319
1966   22    1944     0.504
1966   23    1943     0.695
1966   24    1942     0.876
1966   25    1941     1.042
1966   26    1940     1.194
1966   27    1939     1.331
1966   28    1938     1.452
1966   29    1937     1.555
1966   30    1936     1.645
1966   31    1935     1.721
1966   32    1934     1.784
1966   33    1933     1.836
1966   34    1932     1.880
1966   35    1931     1.916
1966   36    1930     1.946
1966   37    1929     1.970
1966   38    1928     1.989
1966   39    1927     2.005
1966   40    1926     2.017
1966   41    1925     2.025
1966   42    1924     2.031
1966   43    1923     2.035
1966   44    1922     2.038
1966   45    1921     2.039
1966   46    1920     2.040
1966   47    1919     2.040
1966   48    1918     2.040
1966   49    1917     2.041
1966   50    1916     2.041
1966   51    1915     2.041
1966   52    1914     2.041
1966   53    1913     2.041
1966   54    1912     2.041
1966   55    1911     2.041
1967   12    1955     0.000
1967   13    1954     0.000
1967   14    1953     0.000
1967   15    1952     0.000
1967   16    1951     0.001
1967   17    1950     0.004
1967   18    1949     0.019
1967   19    1948     0.064
1967   20    1947     0.165
1967   21    1946     0.320
1967   22    1945     0.501
1967   23    1944     0.685
1967   24    1943     0.860
1967   25    1942     1.022
1967   26    1941     1.164
1967   27    1940     1.290
1967   28    1939     1.399
1967   29    1938     1.494
1967   30    1937     1.577
1967   31    1936     1.647
1967   32    1935     1.704
1967   33    1934     1.751
1967   34    1933     1.790
1967   35    1932     1.822
1967   36    1931     1.848
1967   37    1930     1.869
1967   38    1929     1.885
1967   39    1928     1.899
1967   40    1927     1.908
1967   41    1926     1.916
1967   42    1925     1.921
1967   43    1924     1.925
1967   44    1923     1.927
1967   45    1922     1.928
1967   46    1921     1.929
1967   47    1920     1.929
1967   48    1919     1.929
1967   49    1918     1.929
1967   50    1917     1.929
1967   51    1916     1.929
1967   52    1915     1.929
1967   53    1914     1.929
1967   54    1913     1.929
1967   55    1912     1.929
1968   12    1956     0.000
1968   13    1955     0.000
1968   14    1954     0.000
1968   15    1953     0.000
1968   16    1952     0.001
1968   17    1951     0.004
1968   18    1950     0.018
1968   19    1949     0.064
1968   20    1948     0.161
1968   21    1947     0.311
1968   22    1946     0.489
1968   23    1945     0.671
1968   24    1944     0.839
1968   25    1943     0.994
1968   26    1942     1.136
1968   27    1941     1.258
1968   28    1940     1.364
1968   29    1939     1.455
1968   30    1938     1.533
1968   31    1937     1.599
1968   32    1936     1.652
1968   33    1935     1.696
1968   34    1934     1.732
1968   35    1933     1.761
1968   36    1932     1.785
1968   37    1931     1.804
1968   38    1930     1.820
1968   39    1929     1.833
1968   40    1928     1.841
1968   41    1927     1.848
1968   42    1926     1.853
1968   43    1925     1.856
1968   44    1924     1.858
1968   45    1923     1.859
1968   46    1922     1.860
1968   47    1921     1.860
1968   48    1920     1.860
1968   49    1919     1.860
1968   50    1918     1.860
1968   51    1917     1.860
1968   52    1916     1.860
1968   53    1915     1.860
1968   54    1914     1.860
1968   55    1913     1.860
1969   12    1957     0.000
1969   13    1956     0.000
1969   14    1955     0.000
1969   15    1954     0.000
1969   16    1953     0.001
1969   17    1952     0.004
1969   18    1951     0.020
1969   19    1950     0.067
1969   20    1949     0.168
1969   21    1948     0.322
1969   22    1947     0.504
1969   23    1946     0.690
1969   24    1945     0.865
1969   25    1944     1.022
1969   26    1943     1.163
1969   27    1942     1.288
1969   28    1941     1.394
1969   29    1940     1.486
1969   30    1939     1.563
1969   31    1938     1.627
1969   32    1937     1.682
1969   33    1936     1.727
1969   34    1935     1.764
1969   35    1934     1.794
1969   36    1933     1.818
1969   37    1932     1.838
1969   38    1931     1.853
1969   39    1930     1.865
1969   40    1929     1.874
1969   41    1928     1.881
1969   42    1927     1.886
1969   43    1926     1.889
1969   44    1925     1.891
1969   45    1924     1.892
1969   46    1923     1.893
1969   47    1922     1.893
1969   48    1921     1.893
1969   49    1920     1.894
1969   50    1919     1.894
1969   51    1918     1.894
1969   52    1917     1.894
1969   53    1916     1.894
1969   54    1915     1.894
1969   55    1914     1.894
1970   12    1958     0.000
1970   13    1957     0.000
1970   14    1956     0.000
1970   15    1955     0.000
1970   16    1954     0.001
1970   17    1953     0.005
1970   18    1952     0.021
1970   19    1951     0.068
1970   20    1950     0.168
1970   21    1949     0.325
1970   22    1948     0.508
1970   23    1947     0.694
1970   24    1946     0.874
1970   25    1945     1.038
1970   26    1944     1.181
1970   27    1943     1.309
1970   28    1942     1.422
1970   29    1941     1.515
1970   30    1940     1.594
1970   31    1939     1.661
1970   32    1938     1.716
1970   33    1937     1.759
1970   34    1936     1.796
1970   35    1935     1.826
1970   36    1934     1.848
1970   37    1933     1.867
1970   38    1932     1.881
1970   39    1931     1.892
1970   40    1930     1.901
1970   41    1929     1.908
1970   42    1928     1.913
1970   43    1927     1.916
1970   44    1926     1.918
1970   45    1925     1.919
1970   46    1924     1.919
1970   47    1923     1.920
1970   48    1922     1.920
1970   49    1921     1.920
1970   50    1920     1.920
1970   51    1919     1.920
1970   52    1918     1.920
1970   53    1917     1.920
1970   54    1916     1.920
1970   55    1915     1.920
1971   12    1959     0.000
1971   13    1958     0.000
1971   14    1957     0.000
1971   15    1956     0.000
1971   16    1955     0.001
1971   17    1954     0.005
1971   18    1953     0.022
1971   19    1952     0.069
1971   20    1951     0.169
1971   21    1950     0.320
1971   22    1949     0.501
1971   23    1948     0.689
1971   24    1947     0.871
1971   25    1946     1.040
1971   26    1945     1.193
1971   27    1944     1.326
1971   28    1943     1.442
1971   29    1942     1.544
1971   30    1941     1.631
1971   31    1940     1.703
1971   32    1939     1.762
1971   33    1938     1.811
1971   34    1937     1.850
1971   35    1936     1.882
1971   36    1935     1.907
1971   37    1934     1.927
1971   38    1933     1.943
1971   39    1932     1.954
1971   40    1931     1.963
1971   41    1930     1.969
1971   42    1929     1.974
1971   43    1928     1.977
1971   44    1927     1.979
1971   45    1926     1.980
1971   46    1925     1.980
1971   47    1924     1.980
1971   48    1923     1.981
1971   49    1922     1.981
1971   50    1921     1.981
1971   51    1920     1.981
1971   52    1919     1.981
1971   53    1918     1.981
1971   54    1917     1.981
1971   55    1916     1.981
1972   12    1960     0.000
1972   13    1959     0.000
1972   14    1958     0.000
1972   15    1957     0.000
1972   16    1956     0.001
1972   17    1955     0.005
1972   18    1954     0.022
1972   19    1953     0.070
1972   20    1952     0.170
1972   21    1951     0.324
1972   22    1950     0.513
1972   23    1949     0.712
1972   24    1948     0.905
1972   25    1947     1.085
1972   26    1946     1.249
1972   27    1945     1.393
1972   28    1944     1.516
1972   29    1943     1.621
1972   30    1942     1.712
1972   31    1941     1.787
1972   32    1940     1.849
1972   33    1939     1.901
1972   34    1938     1.943
1972   35    1937     1.977
1972   36    1936     2.004
1972   37    1935     2.024
1972   38    1934     2.040
1972   39    1933     2.052
1972   40    1932     2.060
1972   41    1931     2.067
1972   42    1930     2.071
1972   43    1929     2.074
1972   44    1928     2.076
1972   45    1927     2.077
1972   46    1926     2.077
1972   47    1925     2.078
1972   48    1924     2.078
1972   49    1923     2.078
1972   50    1922     2.078
1972   51    1921     2.078
1972   52    1920     2.078
1972   53    1919     2.078
1972   54    1918     2.078
1972   55    1917     2.078
1973   12    1961     0.000
1973   13    1960     0.000
1973   14    1959     0.000
1973   15    1958     0.000
1973   16    1957     0.001
1973   17    1956     0.005
1973   18    1955     0.022
1973   19    1954     0.072
1973   20    1953     0.176
1973   21    1952     0.337
1973   22    1951     0.534
1973   23    1950     0.749
1973   24    1949     0.963
1973   25    1948     1.164
1973   26    1947     1.349
1973   27    1946     1.515
1973   28    1945     1.656
1973   29    1944     1.774
1973   30    1943     1.877
1973   31    1942     1.966
1973   32    1941     2.038
1973   33    1940     2.095
1973   34    1939     2.142
1973   35    1938     2.179
1973   36    1937     2.210
1973   37    1936     2.233
1973   38    1935     2.250
1973   39    1934     2.263
1973   40    1933     2.273
1973   41    1932     2.280
1973   42    1931     2.285
1973   43    1930     2.288
1973   44    1929     2.290
1973   45    1928     2.291
1973   46    1927     2.291
1973   47    1926     2.292
1973   48    1925     2.292
1973   49    1924     2.292
1973   50    1923     2.292
1973   51    1922     2.292
1973   52    1921     2.292
1973   53    1920     2.292
1973   54    1919     2.292
1973   55    1918     2.292
1974   12    1962     0.000
1974   13    1961     0.000
1974   14    1960     0.000
1974   15    1959     0.000
1974   16    1958     0.001
1974   17    1957     0.004
1974   18    1956     0.022
1974   19    1955     0.076
1974   20    1954     0.191
1974   21    1953     0.368
1974   22    1952     0.580
1974   23    1951     0.807
1974   24    1950     1.033
1974   25    1949     1.245
1974   26    1948     1.437
1974   27    1947     1.609
1974   28    1946     1.762
1974   29    1945     1.892
1974   30    1944     1.999
1974   31    1943     2.089
1974   32    1942     2.166
1974   33    1941     2.230
1974   34    1940     2.281
1974   35    1939     2.323
1974   36    1938     2.355
1974   37    1937     2.380
1974   38    1936     2.399
1974   39    1935     2.413
1974   40    1934     2.423
1974   41    1933     2.430
1974   42    1932     2.434
1974   43    1931     2.437
1974   44    1930     2.439
1974   45    1929     2.440
1974   46    1928     2.440
1974   47    1927     2.441
1974   48    1926     2.441
1974   49    1925     2.441
1974   50    1924     2.441
1974   51    1923     2.441
1974   52    1922     2.441
1974   53    1921     2.441
1974   54    1920     2.441
1974   55    1919     2.441
1975   12    1963     0.000
1975   13    1962     0.000
1975   14    1961     0.000
1975   15    1960     0.000
1975   16    1959     0.001
1975   17    1958     0.005
1975   18    1957     0.024
1975   19    1956     0.082
1975   20    1955     0.204
1975   21    1954     0.384
1975   22    1953     0.598
1975   23    1952     0.824
1975   24    1951     1.048
1975   25    1950     1.257
1975   26    1949     1.446
1975   27    1948     1.612
1975   28    1947     1.757
1975   29    1946     1.882
1975   30    1945     1.987
1975   31    1944     2.073
1975   32    1943     2.146
1975   33    1942     2.208
1975   34    1941     2.257
1975   35    1940     2.297
1975   36    1939     2.329
1975   37    1938     2.353
1975   38    1937     2.372
1975   39    1936     2.385
1975   40    1935     2.394
1975   41    1934     2.401
1975   42    1933     2.406
1975   43    1932     2.408
1975   44    1931     2.410
1975   45    1930     2.411
1975   46    1929     2.412
1975   47    1928     2.412
1975   48    1927     2.412
1975   49    1926     2.412
1975   50    1925     2.412
1975   51    1924     2.412
1975   52    1923     2.412
1975   53    1922     2.412
1975   54    1921     2.412
1975   55    1920     2.412
1976   12    1964     0.000
1976   13    1963     0.000
1976   14    1962     0.000
1976   15    1961     0.000
1976   16    1960     0.001
1976   17    1959     0.004
1976   18    1958     0.023
1976   19    1957     0.083
1976   20    1956     0.207
1976   21    1955     0.390
1976   22    1954     0.606
1976   23    1953     0.831
1976   24    1952     1.050
1976   25    1951     1.254
1976   26    1950     1.436
1976   27    1949     1.595
1976   28    1948     1.735
1976   29    1947     1.855
1976   30    1946     1.958
1976   31    1945     2.044
1976   32    1944     2.113
1976   33    1943     2.172
1976   34    1942     2.220
1976   35    1941     2.257
1976   36    1940     2.289
1976   37    1939     2.313
1976   38    1938     2.331
1976   39    1937     2.345
1976   40    1936     2.355
1976   41    1935     2.362
1976   42    1934     2.366
1976   43    1933     2.369
1976   44    1932     2.370
1976   45    1931     2.371
1976   46    1930     2.372
1976   47    1929     2.372
1976   48    1928     2.373
1976   49    1927     2.373
1976   50    1926     2.373
1976   51    1925     2.373
1976   52    1924     2.373
1976   53    1923     2.373
1976   54    1922     2.373
1976   55    1921     2.373
1977   12    1965     0.000
1977   13    1964     0.000
1977   14    1963     0.000
1977   15    1962     0.000
1977   16    1961     0.001
1977   17    1960     0.005
1977   18    1959     0.023
1977   19    1958     0.081
1977   20    1957     0.207
1977   21    1956     0.395
1977   22    1955     0.614
1977   23    1954     0.840
1977   24    1953     1.056
1977   25    1952     1.254
1977   26    1951     1.432
1977   27    1950     1.587
1977   28    1949     1.721
1977   29    1948     1.835
1977   30    1947     1.932
1977   31    1946     2.014
1977   32    1945     2.082
1977   33    1944     2.136
1977   34    1943     2.182
1977   35    1942     2.221
1977   36    1941     2.250
1977   37    1940     2.273
1977   38    1939     2.291
1977   39    1938     2.304
1977   40    1937     2.314
1977   41    1936     2.320
1977   42    1935     2.324
1977   43    1934     2.327
1977   44    1933     2.329
1977   45    1932     2.330
1977   46    1931     2.330
1977   47    1930     2.331
1977   48    1929     2.331
1977   49    1928     2.331
1977   50    1927     2.331
1977   51    1926     2.331
1977   52    1925     2.331
1977   53    1924     2.331
1977   54    1923     2.331
1977   55    1922     2.331
1978   12    1966     0.000
1978   13    1965     0.000
1978   14    1964     0.000
1978   15    1963     0.000
1978   16    1962     0.001
1978   17    1961     0.004
1978   18    1960     0.022
1978   19    1959     0.081
1978   20    1958     0.208
1978   21    1957     0.401
1978   22    1956     0.625
1978   23    1955     0.854
1978   24    1954     1.072
1978   25    1953     1.271
1978   26    1952     1.451
1978   27    1951     1.607
1978   28    1950     1.740
1978   29    1949     1.852
1978   30    1948     1.947
1978   31    1947     2.025
1978   32    1946     2.091
1978   33    1945     2.146
1978   34    1944     2.190
1978   35    1943     2.227
1978   36    1942     2.257
1978   37    1941     2.281
1978   38    1940     2.298
1978   39    1939     2.311
1978   40    1938     2.320
1978   41    1937     2.327
1978   42    1936     2.331
1978   43    1935     2.333
1978   44    1934     2.335
1978   45    1933     2.336
1978   46    1932     2.336
1978   47    1931     2.337
1978   48    1930     2.337
1978   49    1929     2.337
1978   50    1928     2.337
1978   51    1927     2.337
1978   52    1926     2.337
1978   53    1925     2.337
1978   54    1924     2.337
1978   55    1923     2.337
1979   12    1967     0.000
1979   13    1966     0.000
1979   14    1965     0.000
1979   15    1964     0.000
1979   16    1963     0.001
1979   17    1962     0.004
1979   18    1961     0.023
1979   19    1960     0.083
1979   20    1959     0.213
1979   21    1958     0.404
1979   22    1957     0.626
1979   23    1956     0.858
1979   24    1955     1.074
1979   25    1954     1.268
1979   26    1953     1.442
1979   27    1952     1.595
1979   28    1951     1.726
1979   29    1950     1.833
1979   30    1949     1.924
1979   31    1948     2.002
1979   32    1947     2.066
1979   33    1946     2.119
1979   34    1945     2.163
1979   35    1944     2.197
1979   36    1943     2.225
1979   37    1942     2.247
1979   38    1941     2.264
1979   39    1940     2.276
1979   40    1939     2.284
1979   41    1938     2.290
1979   42    1937     2.294
1979   43    1936     2.296
1979   44    1935     2.298
1979   45    1934     2.299
1979   46    1933     2.299
1979   47    1932     2.300
1979   48    1931     2.300
1979   49    1930     2.300
1979   50    1929     2.300
1979   51    1928     2.300
1979   52    1927     2.300
1979   53    1926     2.300
1979   54    1925     2.300
1979   55    1924     2.300
1980   12    1968     0.000
1980   13    1967     0.000
1980   14    1966     0.000
1980   15    1965     0.000
1980   16    1964     0.001
1980   17    1963     0.004
1980   18    1962     0.021
1980   19    1961     0.080
1980   20    1960     0.203
1980   21    1959     0.386
1980   22    1958     0.600
1980   23    1957     0.815
1980   24    1956     1.016
1980   25    1955     1.197
1980   26    1954     1.356
1980   27    1953     1.494
1980   28    1952     1.612
1980   29    1951     1.709
1980   30    1950     1.789
1980   31    1949     1.855
1980   32    1948     1.909
1980   33    1947     1.953
1980   34    1946     1.991
1980   35    1945     2.022
1980   36    1944     2.045
1980   37    1943     2.064
1980   38    1942     2.078
1980   39    1941     2.088
1980   40    1940     2.096
1980   41    1939     2.101
1980   42    1938     2.105
1980   43    1937     2.107
1980   44    1936     2.108
1980   45    1935     2.109
1980   46    1934     2.109
1980   47    1933     2.110
1980   48    1932     2.110
1980   49    1931     2.110
1980   50    1930     2.110
1980   51    1929     2.110
1980   52    1928     2.110
1980   53    1927     2.110
1980   54    1926     2.110
1980   55    1925     2.110
1981   12    1969     0.000
1981   13    1968     0.000
1981   14    1967     0.000
1981   15    1966     0.000
1981   16    1965     0.001
1981   17    1964     0.004
1981   18    1963     0.021
1981   19    1962     0.073
1981   20    1961     0.189
1981   21    1960     0.365
1981   22    1959     0.571
1981   23    1958     0.778
1981   24    1957     0.972
1981   25    1956     1.147
1981   26    1955     1.300
1981   27    1954     1.432
1981   28    1953     1.543
1981   29    1952     1.636
1981   30    1951     1.714
1981   31    1950     1.777
1981   32    1949     1.830
1981   33    1948     1.873
1981   34    1947     1.907
1981   35    1946     1.935
1981   36    1945     1.958
1981   37    1944     1.975
1981   38    1943     1.989
1981   39    1942     1.999
1981   40    1941     2.007
1981   41    1940     2.012
1981   42    1939     2.016
1981   43    1938     2.019
1981   44    1937     2.020
1981   45    1936     2.021
1981   46    1935     2.022
1981   47    1934     2.022
1981   48    1933     2.022
1981   49    1932     2.022
1981   50    1931     2.022
1981   51    1930     2.022
1981   52    1929     2.022
1981   53    1928     2.022
1981   54    1927     2.022
1981   55    1926     2.022
1982   12    1970     0.000
1982   13    1969     0.000
1982   14    1968     0.000
1982   15    1967     0.000
1982   16    1966     0.001
1982   17    1965     0.004
1982   18    1964     0.021
1982   19    1963     0.073
1982   20    1962     0.189
1982   21    1961     0.366
1982   22    1960     0.573
1982   23    1959     0.780
1982   24    1958     0.976
1982   25    1957     1.150
1982   26    1956     1.303
1982   27    1955     1.436
1982   28    1954     1.548
1982   29    1953     1.640
1982   30    1952     1.715
1982   31    1951     1.778
1982   32    1950     1.829
1982   33    1949     1.870
1982   34    1948     1.904
1982   35    1947     1.931
1982   36    1946     1.953
1982   37    1945     1.971
1982   38    1944     1.985
1982   39    1943     1.994
1982   40    1942     2.002
1982   41    1941     2.006
1982   42    1940     2.010
1982   43    1939     2.012
1982   44    1938     2.013
1982   45    1937     2.014
1982   46    1936     2.014
1982   47    1935     2.014
1982   48    1934     2.014
1982   49    1933     2.014
1982   50    1932     2.014
1982   51    1931     2.014
1982   52    1930     2.014
1982   53    1929     2.014
1982   54    1928     2.014
1982   55    1927     2.014
1983   12    1971     0.000
1983   13    1970     0.000
1983   14    1969     0.000
1983   15    1968     0.000
1983   16    1967     0.001
1983   17    1966     0.004
1983   18    1965     0.022
1983   19    1964     0.075
1983   20    1963     0.191
1983   21    1962     0.365
1983   22    1961     0.567
1983   23    1960     0.772
1983   24    1959     0.963
1983   25    1958     1.133
1983   26    1957     1.282
1983   27    1956     1.410
1983   28    1955     1.520
1983   29    1954     1.611
1983   30    1953     1.685
1983   31    1952     1.744
1983   32    1951     1.794
1983   33    1950     1.834
1983   34    1949     1.867
1983   35    1948     1.893
1983   36    1947     1.914
1983   37    1946     1.931
1983   38    1945     1.944
1983   39    1944     1.953
1983   40    1943     1.960
1983   41    1942     1.964
1983   42    1941     1.967
1983   43    1940     1.969
1983   44    1939     1.970
1983   45    1938     1.971
1983   46    1937     1.971
1983   47    1936     1.971
1983   48    1935     1.971
1983   49    1934     1.971
1983   50    1933     1.971
1983   51    1932     1.971
1983   52    1931     1.971
1983   53    1930     1.971
1983   54    1929     1.971
1983   55    1928     1.971
1984   12    1972     0.000
1984   13    1971     0.000
1984   14    1970     0.000
1984   15    1969     0.000
1984   16    1968     0.000
1984   17    1967     0.005
1984   18    1966     0.023
1984   19    1965     0.078
1984   20    1964     0.194
1984   21    1963     0.368
1984   22    1962     0.570
1984   23    1961     0.774
1984   24    1960     0.965
1984   25    1959     1.136
1984   26    1958     1.287
1984   27    1957     1.418
1984   28    1956     1.528
1984   29    1955     1.619
1984   30    1954     1.693
1984   31    1953     1.754
1984   32    1952     1.804
1984   33    1951     1.844
1984   34    1950     1.877
1984   35    1949     1.903
1984   36    1948     1.923
1984   37    1947     1.939
1984   38    1946     1.952
1984   39    1945     1.960
1984   40    1944     1.966
1984   41    1943     1.970
1984   42    1942     1.973
1984   43    1941     1.975
1984   44    1940     1.976
1984   45    1939     1.976
1984   46    1938     1.977
1984   47    1937     1.977
1984   48    1936     1.977
1984   49    1935     1.977
1984   50    1934     1.977
1984   51    1933     1.977
1984   52    1932     1.977
1984   53    1931     1.977
1984   54    1930     1.977
1984   55    1929     1.977
1985   12    1973     0.000
1985   13    1972     0.000
1985   14    1971     0.000
1985   15    1970     0.000
1985   16    1969     0.000
1985   17    1968     0.004
1985   18    1967     0.023
1985   19    1966     0.078
1985   20    1965     0.192
1985   21    1964     0.362
1985   22    1963     0.560
1985   23    1962     0.763
1985   24    1961     0.954
1985   25    1960     1.126
1985   26    1959     1.279
1985   27    1958     1.413
1985   28    1957     1.523
1985   29    1956     1.614
1985   30    1955     1.689
1985   31    1954     1.750
1985   32    1953     1.800
1985   33    1952     1.840
1985   34    1951     1.873
1985   35    1950     1.899
1985   36    1949     1.920
1985   37    1948     1.936
1985   38    1947     1.948
1985   39    1946     1.956
1985   40    1945     1.963
1985   41    1944     1.967
1985   42    1943     1.970
1985   43    1942     1.972
1985   44    1941     1.973
1985   45    1940     1.973
1985   46    1939     1.973
1985   47    1938     1.974
1985   48    1937     1.974
1985   49    1936     1.974
1985   50    1935     1.974
1985   51    1934     1.974
1985   52    1933     1.974
1985   53    1932     1.974
1985   54    1931     1.974
1985   55    1930     1.974
1986   12    1974     0.000
1986   13    1973     0.000
1986   14    1972     0.000
1986   15    1971     0.000
1986   16    1970     0.001
1986   17    1969     0.004
1986   18    1968     0.020
1986   19    1967     0.074
1986   20    1966     0.187
1986   21    1965     0.354
1986   22    1964     0.547
1986   23    1963     0.743
1986   24    1962     0.929
1986   25    1961     1.099
1986   26    1960     1.252
1986   27    1959     1.384
1986   28    1958     1.495
1986   29    1957     1.586
1986   30    1956     1.661
1986   31    1955     1.723
1986   32    1954     1.774
1986   33    1953     1.814
1986   34    1952     1.847
1986   35    1951     1.873
1986   36    1950     1.894
1986   37    1949     1.911
1986   38    1948     1.923
1986   39    1947     1.931
1986   40    1946     1.938
1986   41    1945     1.942
1986   42    1944     1.944
1986   43    1943     1.946
1986   44    1942     1.947
1986   45    1941     1.948
1986   46    1940     1.948
1986   47    1939     1.948
1986   48    1938     1.948
1986   49    1937     1.948
1986   50    1936     1.948
1986   51    1935     1.948
1986   52    1934     1.948
1986   53    1933     1.948
1986   54    1932     1.948
1986   55    1931     1.948
1987   12    1975     0.000
1987   13    1974     0.000
1987   14    1973     0.000
1987   15    1972     0.000
1987   16    1971     0.001
1987   17    1970     0.003
1987   18    1969     0.018
1987   19    1968     0.069
1987   20    1967     0.183
1987   21    1966     0.347
1987   22    1965     0.532
1987   23    1964     0.724
1987   24    1963     0.908
1987   25    1962     1.077
1987   26    1961     1.230
1987   27    1960     1.363
1987   28    1959     1.476
1987   29    1958     1.567
1987   30    1957     1.641
1987   31    1956     1.702
1987   32    1955     1.751
1987   33    1954     1.790
1987   34    1953     1.822
1987   35    1952     1.847
1987   36    1951     1.868
1987   37    1950     1.885
1987   38    1949     1.898
1987   39    1948     1.907
1987   40    1947     1.913
1987   41    1946     1.917
1987   42    1945     1.920
1987   43    1944     1.921
1987   44    1943     1.922
1987   45    1942     1.923
1987   46    1941     1.923
1987   47    1940     1.923
1987   48    1939     1.924
1987   49    1938     1.924
1987   50    1937     1.924
1987   51    1936     1.924
1987   52    1935     1.924
1987   53    1934     1.924
1987   54    1933     1.924
1987   55    1932     1.924
1988   12    1976     0.000
1988   13    1975     0.000
1988   14    1974     0.000
1988   15    1973     0.000
1988   16    1972     0.001
1988   17    1971     0.003
1988   18    1970     0.018
1988   19    1969     0.068
1988   20    1968     0.184
1988   21    1967     0.351
1988   22    1966     0.537
1988   23    1965     0.729
1988   24    1964     0.913
1988   25    1963     1.082
1988   26    1962     1.235
1988   27    1961     1.370
1988   28    1960     1.486
1988   29    1959     1.583
1988   30    1958     1.661
1988   31    1957     1.725
1988   32    1956     1.777
1988   33    1955     1.819
1988   34    1954     1.852
1988   35    1953     1.879
1988   36    1952     1.900
1988   37    1951     1.916
1988   38    1950     1.929
1988   39    1949     1.938
1988   40    1948     1.944
1988   41    1947     1.949
1988   42    1946     1.952
1988   43    1945     1.953
1988   44    1944     1.954
1988   45    1943     1.955
1988   46    1942     1.955
1988   47    1941     1.955
1988   48    1940     1.955
1988   49    1939     1.955
1988   50    1938     1.955
1988   51    1937     1.955
1988   52    1936     1.955
1988   53    1935     1.955
1988   54    1934     1.955
1988   55    1933     1.955
1989   12    1977     0.000
1989   13    1976     0.000
1989   14    1975     0.000
1989   15    1974     0.000
1989   16    1973     0.000
1989   17    1972     0.003
1989   18    1971     0.015
1989   19    1970     0.063
1989   20    1969     0.174
1989   21    1968     0.335
1989   22    1967     0.514
1989   23    1966     0.696
1989   24    1965     0.875
1989   25    1964     1.043
1989   26    1963     1.194
1989   27    1962     1.324
1989   28    1961     1.434
1989   29    1960     1.527
1989   30    1959     1.603
1989   31    1958     1.664
1989   32    1957     1.714
1989   33    1956     1.754
1989   34    1955     1.786
1989   35    1954     1.813
1989   36    1953     1.833
1989   37    1952     1.849
1989   38    1951     1.862
1989   39    1950     1.871
1989   40    1949     1.878
1989   41    1948     1.882
1989   42    1947     1.885
1989   43    1946     1.886
1989   44    1945     1.887
1989   45    1944     1.888
1989   46    1943     1.888
1989   47    1942     1.888
1989   48    1941     1.888
1989   49    1940     1.888
1989   50    1939     1.888
1989   51    1938     1.888
1989   52    1937     1.888
1989   53    1936     1.888
1989   54    1935     1.888
1989   55    1934     1.888
1990   12    1978     0.000
1990   13    1977     0.000
1990   14    1976     0.000
1990   15    1975     0.000
1990   16    1974     0.001
1990   17    1973     0.004
1990   18    1972     0.017
1990   19    1971     0.064
1990   20    1970     0.173
1990   21    1969     0.337
1990   22    1968     0.521
1990   23    1967     0.705
1990   24    1966     0.883
1990   25    1965     1.050
1990   26    1964     1.203
1990   27    1963     1.336
1990   28    1962     1.448
1990   29    1961     1.540
1990   30    1960     1.616
1990   31    1959     1.679
1990   32    1958     1.730
1990   33    1957     1.770
1990   34    1956     1.804
1990   35    1955     1.831
1990   36    1954     1.853
1990   37    1953     1.869
1990   38    1952     1.881
1990   39    1951     1.890
1990   40    1950     1.897
1990   41    1949     1.901
1990   42    1948     1.904
1990   43    1947     1.906
1990   44    1946     1.907
1990   45    1945     1.907
1990   46    1944     1.908
1990   47    1943     1.908
1990   48    1942     1.908
1990   49    1941     1.908
1990   50    1940     1.908
1990   51    1939     1.908
1990   52    1938     1.908
1990   53    1937     1.908
1990   54    1936     1.908
1990   55    1935     1.908
1991   12    1979     0.000
1991   13    1978     0.000
1991   14    1977     0.000
1991   15    1976     0.000
1991   16    1975     0.001
1991   17    1974     0.004
1991   18    1973     0.019
1991   19    1972     0.068
1991   20    1971     0.177
1991   21    1970     0.339
1991   22    1969     0.519
1991   23    1968     0.697
1991   24    1967     0.868
1991   25    1966     1.031
1991   26    1965     1.177
1991   27    1964     1.304
1991   28    1963     1.412
1991   29    1962     1.503
1991   30    1961     1.577
1991   31    1960     1.639
1991   32    1959     1.688
1991   33    1958     1.727
1991   34    1957     1.759
1991   35    1956     1.784
1991   36    1955     1.805
1991   37    1954     1.821
1991   38    1953     1.834
1991   39    1952     1.843
1991   40    1951     1.850
1991   41    1950     1.855
1991   42    1949     1.858
1991   43    1948     1.860
1991   44    1947     1.861
1991   45    1946     1.861
1991   46    1945     1.861
1991   47    1944     1.862
1991   48    1943     1.862
1991   49    1942     1.862
1991   50    1941     1.862
1991   51    1940     1.862
1991   52    1939     1.862
1991   53    1938     1.862
1991   54    1937     1.862
1991   55    1936     1.862
1992   12    1980     0.000
1992   13    1979     0.000
1992   14    1978     0.000
1992   15    1977     0.000
1992   16    1976     0.001
1992   17    1975     0.004
1992   18    1974     0.017
1992   19    1973     0.062
1992   20    1972     0.162
1992   21    1971     0.304
1992   22    1970     0.462
1992   23    1969     0.625
1992   24    1968     0.784
1992   25    1967     0.931
1992   26    1966     1.066
1992   27    1965     1.187
1992   28    1964     1.288
1992   29    1963     1.376
1992   30    1962     1.446
1992   31    1961     1.504
1992   32    1960     1.552
1992   33    1959     1.590
1992   34    1958     1.620
1992   35    1957     1.644
1992   36    1956     1.663
1992   37    1955     1.677
1992   38    1954     1.689
1992   39    1953     1.698
1992   40    1952     1.704
1992   41    1951     1.708
1992   42    1950     1.712
1992   43    1949     1.714
1992   44    1948     1.715
1992   45    1947     1.715
1992   46    1946     1.715
1992   47    1945     1.716
1992   48    1944     1.716
1992   49    1943     1.716
1992   50    1942     1.716
1992   51    1941     1.716
1992   52    1940     1.716
1992   53    1939     1.716
1992   54    1938     1.716
1992   55    1937     1.716
1993   12    1981     0.000
1993   13    1980     0.000
1993   14    1979     0.000
1993   15    1978     0.000
1993   16    1977     0.001
1993   17    1976     0.004
1993   18    1975     0.017
1993   19    1974     0.057
1993   20    1973     0.150
1993   21    1972     0.281
1993   22    1971     0.425
1993   23    1970     0.578
1993   24    1969     0.729
1993   25    1968     0.873
1993   26    1967     1.005
1993   27    1966     1.122
1993   28    1965     1.226
1993   29    1964     1.314
1993   30    1963     1.386
1993   31    1962     1.444
1993   32    1961     1.492
1993   33    1960     1.531
1993   34    1959     1.564
1993   35    1958     1.590
1993   36    1957     1.611
1993   37    1956     1.627
1993   38    1955     1.640
1993   39    1954     1.649
1993   40    1953     1.655
1993   41    1952     1.660
1993   42    1951     1.663
1993   43    1950     1.665
1993   44    1949     1.666
1993   45    1948     1.667
1993   46    1947     1.667
1993   47    1946     1.667
1993   48    1945     1.667
1993   49    1944     1.667
1993   50    1943     1.667
1993   51    1942     1.667
1993   52    1941     1.667
1993   53    1940     1.667
1993   54    1939     1.667
1993   55    1938     1.667
1994   12    1982     0.000
1994   13    1981     0.000
1994   14    1980     0.000
1994   15    1979     0.000
1994   16    1978     0.001
1994   17    1977     0.003
1994   18    1976     0.013
1994   19    1975     0.044
1994   20    1974     0.111
1994   21    1973     0.213
1994   22    1972     0.330
1994   23    1971     0.455
1994   24    1970     0.585
1994   25    1969     0.709
1994   26    1968     0.827
1994   27    1967     0.932
1994   28    1966     1.025
1994   29    1965     1.103
1994   30    1964     1.171
1994   31    1963     1.228
1994   32    1962     1.273
1994   33    1961     1.311
1994   34    1960     1.342
1994   35    1959     1.367
1994   36    1958     1.387
1994   37    1957     1.402
1994   38    1956     1.414
1994   39    1955     1.423
1994   40    1954     1.430
1994   41    1953     1.434
1994   42    1952     1.438
1994   43    1951     1.439
1994   44    1950     1.440
1994   45    1949     1.441
1994   46    1948     1.441
1994   47    1947     1.442
1994   48    1946     1.442
1994   49    1945     1.442
1994   50    1944     1.442
1994   51    1943     1.442
1994   52    1942     1.442
1994   53    1941     1.442
1994   54    1940     1.442
1994   55    1939     1.442
1995   12    1983     0.000
1995   13    1982     0.000
1995   14    1981     0.000
1995   15    1980     0.000
1995   16    1979     0.001
1995   17    1978     0.003
1995   18    1977     0.011
1995   19    1976     0.034
1995   20    1975     0.084
1995   21    1974     0.160
1995   22    1973     0.254
1995   23    1972     0.361
1995   24    1971     0.471
1995   25    1970     0.583
1995   26    1969     0.689
1995   27    1968     0.790
1995   28    1967     0.876
1995   29    1966     0.951
1995   30    1965     1.017
1995   31    1964     1.071
1995   32    1963     1.115
1995   33    1962     1.153
1995   34    1961     1.184
1995   35    1960     1.208
1995   36    1959     1.228
1995   37    1958     1.243
1995   38    1957     1.255
1995   39    1956     1.264
1995   40    1955     1.270
1995   41    1954     1.275
1995   42    1953     1.278
1995   43    1952     1.280
1995   44    1951     1.281
1995   45    1950     1.281
1995   46    1949     1.281
1995   47    1948     1.282
1995   48    1947     1.282
1995   49    1946     1.282
1995   50    1945     1.282
1995   51    1944     1.282
1995   52    1943     1.282
1995   53    1942     1.282
1995   54    1941     1.282
1995   55    1940     1.282
1996   12    1984     0.000
1996   13    1983     0.000
1996   14    1982     0.000
1996   15    1981     0.000
1996   16    1980     0.001
1996   17    1979     0.003
1996   18    1978     0.010
1996   19    1977     0.028
1996   20    1976     0.067
1996   21    1975     0.129
1996   22    1974     0.208
1996   23    1973     0.302
1996   24    1972     0.401
1996   25    1971     0.504
1996   26    1970     0.603
1996   27    1969     0.698
1996   28    1968     0.783
1996   29    1967     0.858
1996   30    1966     0.921
1996   31    1965     0.975
1996   32    1964     1.022
1996   33    1963     1.060
1996   34    1962     1.090
1996   35    1961     1.114
1996   36    1960     1.134
1996   37    1959     1.149
1996   38    1958     1.161
1996   39    1957     1.171
1996   40    1956     1.178
1996   41    1955     1.182
1996   42    1954     1.185
1996   43    1953     1.187
1996   44    1952     1.188
1996   45    1951     1.189
1996   46    1950     1.189
1996   47    1949     1.189
1996   48    1948     1.189
1996   49    1947     1.189
1996   50    1946     1.189
1996   51    1945     1.189
1996   52    1944     1.189
1996   53    1943     1.189
1996   54    1942     1.189
1996   55    1941     1.189
1997   12    1985     0.000
1997   13    1984     0.000
1997   14    1983     0.000
1997   15    1982     0.000
1997   16    1981     0.001
1997   17    1980     0.003
1997   18    1979     0.010
1997   19    1978     0.027
1997   20    1977     0.060
1997   21    1976     0.113
1997   22    1975     0.184
1997   23    1974     0.267
1997   24    1973     0.362
1997   25    1972     0.461
1997   26    1971     0.564
1997   27    1970     0.663
1997   28    1969     0.751
1997   29    1968     0.829
1997   30    1967     0.896
1997   31    1966     0.954
1997   32    1965     1.000
1997   33    1964     1.039
1997   34    1963     1.071
1997   35    1962     1.097
1997   36    1961     1.119
1997   37    1960     1.136
1997   38    1959     1.149
1997   39    1958     1.159
1997   40    1957     1.166
1997   41    1956     1.171
1997   42    1955     1.174
1997   43    1954     1.176
1997   44    1953     1.177
1997   45    1952     1.177
1997   46    1951     1.178
1997   47    1950     1.178
1997   48    1949     1.178
1997   49    1948     1.178
1997   50    1947     1.178
1997   51    1946     1.178
1997   52    1945     1.178
1997   53    1944     1.178
1997   54    1943     1.178
1997   55    1942     1.178
1998   12    1986     0.000
1998   13    1985     0.000
1998   14    1984     0.000
1998   15    1983     0.000
1998   16    1982     0.000
1998   17    1981     0.002
1998   18    1980     0.009
1998   19    1979     0.024
1998   20    1978     0.055
1998   21    1977     0.102
1998   22    1976     0.163
1998   23    1975     0.240
1998   24    1974     0.328
1998   25    1973     0.425
1998   26    1972     0.527
1998   27    1971     0.624
1998   28    1970     0.715
1998   29    1969     0.796
1998   30    1968     0.868
1998   31    1967     0.928
1998   32    1966     0.978
1998   33    1965     1.018
1998   34    1964     1.050
1998   35    1963     1.078
1998   36    1962     1.100
1998   37    1961     1.118
1998   38    1960     1.132
1998   39    1959     1.143
1998   40    1958     1.150
1998   41    1957     1.155
1998   42    1956     1.159
1998   43    1955     1.160
1998   44    1954     1.161
1998   45    1953     1.162
1998   46    1952     1.163
1998   47    1951     1.163
1998   48    1950     1.163
1998   49    1949     1.163
1998   50    1948     1.163
1998   51    1947     1.163
1998   52    1946     1.163
1998   53    1945     1.163
1998   54    1944     1.163
1998   55    1943     1.163
1999   12    1987     0.000
1999   13    1986     0.000
1999   14    1985     0.000
1999   15    1984     0.000
1999   16    1983     0.000
1999   17    1982     0.002
1999   18    1981     0.009
1999   19    1980     0.024
1999   20    1979     0.053
1999   21    1978     0.095
1999   22    1977     0.149
1999   23    1976     0.216
1999   24    1975     0.295
1999   25    1974     0.386
1999   26    1973     0.485
1999   27    1972     0.582
1999   28    1971     0.674
1999   29    1970     0.759
1999   30    1969     0.833
1999   31    1968     0.896
1999   32    1967     0.946
1999   33    1966     0.989
1999   34    1965     1.024
1999   35    1964     1.052
1999   36    1963     1.075
1999   37    1962     1.093
1999   38    1961     1.107
1999   39    1960     1.118
1999   40    1959     1.126
1999   41    1958     1.131
1999   42    1957     1.135
1999   43    1956     1.137
1999   44    1955     1.138
1999   45    1954     1.139
1999   46    1953     1.139
1999   47    1952     1.139
1999   48    1951     1.139
1999   49    1950     1.139
1999   50    1949     1.139
1999   51    1948     1.139
1999   52    1947     1.139
1999   53    1946     1.139
1999   54    1945     1.139
1999   55    1944     1.139
2000   12    1988     0.000
2000   13    1987     0.000
2000   14    1986     0.000
2000   15    1985     0.000
2000   16    1984     0.001
2000   17    1983     0.003
2000   18    1982     0.009
2000   19    1981     0.021
2000   20    1980     0.046
2000   21    1979     0.086
2000   22    1978     0.134
2000   23    1977     0.193
2000   24    1976     0.266
2000   25    1975     0.353
2000   26    1974     0.448
2000   27    1973     0.551
2000   28    1972     0.647
2000   29    1971     0.737
2000   30    1970     0.816
2000   31    1969     0.885
2000   32    1968     0.943
2000   33    1967     0.989
2000   34    1966     1.026
2000   35    1965     1.056
2000   36    1964     1.081
2000   37    1963     1.101
2000   38    1962     1.116
2000   39    1961     1.127
2000   40    1960     1.136
2000   41    1959     1.142
2000   42    1958     1.146
2000   43    1957     1.148
2000   44    1956     1.149
2000   45    1955     1.150
2000   46    1954     1.150
2000   47    1953     1.151
2000   48    1952     1.151
2000   49    1951     1.151
2000   50    1950     1.151
2000   51    1949     1.151
2000   52    1948     1.151
2000   53    1947     1.151
2000   54    1946     1.151
2000   55    1945     1.151
2001   12    1989     0.000
2001   13    1988     0.000
2001   14    1987     0.000
2001   15    1986     0.000
2001   16    1985     0.001
2001   17    1984     0.003
2001   18    1983     0.008
2001   19    1982     0.020
2001   20    1981     0.042
2001   21    1980     0.076
2001   22    1979     0.121
2001   23    1978     0.174
2001   24    1977     0.237
2001   25    1976     0.316
2001   26    1975     0.406
2001   27    1974     0.504
2001   28    1973     0.603
2001   29    1972     0.695
2001   30    1971     0.778
2001   31    1970     0.853
2001   32    1969     0.916
2001   33    1968     0.967
2001   34    1967     1.008
2001   35    1966     1.041
2001   36    1965     1.067
2001   37    1964     1.089
2001   38    1963     1.106
2001   39    1962     1.117
2001   40    1961     1.127
2001   41    1960     1.133
2001   42    1959     1.138
2001   43    1958     1.141
2001   44    1957     1.142
2001   45    1956     1.143
2001   46    1955     1.143
2001   47    1954     1.144
2001   48    1953     1.144
2001   49    1952     1.144
2001   50    1951     1.144
2001   51    1950     1.144
2001   52    1949     1.144
2001   53    1948     1.144
2001   54    1947     1.144
2001   55    1946     1.144
2002   12    1990     0.000
2002   13    1989     0.000
2002   14    1988     0.000
2002   15    1987     0.000
2002   16    1986     0.001
2002   17    1985     0.003
2002   18    1984     0.009
2002   19    1983     0.021
2002   20    1982     0.043
2002   21    1981     0.074
2002   22    1980     0.115
2002   23    1979     0.166
2002   24    1978     0.227
2002   25    1977     0.299
2002   26    1976     0.385
2002   27    1975     0.482
2002   28    1974     0.580
2002   29    1973     0.678
2002   30    1972     0.766
2002   31    1971     0.845
2002   32    1970     0.914
2002   33    1969     0.968
2002   34    1968     1.014
2002   35    1967     1.050
2002   36    1966     1.080
2002   37    1965     1.104
2002   38    1964     1.123
2002   39    1963     1.136
2002   40    1962     1.146
2002   41    1961     1.154
2002   42    1960     1.159
2002   43    1959     1.162
2002   44    1958     1.163
2002   45    1957     1.164
2002   46    1956     1.165
2002   47    1955     1.165
2002   48    1954     1.165
2002   49    1953     1.165
2002   50    1952     1.165
2002   51    1951     1.165
2002   52    1950     1.165
2002   53    1949     1.165
2002   54    1948     1.165
2002   55    1947     1.165
2003   12    1991     0.000
2003   13    1990     0.000
2003   14    1989     0.000
2003   15    1988     0.000
2003   16    1987     0.001
2003   17    1986     0.003
2003   18    1985     0.009
2003   19    1984     0.022
2003   20    1983     0.043
2003   21    1982     0.073
2003   22    1981     0.112
2003   23    1980     0.157
2003   24    1979     0.213
2003   25    1978     0.279
2003   26    1977     0.358
2003   27    1976     0.452
2003   28    1975     0.551
2003   29    1974     0.649
2003   30    1973     0.744
2003   31    1972     0.830
2003   32    1971     0.903
2003   33    1970     0.962
2003   34    1969     1.011
2003   35    1968     1.051
2003   36    1967     1.082
2003   37    1966     1.106
2003   38    1965     1.125
2003   39    1964     1.140
2003   40    1963     1.151
2003   41    1962     1.159
2003   42    1961     1.164
2003   43    1960     1.168
2003   44    1959     1.170
2003   45    1958     1.170
2003   46    1957     1.171
2003   47    1956     1.171
2003   48    1955     1.171
2003   49    1954     1.171
2003   50    1953     1.171
2003   51    1952     1.171
2003   52    1951     1.171
2003   53    1950     1.171
2003   54    1949     1.171
2003   55    1948     1.171
2004   12    1992     0.000
2004   13    1991     0.000
2004   14    1990     0.000
2004   15    1989     0.000
2004   16    1988     0.001
2004   17    1987     0.003
2004   18    1986     0.010
2004   19    1985     0.022
2004   20    1984     0.042
2004   21    1983     0.072
2004   22    1982     0.110
2004   23    1981     0.154
2004   24    1980     0.206
2004   25    1979     0.268
2004   26    1978     0.345
2004   27    1977     0.436
2004   28    1976     0.536
2004   29    1975     0.641
2004   30    1974     0.742
2004   31    1973     0.836
2004   32    1972     0.918
2004   33    1971     0.984
2004   34    1970     1.038
2004   35    1969     1.082
2004   36    1968     1.117
2004   37    1967     1.146
2004   38    1966     1.169
2004   39    1965     1.185
2004   40    1964     1.197
2004   41    1963     1.206
2004   42    1962     1.211
2004   43    1961     1.214
2004   44    1960     1.216
2004   45    1959     1.218
2004   46    1958     1.218
2004   47    1957     1.218
2004   48    1956     1.218
2004   49    1955     1.218
2004   50    1954     1.219
2004   51    1953     1.219
2004   52    1952     1.219
2004   53    1951     1.219
2004   54    1950     1.219
2004   55    1949     1.219
2005   12    1993     0.000
2005   13    1992     0.000
2005   14    1991     0.000
2005   15    1990     0.000
2005   16    1989     0.001
2005   17    1988     0.003
2005   18    1987     0.009
2005   19    1986     0.022
2005   20    1985     0.041
2005   21    1984     0.069
2005   22    1983     0.107
2005   23    1982     0.149
2005   24    1981     0.199
2005   25    1980     0.258
2005   26    1979     0.332
2005   27    1978     0.422
2005   28    1977     0.523
2005   29    1976     0.630
2005   30    1975     0.741
2005   31    1974     0.844
2005   32    1973     0.935
2005   33    1972     1.009
2005   34    1971     1.072
2005   35    1970     1.122
2005   36    1969     1.163
2005   37    1968     1.195
2005   38    1967     1.220
2005   39    1966     1.238
2005   40    1965     1.251
2005   41    1964     1.260
2005   42    1963     1.266
2005   43    1962     1.270
2005   44    1961     1.272
2005   45    1960     1.273
2005   46    1959     1.274
2005   47    1958     1.274
2005   48    1957     1.274
2005   49    1956     1.274
2005   50    1955     1.274
2005   51    1954     1.274
2005   52    1953     1.274
2005   53    1952     1.274
2005   54    1951     1.274
2005   55    1950     1.274
2006   12    1994     0.000
2006   13    1993     0.000
2006   14    1992     0.000
2006   15    1991     0.000
2006   16    1990     0.001
2006   17    1989     0.003
2006   18    1988     0.009
2006   19    1987     0.021
2006   20    1986     0.041
2006   21    1985     0.070
2006   22    1984     0.106
2006   23    1983     0.148
2006   24    1982     0.196
2006   25    1981     0.253
2006   26    1980     0.324
2006   27    1979     0.410
2006   28    1978     0.509
2006   29    1977     0.618
2006   30    1976     0.731
2006   31    1975     0.844
2006   32    1974     0.942
2006   33    1973     1.026
2006   34    1972     1.093
2006   35    1971     1.151
2006   36    1970     1.198
2006   37    1969     1.234
2006   38    1968     1.261
2006   39    1967     1.281
2006   40    1966     1.296
2006   41    1965     1.307
2006   42    1964     1.314
2006   43    1963     1.317
2006   44    1962     1.320
2006   45    1961     1.321
2006   46    1960     1.322
2006   47    1959     1.322
2006   48    1958     1.323
2006   49    1957     1.323
2006   50    1956     1.323
2006   51    1955     1.323
2006   52    1954     1.323
2006   53    1953     1.323
2006   54    1952     1.323
2006   55    1951     1.323
2007   12    1995     0.000
2007   13    1994     0.000
2007   14    1993     0.000
2007   15    1992     0.000
2007   16    1991     0.001
2007   17    1990     0.003
2007   18    1989     0.009
2007   19    1988     0.020
2007   20    1987     0.041
2007   21    1986     0.071
2007   22    1985     0.107
2007   23    1984     0.149
2007   24    1983     0.200
2007   25    1982     0.259
2007   26    1981     0.334
2007   27    1980     0.421
2007   28    1979     0.524
2007   29    1978     0.640
2007   30    1977     0.760
2007   31    1976     0.882
2007   32    1975     0.993
2007   33    1974     1.090
2007   34    1973     1.170
2007   35    1972     1.237
2007   36    1971     1.291
2007   37    1970     1.334
2007   38    1969     1.366
2007   39    1968     1.391
2007   40    1967     1.408
2007   41    1966     1.421
2007   42    1965     1.429
2007   43    1964     1.433
2007   44    1963     1.436
2007   45    1962     1.438
2007   46    1961     1.438
2007   47    1960     1.439
2007   48    1959     1.439
2007   49    1958     1.439
2007   50    1957     1.439
2007   51    1956     1.439
2007   52    1955     1.439
2007   53    1954     1.439
2007   54    1953     1.439
2007   55    1952     1.439
2008   12    1996     0.000
2008   13    1995     0.000
2008   14    1994     0.000
2008   15    1993     0.000
2008   16    1992     0.001
2008   17    1991     0.003
2008   18    1990     0.009
2008   19    1989     0.022
2008   20    1988     0.043
2008   21    1987     0.073
2008   22    1986     0.110
2008   23    1985     0.153
2008   24    1984     0.202
2008   25    1983     0.263
2008   26    1982     0.337
2008   27    1981     0.425
2008   28    1980     0.527
2008   29    1979     0.643
2008   30    1978     0.768
2008   31    1977     0.895
2008   32    1976     1.014
2008   33    1975     1.122
2008   34    1974     1.211
2008   35    1973     1.285
2008   36    1972     1.345
2008   37    1971     1.393
2008   38    1970     1.431
2008   39    1969     1.457
2008   40    1968     1.476
2008   41    1967     1.491
2008   42    1966     1.500
2008   43    1965     1.505
2008   44    1964     1.509
2008   45    1963     1.511
2008   46    1962     1.511
2008   47    1961     1.512
2008   48    1960     1.512
2008   49    1959     1.512
2008   50    1958     1.512
2008   51    1957     1.512
2008   52    1956     1.512
2008   53    1955     1.512
2008   54    1954     1.512
2008   55    1953     1.512
2009   12    1997     0.000
2009   13    1996     0.000
2009   14    1995     0.000
2009   15    1994     0.000
2009   16    1993     0.001
2009   17    1992     0.004
2009   18    1991     0.010
2009   19    1990     0.023
2009   20    1989     0.045
2009   21    1988     0.073
2009   22    1987     0.112
2009   23    1986     0.156
2009   24    1985     0.206
2009   25    1984     0.264
2009   26    1983     0.333
2009   27    1982     0.419
2009   28    1981     0.520
2009   29    1980     0.631
2009   30    1979     0.754
2009   31    1978     0.879
2009   32    1977     1.000
2009   33    1976     1.108
2009   34    1975     1.201
2009   35    1974     1.277
2009   36    1973     1.339
2009   37    1972     1.389
2009   38    1971     1.427
2009   39    1970     1.455
2009   40    1969     1.476
2009   41    1968     1.491
2009   42    1967     1.501
2009   43    1966     1.506
2009   44    1965     1.510
2009   45    1964     1.512
2009   46    1963     1.513
2009   47    1962     1.513
2009   48    1961     1.513
2009   49    1960     1.513
2009   50    1959     1.513
2009   51    1958     1.514
2009   52    1957     1.514
2009   53    1956     1.514
2009   54    1955     1.514
2009   55    1954     1.514
2010   12    1998     0.000
2010   13    1997     0.000
2010   14    1996     0.000
2010   15    1995     0.000
2010   16    1994     0.001
2010   17    1993     0.004
2010   18    1992     0.010
2010   19    1991     0.021
2010   20    1990     0.042
2010   21    1989     0.070
2010   22    1988     0.107
2010   23    1987     0.149
2010   24    1986     0.198
2010   25    1985     0.255
2010   26    1984     0.322
2010   27    1983     0.404
2010   28    1982     0.500
2010   29    1981     0.610
2010   30    1980     0.734
2010   31    1979     0.857
2010   32    1978     0.980
2010   33    1977     1.090
2010   34    1976     1.186
2010   35    1975     1.265
2010   36    1974     1.331
2010   37    1973     1.385
2010   38    1972     1.425
2010   39    1971     1.455
2010   40    1970     1.477
2010   41    1969     1.492
2010   42    1968     1.502
2010   43    1967     1.508
2010   44    1966     1.512
2010   45    1965     1.514
2010   46    1964     1.514
2010   47    1963     1.515
2010   48    1962     1.515
2010   49    1961     1.515
2010   50    1960     1.515
2010   51    1959     1.515
2010   52    1958     1.515
2010   53    1957     1.515
2010   54    1956     1.515
2010   55    1955     1.515
2011   12    1999     0.000
2011   13    1998     0.000
2011   14    1997     0.000
2011   15    1996     0.000
2011   16    1995     0.001
2011   17    1994     0.004
2011   18    1993     0.011
2011   19    1992     0.021
2011   20    1991     0.040
2011   21    1990     0.066
2011   22    1989     0.100
2011   23    1988     0.137
2011   24    1987     0.182
2011   25    1986     0.234
2011   26    1985     0.294
2011   27    1984     0.370
2011   28    1983     0.458
2011   29    1982     0.560
2011   30    1981     0.672
2011   31    1980     0.791
2011   32    1979     0.904
2011   33    1978     1.009
2011   34    1977     1.103
2011   35    1976     1.183
2011   36    1975     1.246
2011   37    1974     1.298
2011   38    1973     1.337
2011   39    1972     1.366
2011   40    1971     1.387
2011   41    1970     1.403
2011   42    1969     1.413
2011   43    1968     1.419
2011   44    1967     1.423
2011   45    1966     1.425
2011   46    1965     1.426
2011   47    1964     1.426
2011   48    1963     1.426
2011   49    1962     1.426
2011   50    1961     1.427
2011   51    1960     1.427
2011   52    1959     1.427
2011   53    1958     1.427
2011   54    1957     1.427
2011   55    1956     1.427
2012   12    2000     0.000
2012   13    1999     0.000
2012   14    1998     0.000
2012   15    1997     0.000
2012   16    1996     0.001
2012   17    1995     0.004
2012   18    1994     0.011
2012   19    1993     0.024
2012   20    1992     0.043
2012   21    1991     0.069
2012   22    1990     0.102
2012   23    1989     0.141
2012   24    1988     0.186
2012   25    1987     0.238
2012   26    1986     0.300
2012   27    1985     0.375
2012   28    1984     0.461
2012   29    1983     0.564
2012   30    1982     0.676
2012   31    1981     0.796
2012   32    1980     0.911
2012   33    1979     1.020
2012   34    1978     1.116
2012   35    1977     1.195
2012   36    1976     1.263
2012   37    1975     1.317
2012   38    1974     1.359
2012   39    1973     1.389
2012   40    1972     1.412
2012   41    1971     1.428
2012   42    1970     1.440
2012   43    1969     1.446
2012   44    1968     1.450
2012   45    1967     1.452
2012   46    1966     1.453
2012   47    1965     1.454
2012   48    1964     1.454
2012   49    1963     1.454
2012   50    1962     1.454
2012   51    1961     1.454
2012   52    1960     1.454
2012   53    1959     1.454
2012   54    1958     1.454
2012   55    1957     1.454
2013   12    2001     0.000
2013   13    2000     0.000
2013   14    1999     0.000
2013   15    1998     0.000
2013   16    1997     0.001
2013   17    1996     0.003
2013   18    1995     0.010
2013   19    1994     0.023
2013   20    1993     0.044
2013   21    1992     0.069
2013   22    1991     0.101
2013   23    1990     0.141
2013   24    1989     0.184
2013   25    1988     0.235
2013   26    1987     0.297
2013   27    1986     0.370
2013   28    1985     0.458
2013   29    1984     0.558
2013   30    1983     0.668
2013   31    1982     0.785
2013   32    1981     0.902
2013   33    1980     1.012
2013   34    1979     1.109
2013   35    1978     1.189
2013   36    1977     1.258
2013   37    1976     1.316
2013   38    1975     1.358
2013   39    1974     1.391
2013   40    1973     1.416
2013   41    1972     1.434
2013   42    1971     1.445
2013   43    1970     1.452
2013   44    1969     1.456
2013   45    1968     1.459
2013   46    1967     1.460
2013   47    1966     1.461
2013   48    1965     1.461
2013   49    1964     1.461
2013   50    1963     1.461
2013   51    1962     1.461
2013   52    1961     1.461
2013   53    1960     1.461
2013   54    1959     1.461
2013   55    1958     1.461
2014   12    2002     0.000
2014   13    2001     0.000
2014   14    2000     0.000
2014   15    1999     0.000
2014   16    1998     0.001
2014   17    1997     0.004
2014   18    1996     0.011
2014   19    1995     0.024
2014   20    1994     0.045
2014   21    1993     0.074
2014   22    1992     0.107
2014   23    1991     0.147
2014   24    1990     0.191
2014   25    1989     0.242
2014   26    1988     0.304
2014   27    1987     0.381
2014   28    1986     0.470
2014   29    1985     0.575
2014   30    1984     0.690
2014   31    1983     0.817
2014   32    1982     0.938
2014   33    1981     1.054
2014   34    1980     1.155
2014   35    1979     1.244
2014   36    1978     1.319
2014   37    1977     1.381
2014   38    1976     1.428
2014   39    1975     1.464
2014   40    1974     1.491
2014   41    1973     1.509
2014   42    1972     1.521
2014   43    1971     1.528
2014   44    1970     1.532
2014   45    1969     1.535
2014   46    1968     1.536
2014   47    1967     1.537
2014   48    1966     1.537
2014   49    1965     1.537
2014   50    1964     1.537
2014   51    1963     1.537
2014   52    1962     1.537
2014   53    1961     1.537
2014   54    1960     1.537
2014   55    1959     1.537
2015   12    2003     0.000
2015   13    2002     0.000
2015   14    2001     0.000
2015   15    2000     0.000
2015   16    1999     0.001
2015   17    1998     0.003
2015   18    1997     0.010
2015   19    1996     0.023
2015   20    1995     0.045
2015   21    1994     0.073
2015   22    1993     0.109
2015   23    1992     0.150
2015   24    1991     0.195
2015   25    1990     0.251
2015   26    1989     0.317
2015   27    1988     0.397
2015   28    1987     0.487
2015   29    1986     0.594
2015   30    1985     0.712
2015   31    1984     0.836
2015   32    1983     0.960
2015   33    1982     1.075
2015   34    1981     1.179
2015   35    1980     1.271
2015   36    1979     1.350
2015   37    1978     1.415
2015   38    1977     1.465
2015   39    1976     1.504
2015   40    1975     1.533
2015   41    1974     1.553
2015   42    1973     1.567
2015   43    1972     1.575
2015   44    1971     1.580
2015   45    1970     1.582
2015   46    1969     1.584
2015   47    1968     1.584
2015   48    1967     1.585
2015   49    1966     1.585
2015   50    1965     1.585
2015   51    1964     1.585
2015   52    1963     1.585
2015   53    1962     1.585
2015   54    1961     1.585
2015   55    1960     1.585
2016   12    2004     0.000
2016   13    2003     0.000
2016   14    2002     0.000
2016   15    2001     0.000
2016   16    2000     0.001
2016   17    1999     0.004
2016   18    1998     0.010
2016   19    1997     0.023
2016   20    1996     0.045
2016   21    1995     0.075
2016   22    1994     0.112
2016   23    1993     0.158
2016   24    1992     0.208
2016   25    1991     0.268
2016   26    1990     0.339
2016   27    1989     0.420
2016   28    1988     0.515
2016   29    1987     0.624
2016   30    1986     0.742
2016   31    1985     0.868
2016   32    1984     0.995
2016   33    1983     1.115
2016   34    1982     1.224
2016   35    1981     1.319
2016   36    1980     1.401
2016   37    1979     1.468
2016   38    1978     1.521
2016   39    1977     1.563
2016   40    1976     1.595
2016   41    1975     1.617
2016   42    1974     1.632
2016   43    1973     1.640
2016   44    1972     1.645
2016   45    1971     1.648
2016   46    1970     1.650
2016   47    1969     1.650
2016   48    1968     1.651
2016   49    1967     1.651
2016   50    1966     1.651
2016   51    1965     1.651
2016   52    1964     1.651
2016   53    1963     1.651
2016   54    1962     1.651
2016   55    1961     1.651
2017   12    2005     0.000
2017   13    2004     0.000
2017   14    2003     0.000
2017   15    2002     0.000
2017   16    2001     0.001
2017   17    2000     0.004
2017   18    1999     0.010
2017   19    1998     0.023
2017   20    1997     0.045
2017   21    1996     0.076
2017   22    1995     0.114
2017   23    1994     0.160
2017   24    1993     0.212
2017   25    1992     0.274
2017   26    1991     0.346
2017   27    1990     0.434
2017   28    1989     0.532
2017   29    1988     0.646
2017   30    1987     0.770
2017   31    1986     0.902
2017   32    1985     1.031
2017   33    1984     1.154
2017   34    1983     1.266
2017   35    1982     1.363
2017   36    1981     1.448
2017   37    1980     1.519
2017   38    1979     1.575
2017   39    1978     1.619
2017   40    1977     1.653
2017   41    1976     1.678
2017   42    1975     1.693
2017   43    1974     1.702
2017   44    1973     1.708
2017   45    1972     1.711
2017   46    1971     1.713
2017   47    1970     1.714
2017   48    1969     1.714
2017   49    1968     1.714
2017   50    1967     1.714
2017   51    1966     1.714
2017   52    1965     1.715
2017   53    1964     1.715
2017   54    1963     1.715
2017   55    1962     1.715
2018   12    2006     0.000
2018   13    2005     0.000
2018   14    2004     0.000
2018   15    2003     0.000
2018   16    2002     0.001
2018   17    2001     0.003
2018   18    2000     0.010
2018   19    1999     0.021
2018   20    1998     0.041
2018   21    1997     0.069
2018   22    1996     0.107
2018   23    1995     0.153
2018   24    1994     0.206
2018   25    1993     0.269
2018   26    1992     0.346
2018   27    1991     0.435
2018   28    1990     0.536
2018   29    1989     0.652
2018   30    1988     0.778
2018   31    1987     0.907
2018   32    1986     1.038
2018   33    1985     1.162
2018   34    1984     1.278
2018   35    1983     1.377
2018   36    1982     1.462
2018   37    1981     1.537
2018   38    1980     1.596
2018   39    1979     1.641
2018   40    1978     1.677
2018   41    1977     1.703
2018   42    1976     1.720
2018   43    1975     1.730
2018   44    1974     1.736
2018   45    1973     1.740
2018   46    1972     1.742
2018   47    1971     1.743
2018   48    1970     1.743
2018   49    1969     1.744
2018   50    1968     1.744
2018   51    1967     1.744
2018   52    1966     1.744
2018   53    1965     1.744
2018   54    1964     1.744
2018   55    1963     1.744
2019   12    2007     0.000
2019   13    2006     0.000
2019   14    2005     0.000
2019   15    2004     0.000
2019   16    2003     0.001
2019   17    2002     0.003
2019   18    2001     0.009
2019   19    2000     0.019
2019   20    1999     0.038
2019   21    1998     0.066
2019   22    1997     0.102
2019   23    1996     0.147
2019   24    1995     0.200
2019   25    1994     0.264
2019   26    1993     0.341
2019   27    1992     0.430
2019   28    1991     0.536
2019   29    1990     0.654
2019   30    1989     0.780
2019   31    1988     0.912
2019   32    1987     1.041
2019   33    1986     1.164
2019   34    1985     1.276
2019   35    1984     1.378
2019   36    1983     1.468
2019   37    1982     1.541
2019   38    1981     1.601
2019   39    1980     1.647
2019   40    1979     1.683
2019   41    1978     1.711
2019   42    1977     1.728
2019   43    1976     1.739
2019   44    1975     1.745
2019   45    1974     1.749
2019   46    1973     1.751
2019   47    1972     1.752
2019   48    1971     1.753
2019   49    1970     1.753
2019   50    1969     1.753
2019   51    1968     1.753
2019   52    1967     1.753
2019   53    1966     1.754
2019   54    1965     1.754
2019   55    1964     1.754
2020   12    2008     0.000
2020   13    2007     0.000
2020   14    2006     0.000
2020   15    2005     0.000
2020   16    2004     0.001
2020   17    2003     0.003
2020   18    2002     0.008
2020   19    2001     0.019
2020   20    2000     0.036
2020   21    1999     0.060
2020   22    1998     0.095
2020   23    1997     0.139
2020   24    1996     0.193
2020   25    1995     0.258
2020   26    1994     0.337
2020   27    1993     0.431
2020   28    1992     0.537
2020   29    1991     0.656
2020   30    1990     0.781
2020   31    1989     0.913
2020   32    1988     1.043
2020   33    1987     1.167
2020   34    1986     1.278
2020   35    1985     1.379
2020   36    1984     1.467
2020   37    1983     1.543
2020   38    1982     1.603
2020   39    1981     1.650
2020   40    1980     1.688
2020   41    1979     1.715
2020   42    1978     1.732
2020   43    1977     1.744
2020   44    1976     1.751
2020   45    1975     1.755
2020   46    1974     1.757
2020   47    1973     1.759
2020   48    1972     1.759
2020   49    1971     1.760
2020   50    1970     1.760
2020   51    1969     1.760
2020   52    1968     1.760
2020   53    1967     1.760
2020   54    1966     1.760
2020   55    1965     1.760
2021   12    2009     0.000
2021   13    2008     0.000
2021   14    2007     0.000
2021   15    2006     0.000
2021   16    2005     0.001
2021   17    2004     0.003
2021   18    2003     0.007
2021   19    2002     0.016
2021   20    2001     0.031
2021   21    2000     0.053
2021   22    1999     0.085
2021   23    1998     0.126
2021   24    1997     0.176
2021   25    1996     0.242
2021   26    1995     0.322
2021   27    1994     0.418
2021   28    1993     0.528
2021   29    1992     0.654
2021   30    1991     0.787
2021   31    1990     0.927
2021   32    1989     1.064
2021   33    1988     1.194
2021   34    1987     1.311
2021   35    1986     1.418
2021   36    1985     1.509
2021   37    1984     1.588
2021   38    1983     1.652
2021   39    1982     1.701
2021   40    1981     1.741
2021   41    1980     1.769
2021   42    1979     1.789
2021   43    1978     1.801
2021   44    1977     1.809
2021   45    1976     1.813
2021   46    1975     1.816
2021   47    1974     1.817
2021   48    1973     1.818
2021   49    1972     1.818
2021   50    1971     1.819
2021   51    1970     1.819
2021   52    1969     1.819
2021   53    1968     1.819
2021   54    1967     1.819
2021   55    1966     1.819
