Czechia, Cumulative period fertility rates (Lexis squares)
Last modified: 02/02/2023
Year    Age     CPFR
1950    12     0.000
1950    13     0.000
1950    14     0.000
1950    15     0.001
1950    16     0.003
1950    17     0.015
1950    18     0.048
1950    19     0.119
1950    20     0.236
1950    21     0.393
1950    22     0.578
1950    23     0.779
1950    24     0.978
1950    25     1.179
1950    26     1.370
1950    27     1.545
1950    28     1.704
1950    29     1.846
1950    30     1.974
1950    31     2.089
1950    32     2.193
1950    33     2.283
1950    34     2.366
1950    35     2.440
1950    36     2.512
1950    37     2.572
1950    38     2.624
1950    39     2.670
1950    40     2.707
1950    41     2.736
1950    42     2.759
1950    43     2.775
1950    44     2.786
1950    45     2.792
1950    46     2.796
1950    47     2.798
1950    48     2.799
1950    49     2.799
1950    50     2.799
1950    51     2.799
1950    52     2.799
1950    53     2.799
1950    54     2.799
1950    55     2.799
1951    12     0.000
1951    13     0.000
1951    14     0.000
1951    15     0.000
1951    16     0.003
1951    17     0.013
1951    18     0.050
1951    19     0.123
1951    20     0.245
1951    21     0.409
1951    22     0.600
1951    23     0.800
1951    24     1.007
1951    25     1.203
1951    26     1.390
1951    27     1.561
1951    28     1.719
1951    29     1.861
1951    30     1.986
1951    31     2.099
1951    32     2.199
1951    33     2.288
1951    34     2.364
1951    35     2.433
1951    36     2.494
1951    37     2.553
1951    38     2.604
1951    39     2.648
1951    40     2.683
1951    41     2.710
1951    42     2.732
1951    43     2.747
1951    44     2.757
1951    45     2.762
1951    46     2.766
1951    47     2.768
1951    48     2.768
1951    49     2.769
1951    50     2.769
1951    51     2.769
1951    52     2.769
1951    53     2.769
1951    54     2.769
1951    55     2.769
1952    12     0.000
1952    13     0.000
1952    14     0.000
1952    15     0.000
1952    16     0.002
1952    17     0.013
1952    18     0.048
1952    19     0.121
1952    20     0.241
1952    21     0.404
1952    22     0.590
1952    23     0.790
1952    24     0.993
1952    25     1.189
1952    26     1.372
1952    27     1.543
1952    28     1.695
1952    29     1.832
1952    30     1.958
1952    31     2.069
1952    32     2.165
1952    33     2.251
1952    34     2.326
1952    35     2.391
1952    36     2.454
1952    37     2.506
1952    38     2.558
1952    39     2.597
1952    40     2.631
1952    41     2.658
1952    42     2.678
1952    43     2.692
1952    44     2.700
1952    45     2.706
1952    46     2.709
1952    47     2.710
1952    48     2.711
1952    49     2.711
1952    50     2.711
1952    51     2.711
1952    52     2.711
1952    53     2.711
1952    54     2.711
1952    55     2.711
1953    12     0.000
1953    13     0.000
1953    14     0.000
1953    15     0.000
1953    16     0.002
1953    17     0.011
1953    18     0.040
1953    19     0.110
1953    20     0.227
1953    21     0.385
1953    22     0.570
1953    23     0.770
1953    24     0.967
1953    25     1.160
1953    26     1.339
1953    27     1.500
1953    28     1.645
1953    29     1.778
1953    30     1.898
1953    31     2.004
1953    32     2.099
1953    33     2.183
1953    34     2.260
1953    35     2.325
1953    36     2.381
1953    37     2.433
1953    38     2.475
1953    39     2.514
1953    40     2.546
1953    41     2.572
1953    42     2.591
1953    43     2.604
1953    44     2.613
1953    45     2.619
1953    46     2.621
1953    47     2.623
1953    48     2.623
1953    49     2.623
1953    50     2.623
1953    51     2.624
1953    52     2.624
1953    53     2.624
1953    54     2.624
1953    55     2.624
1954    12     0.000
1954    13     0.000
1954    14     0.000
1954    15     0.000
1954    16     0.002
1954    17     0.010
1954    18     0.037
1954    19     0.103
1954    20     0.221
1954    21     0.382
1954    22     0.571
1954    23     0.773
1954    24     0.971
1954    25     1.164
1954    26     1.340
1954    27     1.503
1954    28     1.647
1954    29     1.778
1954    30     1.896
1954    31     2.000
1954    32     2.091
1954    33     2.175
1954    34     2.246
1954    35     2.310
1954    36     2.367
1954    37     2.414
1954    38     2.456
1954    39     2.491
1954    40     2.522
1954    41     2.545
1954    42     2.564
1954    43     2.576
1954    44     2.584
1954    45     2.589
1954    46     2.591
1954    47     2.592
1954    48     2.593
1954    49     2.593
1954    50     2.593
1954    51     2.593
1954    52     2.593
1954    53     2.593
1954    54     2.593
1954    55     2.593
1955    12     0.000
1955    13     0.000
1955    14     0.000
1955    15     0.000
1955    16     0.003
1955    17     0.012
1955    18     0.041
1955    19     0.107
1955    20     0.224
1955    21     0.388
1955    22     0.582
1955    23     0.788
1955    24     0.987
1955    25     1.178
1955    26     1.357
1955    27     1.519
1955    28     1.663
1955    29     1.796
1955    30     1.913
1955    31     2.016
1955    32     2.110
1955    33     2.189
1955    34     2.260
1955    35     2.321
1955    36     2.376
1955    37     2.422
1955    38     2.460
1955    39     2.494
1955    40     2.520
1955    41     2.544
1955    42     2.560
1955    43     2.573
1955    44     2.580
1955    45     2.585
1955    46     2.587
1955    47     2.589
1955    48     2.589
1955    49     2.589
1955    50     2.590
1955    51     2.590
1955    52     2.590
1955    53     2.590
1955    54     2.590
1955    55     2.590
1956    12     0.000
1956    13     0.000
1956    14     0.000
1956    15     0.000
1956    16     0.003
1956    17     0.015
1956    18     0.046
1956    19     0.117
1956    20     0.241
1956    21     0.409
1956    22     0.607
1956    23     0.816
1956    24     1.019
1956    25     1.213
1956    26     1.390
1956    27     1.550
1956    28     1.691
1956    29     1.821
1956    30     1.936
1956    31     2.036
1956    32     2.123
1956    33     2.199
1956    34     2.268
1956    35     2.327
1956    36     2.379
1956    37     2.424
1956    38     2.463
1956    39     2.492
1956    40     2.517
1956    41     2.538
1956    42     2.554
1956    43     2.565
1956    44     2.571
1956    45     2.576
1956    46     2.578
1956    47     2.579
1956    48     2.579
1956    49     2.580
1956    50     2.580
1956    51     2.580
1956    52     2.580
1956    53     2.580
1956    54     2.580
1956    55     2.580
1957    12     0.000
1957    13     0.000
1957    14     0.000
1957    15     0.000
1957    16     0.002
1957    17     0.014
1957    18     0.052
1957    19     0.125
1957    20     0.253
1957    21     0.420
1957    22     0.619
1957    23     0.829
1957    24     1.032
1957    25     1.221
1957    26     1.392
1957    27     1.544
1957    28     1.681
1957    29     1.800
1957    30     1.909
1957    31     2.002
1957    32     2.087
1957    33     2.159
1957    34     2.223
1957    35     2.278
1957    36     2.326
1957    37     2.366
1957    38     2.401
1957    39     2.430
1957    40     2.452
1957    41     2.470
1957    42     2.483
1957    43     2.493
1957    44     2.499
1957    45     2.502
1957    46     2.504
1957    47     2.505
1957    48     2.505
1957    49     2.505
1957    50     2.505
1957    51     2.505
1957    52     2.505
1957    53     2.505
1957    54     2.505
1957    55     2.505
1958    12     0.000
1958    13     0.000
1958    14     0.000
1958    15     0.000
1958    16     0.002
1958    17     0.010
1958    18     0.043
1958    19     0.116
1958    20     0.239
1958    21     0.406
1958    22     0.595
1958    23     0.799
1958    24     0.995
1958    25     1.178
1958    26     1.342
1958    27     1.488
1958    28     1.616
1958    29     1.727
1958    30     1.821
1958    31     1.905
1958    32     1.977
1958    33     2.038
1958    34     2.091
1958    35     2.136
1958    36     2.177
1958    37     2.209
1958    38     2.237
1958    39     2.259
1958    40     2.277
1958    41     2.289
1958    42     2.298
1958    43     2.305
1958    44     2.310
1958    45     2.312
1958    46     2.313
1958    47     2.314
1958    48     2.314
1958    49     2.314
1958    50     2.314
1958    51     2.314
1958    52     2.314
1958    53     2.314
1958    54     2.314
1958    55     2.314
1959    12     0.000
1959    13     0.000
1959    14     0.000
1959    15     0.000
1959    16     0.001
1959    17     0.009
1959    18     0.038
1959    19     0.109
1959    20     0.239
1959    21     0.405
1959    22     0.599
1959    23     0.793
1959    24     0.981
1959    25     1.154
1959    26     1.306
1959    27     1.441
1959    28     1.556
1959    29     1.654
1959    30     1.736
1959    31     1.806
1959    32     1.865
1959    33     1.916
1959    34     1.959
1959    35     1.996
1959    36     2.027
1959    37     2.052
1959    38     2.072
1959    39     2.088
1959    40     2.101
1959    41     2.110
1959    42     2.117
1959    43     2.122
1959    44     2.125
1959    45     2.127
1959    46     2.127
1959    47     2.128
1959    48     2.128
1959    49     2.128
1959    50     2.128
1959    51     2.128
1959    52     2.128
1959    53     2.128
1959    54     2.128
1959    55     2.128
1960    12     0.000
1960    13     0.000
1960    14     0.000
1960    15     0.000
1960    16     0.001
1960    17     0.009
1960    18     0.035
1960    19     0.106
1960    20     0.237
1960    21     0.413
1960    22     0.599
1960    23     0.797
1960    24     0.984
1960    25     1.158
1960    26     1.312
1960    27     1.446
1960    28     1.562
1960    29     1.660
1960    30     1.743
1960    31     1.812
1960    32     1.871
1960    33     1.920
1960    34     1.961
1960    35     1.997
1960    36     2.026
1960    37     2.051
1960    38     2.070
1960    39     2.086
1960    40     2.097
1960    41     2.106
1960    42     2.112
1960    43     2.116
1960    44     2.119
1960    45     2.120
1960    46     2.121
1960    47     2.121
1960    48     2.121
1960    49     2.121
1960    50     2.121
1960    51     2.121
1960    52     2.121
1960    53     2.121
1960    54     2.121
1960    55     2.121
1961    12     0.000
1961    13     0.000
1961    14     0.000
1961    15     0.000
1961    16     0.001
1961    17     0.008
1961    18     0.036
1961    19     0.104
1961    20     0.232
1961    21     0.409
1961    22     0.607
1961    23     0.804
1961    24     1.000
1961    25     1.173
1961    26     1.331
1961    27     1.466
1961    28     1.581
1961    29     1.679
1961    30     1.762
1961    31     1.834
1961    32     1.893
1961    33     1.943
1961    34     1.985
1961    35     2.019
1961    36     2.047
1961    37     2.071
1961    38     2.089
1961    39     2.104
1961    40     2.116
1961    41     2.125
1961    42     2.131
1961    43     2.135
1961    44     2.137
1961    45     2.139
1961    46     2.139
1961    47     2.140
1961    48     2.140
1961    49     2.140
1961    50     2.140
1961    51     2.140
1961    52     2.140
1961    53     2.140
1961    54     2.140
1961    55     2.140
1962    12     0.000
1962    13     0.000
1962    14     0.000
1962    15     0.000
1962    16     0.001
1962    17     0.008
1962    18     0.034
1962    19     0.106
1962    20     0.237
1962    21     0.413
1962    22     0.615
1962    23     0.822
1962    24     1.011
1962    25     1.193
1962    26     1.352
1962    27     1.491
1962    28     1.610
1962    29     1.709
1962    30     1.793
1962    31     1.863
1962    32     1.918
1962    33     1.968
1962    34     2.007
1962    35     2.039
1962    36     2.067
1962    37     2.090
1962    38     2.107
1962    39     2.120
1962    40     2.131
1962    41     2.139
1962    42     2.144
1962    43     2.148
1962    44     2.150
1962    45     2.151
1962    46     2.152
1962    47     2.152
1962    48     2.152
1962    49     2.152
1962    50     2.152
1962    51     2.152
1962    52     2.152
1962    53     2.152
1962    54     2.152
1962    55     2.152
1963    12     0.000
1963    13     0.000
1963    14     0.000
1963    15     0.000
1963    16     0.001
1963    17     0.008
1963    18     0.036
1963    19     0.112
1963    20     0.255
1963    21     0.443
1963    22     0.654
1963    23     0.871
1963    24     1.081
1963    25     1.268
1963    26     1.445
1963    27     1.598
1963    28     1.730
1963    29     1.844
1963    30     1.940
1963    31     2.021
1963    32     2.088
1963    33     2.144
1963    34     2.190
1963    35     2.228
1963    36     2.258
1963    37     2.284
1963    38     2.305
1963    39     2.320
1963    40     2.331
1963    41     2.339
1963    42     2.344
1963    43     2.348
1963    44     2.350
1963    45     2.352
1963    46     2.352
1963    47     2.353
1963    48     2.353
1963    49     2.353
1963    50     2.353
1963    51     2.353
1963    52     2.353
1963    53     2.353
1963    54     2.353
1963    55     2.353
1964    12     0.000
1964    13     0.000
1964    14     0.000
1964    15     0.000
1964    16     0.001
1964    17     0.008
1964    18     0.035
1964    19     0.110
1964    20     0.252
1964    21     0.447
1964    22     0.657
1964    23     0.868
1964    24     1.071
1964    25     1.261
1964    26     1.433
1964    27     1.588
1964    28     1.725
1964    29     1.844
1964    30     1.943
1964    31     2.028
1964    32     2.098
1964    33     2.159
1964    34     2.208
1964    35     2.250
1964    36     2.283
1964    37     2.310
1964    38     2.332
1964    39     2.347
1964    40     2.359
1964    41     2.368
1964    42     2.374
1964    43     2.379
1964    44     2.381
1964    45     2.383
1964    46     2.383
1964    47     2.384
1964    48     2.384
1964    49     2.384
1964    50     2.384
1964    51     2.384
1964    52     2.384
1964    53     2.384
1964    54     2.384
1964    55     2.384
1965    12     0.000
1965    13     0.000
1965    14     0.000
1965    15     0.000
1965    16     0.002
1965    17     0.009
1965    18     0.035
1965    19     0.106
1965    20     0.240
1965    21     0.418
1965    22     0.621
1965    23     0.816
1965    24     1.003
1965    25     1.178
1965    26     1.334
1965    27     1.471
1965    28     1.598
1965    29     1.707
1965    30     1.800
1965    31     1.878
1965    32     1.945
1965    33     2.001
1965    34     2.046
1965    35     2.083
1965    36     2.115
1965    37     2.139
1965    38     2.158
1965    39     2.173
1965    40     2.185
1965    41     2.194
1965    42     2.200
1965    43     2.204
1965    44     2.206
1965    45     2.208
1965    46     2.208
1965    47     2.209
1965    48     2.209
1965    49     2.209
1965    50     2.209
1965    51     2.209
1965    52     2.209
1965    53     2.209
1965    54     2.209
1965    55     2.209
1966    12     0.000
1966    13     0.000
1966    14     0.000
1966    15     0.000
1966    16     0.001
1966    17     0.009
1966    18     0.034
1966    19     0.103
1966    20     0.232
1966    21     0.409
1966    22     0.596
1966    23     0.787
1966    24     0.959
1966    25     1.119
1966    26     1.262
1966    27     1.393
1966    28     1.504
1966    29     1.601
1966    30     1.684
1966    31     1.753
1966    32     1.810
1966    33     1.859
1966    34     1.898
1966    35     1.931
1966    36     1.958
1966    37     1.980
1966    38     1.997
1966    39     2.011
1966    40     2.021
1966    41     2.028
1966    42     2.033
1966    43     2.036
1966    44     2.038
1966    45     2.039
1966    46     2.040
1966    47     2.040
1966    48     2.040
1966    49     2.040
1966    50     2.040
1966    51     2.040
1966    52     2.040
1966    53     2.040
1966    54     2.040
1966    55     2.040
1967    12     0.000
1967    13     0.000
1967    14     0.000
1967    15     0.000
1967    16     0.001
1967    17     0.008
1967    18     0.034
1967    19     0.103
1967    20     0.234
1967    21     0.406
1967    22     0.593
1967    23     0.771
1967    24     0.942
1967    25     1.094
1967    26     1.228
1967    27     1.345
1967    28     1.447
1967    29     1.536
1967    30     1.614
1967    31     1.676
1967    32     1.729
1967    33     1.771
1967    34     1.807
1967    35     1.836
1967    36     1.859
1967    37     1.877
1967    38     1.892
1967    39     1.904
1967    40     1.912
1967    41     1.918
1967    42     1.922
1967    43     1.926
1967    44     1.927
1967    45     1.928
1967    46     1.929
1967    47     1.929
1967    48     1.929
1967    49     1.929
1967    50     1.929
1967    51     1.929
1967    52     1.929
1967    53     1.929
1967    54     1.929
1967    55     1.929
1968    12     0.000
1968    13     0.000
1968    14     0.000
1968    15     0.000
1968    16     0.002
1968    17     0.008
1968    18     0.033
1968    19     0.102
1968    20     0.228
1968    21     0.396
1968    22     0.579
1968    23     0.757
1968    24     0.916
1968    25     1.068
1968    26     1.198
1968    27     1.313
1968    28     1.409
1968    29     1.495
1968    30     1.567
1968    31     1.626
1968    32     1.674
1968    33     1.715
1968    34     1.747
1968    35     1.773
1968    36     1.795
1968    37     1.812
1968    38     1.826
1968    39     1.837
1968    40     1.844
1968    41     1.850
1968    42     1.855
1968    43     1.857
1968    44     1.859
1968    45     1.859
1968    46     1.860
1968    47     1.860
1968    48     1.860
1968    49     1.860
1968    50     1.860
1968    51     1.860
1968    52     1.860
1968    53     1.860
1968    54     1.860
1968    55     1.860
1969    12     0.000
1969    13     0.000
1969    14     0.000
1969    15     0.000
1969    16     0.001
1969    17     0.008
1969    18     0.036
1969    19     0.107
1969    20     0.236
1969    21     0.409
1969    22     0.596
1969    23     0.778
1969    24     0.946
1969    25     1.092
1969    26     1.229
1969    27     1.342
1969    28     1.442
1969    29     1.526
1969    30     1.596
1969    31     1.655
1969    32     1.706
1969    33     1.746
1969    34     1.780
1969    35     1.806
1969    36     1.828
1969    37     1.845
1969    38     1.859
1969    39     1.869
1969    40     1.878
1969    41     1.884
1969    42     1.888
1969    43     1.890
1969    44     1.892
1969    45     1.893
1969    46     1.893
1969    47     1.893
1969    48     1.893
1969    49     1.893
1969    50     1.893
1969    51     1.893
1969    52     1.893
1969    53     1.893
1969    54     1.893
1969    55     1.893
1970    12     0.000
1970    13     0.000
1970    14     0.000
1970    15     0.000
1970    16     0.002
1970    17     0.010
1970    18     0.037
1970    19     0.106
1970    20     0.238
1970    21     0.413
1970    22     0.600
1970    23     0.784
1970    24     0.958
1970    25     1.111
1970    26     1.245
1970    27     1.369
1970    28     1.470
1970    29     1.556
1970    30     1.628
1970    31     1.690
1970    32     1.738
1970    33     1.778
1970    34     1.812
1970    35     1.837
1970    36     1.857
1970    37     1.874
1970    38     1.886
1970    39     1.897
1970    40     1.905
1970    41     1.911
1970    42     1.914
1970    43     1.917
1970    44     1.918
1970    45     1.919
1970    46     1.919
1970    47     1.919
1970    48     1.919
1970    49     1.920
1970    50     1.920
1970    51     1.920
1970    52     1.920
1970    53     1.920
1970    54     1.920
1970    55     1.920
1971    12     0.000
1971    13     0.000
1971    14     0.000
1971    15     0.000
1971    16     0.002
1971    17     0.010
1971    18     0.038
1971    19     0.108
1971    20     0.236
1971    21     0.406
1971    22     0.594
1971    23     0.780
1971    24     0.957
1971    25     1.118
1971    26     1.261
1971    27     1.385
1971    28     1.494
1971    29     1.588
1971    30     1.668
1971    31     1.734
1971    32     1.787
1971    33     1.831
1971    34     1.867
1971    35     1.895
1971    36     1.917
1971    37     1.935
1971    38     1.948
1971    39     1.958
1971    40     1.966
1971    41     1.971
1971    42     1.975
1971    43     1.978
1971    44     1.979
1971    45     1.980
1971    46     1.980
1971    47     1.980
1971    48     1.980
1971    49     1.980
1971    50     1.980
1971    51     1.980
1971    52     1.980
1971    53     1.980
1971    54     1.980
1971    55     1.980
1972    12     0.000
1972    13     0.000
1972    14     0.000
1972    15     0.000
1972    16     0.002
1972    17     0.010
1972    18     0.038
1972    19     0.110
1972    20     0.237
1972    21     0.413
1972    22     0.611
1972    23     0.809
1972    24     0.994
1972    25     1.168
1972    26     1.323
1972    27     1.457
1972    28     1.570
1972    29     1.668
1972    30     1.751
1972    31     1.819
1972    32     1.876
1972    33     1.922
1972    34     1.961
1972    35     1.991
1972    36     2.015
1972    37     2.032
1972    38     2.046
1972    39     2.056
1972    40     2.064
1972    41     2.069
1972    42     2.072
1972    43     2.075
1972    44     2.076
1972    45     2.077
1972    46     2.077
1972    47     2.077
1972    48     2.077
1972    49     2.077
1972    50     2.077
1972    51     2.077
1972    52     2.077
1972    53     2.077
1972    54     2.077
1972    55     2.077
1973    12     0.000
1973    13     0.000
1973    14     0.000
1973    15     0.000
1973    16     0.001
1973    17     0.010
1973    18     0.039
1973    19     0.113
1973    20     0.246
1973    21     0.430
1973    22     0.637
1973    23     0.856
1973    24     1.063
1973    25     1.258
1973    26     1.434
1973    27     1.589
1973    28     1.717
1973    29     1.826
1973    30     1.923
1973    31     2.003
1973    32     2.068
1973    33     2.119
1973    34     2.161
1973    35     2.195
1973    36     2.222
1973    37     2.242
1973    38     2.257
1973    39     2.268
1973    40     2.276
1973    41     2.282
1973    42     2.286
1973    43     2.288
1973    44     2.290
1973    45     2.291
1973    46     2.291
1973    47     2.291
1973    48     2.291
1973    49     2.291
1973    50     2.291
1973    51     2.291
1973    52     2.291
1973    53     2.291
1973    54     2.291
1973    55     2.291
1974    12     0.000
1974    13     0.000
1974    14     0.000
1974    15     0.000
1974    16     0.001
1974    17     0.009
1974    18     0.041
1974    19     0.121
1974    20     0.270
1974    21     0.467
1974    22     0.690
1974    23     0.919
1974    24     1.139
1974    25     1.342
1974    26     1.524
1974    27     1.686
1974    28     1.830
1974    29     1.948
1974    30     2.045
1974    31     2.130
1974    32     2.199
1974    33     2.257
1974    34     2.302
1974    35     2.340
1974    36     2.367
1974    37     2.390
1974    38     2.406
1974    39     2.418
1974    40     2.426
1974    41     2.432
1974    42     2.436
1974    43     2.438
1974    44     2.439
1974    45     2.440
1974    46     2.440
1974    47     2.440
1974    48     2.440
1974    49     2.440
1974    50     2.440
1974    51     2.440
1974    52     2.440
1974    53     2.440
1974    54     2.440
1974    55     2.440
1975    12     0.000
1975    13     0.000
1975    14     0.000
1975    15     0.000
1975    16     0.001
1975    17     0.010
1975    18     0.042
1975    19     0.132
1975    20     0.284
1975    21     0.485
1975    22     0.707
1975    23     0.934
1975    24     1.153
1975    25     1.353
1975    26     1.531
1975    27     1.686
1975    28     1.821
1975    29     1.936
1975    30     2.033
1975    31     2.110
1975    32     2.178
1975    33     2.233
1975    34     2.278
1975    35     2.313
1975    36     2.342
1975    37     2.362
1975    38     2.378
1975    39     2.389
1975    40     2.397
1975    41     2.403
1975    42     2.407
1975    43     2.409
1975    44     2.410
1975    45     2.411
1975    46     2.411
1975    47     2.411
1975    48     2.412
1975    49     2.412
1975    50     2.412
1975    51     2.412
1975    52     2.412
1975    53     2.412
1975    54     2.412
1975    55     2.412
1976    12     0.000
1976    13     0.000
1976    14     0.000
1976    15     0.000
1976    16     0.001
1976    17     0.010
1976    18     0.043
1976    19     0.131
1976    20     0.288
1976    21     0.492
1976    22     0.715
1976    23     0.939
1976    24     1.151
1976    25     1.346
1976    26     1.516
1976    27     1.667
1976    28     1.796
1976    29     1.907
1976    30     2.002
1976    31     2.080
1976    32     2.143
1976    33     2.197
1976    34     2.238
1976    35     2.273
1976    36     2.301
1976    37     2.321
1976    38     2.338
1976    39     2.350
1976    40     2.358
1976    41     2.363
1976    42     2.366
1976    43     2.369
1976    44     2.370
1976    45     2.371
1976    46     2.371
1976    47     2.371
1976    48     2.372
1976    49     2.372
1976    50     2.372
1976    51     2.372
1976    52     2.372
1976    53     2.372
1976    54     2.372
1976    55     2.372
1977    12     0.000
1977    13     0.000
1977    14     0.000
1977    15     0.000
1977    16     0.001
1977    17     0.009
1977    18     0.041
1977    19     0.129
1977    20     0.290
1977    21     0.497
1977    22     0.724
1977    23     0.948
1977    24     1.154
1977    25     1.343
1977    26     1.511
1977    27     1.655
1977    28     1.778
1977    29     1.884
1977    30     1.973
1977    31     2.049
1977    32     2.109
1977    33     2.158
1977    34     2.201
1977    35     2.235
1977    36     2.260
1977    37     2.281
1977    38     2.297
1977    39     2.308
1977    40     2.316
1977    41     2.321
1977    42     2.324
1977    43     2.327
1977    44     2.328
1977    45     2.329
1977    46     2.329
1977    47     2.329
1977    48     2.329
1977    49     2.329
1977    50     2.329
1977    51     2.329
1977    52     2.329
1977    53     2.329
1977    54     2.329
1977    55     2.329
1978    12     0.000
1978    13     0.000
1978    14     0.000
1978    15     0.000
1978    16     0.001
1978    17     0.009
1978    18     0.041
1978    19     0.130
1978    20     0.293
1978    21     0.507
1978    22     0.736
1978    23     0.963
1978    24     1.171
1978    25     1.361
1978    26     1.530
1978    27     1.674
1978    28     1.796
1978    29     1.900
1978    30     1.986
1978    31     2.058
1978    32     2.119
1978    33     2.168
1978    34     2.208
1978    35     2.241
1978    36     2.268
1978    37     2.288
1978    38     2.303
1978    39     2.314
1978    40     2.322
1978    41     2.327
1978    42     2.331
1978    43     2.333
1978    44     2.334
1978    45     2.334
1978    46     2.335
1978    47     2.335
1978    48     2.335
1978    49     2.335
1978    50     2.335
1978    51     2.335
1978    52     2.335
1978    53     2.335
1978    54     2.335
1978    55     2.335
1979    12     0.000
1979    13     0.000
1979    14     0.000
1979    15     0.000
1979    16     0.001
1979    17     0.009
1979    18     0.042
1979    19     0.133
1979    20     0.298
1979    21     0.508
1979    22     0.738
1979    23     0.966
1979    24     1.170
1979    25     1.355
1979    26     1.519
1979    27     1.661
1979    28     1.781
1979    29     1.878
1979    30     1.963
1979    31     2.033
1979    32     2.092
1979    33     2.140
1979    34     2.180
1979    35     2.210
1979    36     2.236
1979    37     2.255
1979    38     2.269
1979    39     2.279
1979    40     2.286
1979    41     2.291
1979    42     2.294
1979    43     2.296
1979    44     2.297
1979    45     2.298
1979    46     2.298
1979    47     2.298
1979    48     2.298
1979    49     2.298
1979    50     2.298
1979    51     2.298
1979    52     2.298
1979    53     2.298
1979    54     2.298
1979    55     2.298
1980    12     0.000
1980    13     0.000
1980    14     0.000
1980    15     0.000
1980    16     0.001
1980    17     0.009
1980    18     0.040
1980    19     0.128
1980    20     0.284
1980    21     0.487
1980    22     0.706
1980    23     0.915
1980    24     1.107
1980    25     1.276
1980    26     1.426
1980    27     1.554
1980    28     1.662
1980    29     1.749
1980    30     1.822
1980    31     1.882
1980    32     1.931
1980    33     1.971
1980    34     2.006
1980    35     2.034
1980    36     2.054
1980    37     2.070
1980    38     2.082
1980    39     2.091
1980    40     2.097
1980    41     2.102
1980    42     2.105
1980    43     2.106
1980    44     2.107
1980    45     2.108
1980    46     2.108
1980    47     2.108
1980    48     2.108
1980    49     2.108
1980    50     2.108
1980    51     2.108
1980    52     2.108
1980    53     2.108
1980    54     2.108
1980    55     2.108
1981    12     0.000
1981    13     0.000
1981    14     0.000
1981    15     0.000
1981    16     0.002
1981    17     0.009
1981    18     0.037
1981    19     0.117
1981    20     0.266
1981    21     0.462
1981    22     0.672
1981    23     0.875
1981    24     1.060
1981    25     1.225
1981    26     1.367
1981    27     1.489
1981    28     1.590
1981    29     1.675
1981    30     1.746
1981    31     1.803
1981    32     1.851
1981    33     1.890
1981    34     1.921
1981    35     1.946
1981    36     1.966
1981    37     1.981
1981    38     1.993
1981    39     2.002
1981    40     2.009
1981    41     2.013
1981    42     2.017
1981    43     2.019
1981    44     2.020
1981    45     2.020
1981    46     2.020
1981    47     2.020
1981    48     2.021
1981    49     2.021
1981    50     2.021
1981    51     2.021
1981    52     2.021
1981    53     2.021
1981    54     2.021
1981    55     2.021
1982    12     0.000
1982    13     0.000
1982    14     0.000
1982    15     0.000
1982    16     0.002
1982    17     0.009
1982    18     0.037
1982    19     0.118
1982    20     0.266
1982    21     0.465
1982    22     0.675
1982    23     0.877
1982    24     1.064
1982    25     1.226
1982    26     1.371
1982    27     1.494
1982    28     1.595
1982    29     1.678
1982    30     1.747
1982    31     1.804
1982    32     1.849
1982    33     1.887
1982    34     1.917
1982    35     1.942
1982    36     1.962
1982    37     1.978
1982    38     1.989
1982    39     1.997
1982    40     2.003
1982    41     2.007
1982    42     2.010
1982    43     2.012
1982    44     2.013
1982    45     2.013
1982    46     2.013
1982    47     2.013
1982    48     2.013
1982    49     2.013
1982    50     2.013
1982    51     2.013
1982    52     2.013
1982    53     2.014
1982    54     2.014
1982    55     2.014
1983    12     0.000
1983    13     0.000
1983    14     0.000
1983    15     0.000
1983    16     0.001
1983    17     0.009
1983    18     0.039
1983    19     0.120
1983    20     0.268
1983    21     0.461
1983    22     0.667
1983    23     0.867
1983    24     1.049
1983    25     1.208
1983    26     1.347
1983    27     1.466
1983    28     1.566
1983    29     1.649
1983    30     1.715
1983    31     1.769
1983    32     1.814
1983    33     1.851
1983    34     1.879
1983    35     1.904
1983    36     1.922
1983    37     1.937
1983    38     1.948
1983    39     1.956
1983    40     1.961
1983    41     1.965
1983    42     1.967
1983    43     1.969
1983    44     1.970
1983    45     1.970
1983    46     1.970
1983    47     1.971
1983    48     1.971
1983    49     1.971
1983    50     1.971
1983    51     1.971
1983    52     1.971
1983    53     1.971
1983    54     1.971
1983    55     1.971
1984    12     0.000
1984    13     0.000
1984    14     0.000
1984    15     0.000
1984    16     0.001
1984    17     0.010
1984    18     0.041
1984    19     0.123
1984    20     0.271
1984    21     0.463
1984    22     0.671
1984    23     0.869
1984    24     1.051
1984    25     1.213
1984    26     1.354
1984    27     1.475
1984    28     1.575
1984    29     1.657
1984    30     1.725
1984    31     1.779
1984    32     1.825
1984    33     1.861
1984    34     1.890
1984    35     1.913
1984    36     1.932
1984    37     1.945
1984    38     1.956
1984    39     1.963
1984    40     1.967
1984    41     1.971
1984    42     1.974
1984    43     1.975
1984    44     1.976
1984    45     1.976
1984    46     1.976
1984    47     1.976
1984    48     1.976
1984    49     1.976
1984    50     1.976
1984    51     1.976
1984    52     1.976
1984    53     1.976
1984    54     1.976
1984    55     1.976
1985    12     0.000
1985    13     0.000
1985    14     0.000
1985    15     0.000
1985    16     0.001
1985    17     0.009
1985    18     0.041
1985    19     0.122
1985    20     0.268
1985    21     0.455
1985    22     0.659
1985    23     0.858
1985    24     1.041
1985    25     1.203
1985    26     1.348
1985    27     1.471
1985    28     1.570
1985    29     1.653
1985    30     1.721
1985    31     1.776
1985    32     1.820
1985    33     1.857
1985    34     1.887
1985    35     1.910
1985    36     1.929
1985    37     1.942
1985    38     1.952
1985    39     1.960
1985    40     1.965
1985    41     1.969
1985    42     1.971
1985    43     1.972
1985    44     1.973
1985    45     1.973
1985    46     1.973
1985    47     1.973
1985    48     1.974
1985    49     1.974
1985    50     1.974
1985    51     1.974
1985    52     1.974
1985    53     1.974
1985    54     1.974
1985    55     1.974
1986    12     0.000
1986    13     0.000
1986    14     0.000
1986    15     0.000
1986    16     0.001
1986    17     0.008
1986    18     0.037
1986    19     0.119
1986    20     0.260
1986    21     0.446
1986    22     0.643
1986    23     0.836
1986    24     1.014
1986    25     1.176
1986    26     1.319
1986    27     1.441
1986    28     1.542
1986    29     1.625
1986    30     1.694
1986    31     1.750
1986    32     1.795
1986    33     1.832
1986    34     1.861
1986    35     1.884
1986    36     1.903
1986    37     1.917
1986    38     1.927
1986    39     1.934
1986    40     1.940
1986    41     1.943
1986    42     1.945
1986    43     1.947
1986    44     1.947
1986    45     1.948
1986    46     1.948
1986    47     1.948
1986    48     1.948
1986    49     1.948
1986    50     1.948
1986    51     1.948
1986    52     1.948
1986    53     1.948
1986    54     1.948
1986    55     1.948
1987    12     0.000
1987    13     0.000
1987    14     0.000
1987    15     0.000
1987    16     0.001
1987    17     0.007
1987    18     0.033
1987    19     0.113
1987    20     0.257
1987    21     0.434
1987    22     0.626
1987    23     0.815
1987    24     0.992
1987    25     1.154
1987    26     1.297
1987    27     1.422
1987    28     1.523
1987    29     1.605
1987    30     1.673
1987    31     1.728
1987    32     1.771
1987    33     1.806
1987    34     1.835
1987    35     1.858
1987    36     1.877
1987    37     1.892
1987    38     1.902
1987    39     1.910
1987    40     1.915
1987    41     1.918
1987    42     1.920
1987    43     1.922
1987    44     1.922
1987    45     1.923
1987    46     1.923
1987    47     1.923
1987    48     1.923
1987    49     1.923
1987    50     1.923
1987    51     1.923
1987    52     1.923
1987    53     1.923
1987    54     1.923
1987    55     1.923
1988    12     0.000
1988    13     0.000
1988    14     0.000
1988    15     0.000
1988    16     0.001
1988    17     0.007
1988    18     0.033
1988    19     0.112
1988    20     0.261
1988    21     0.438
1988    22     0.630
1988    23     0.821
1988    24     0.996
1988    25     1.159
1988    26     1.303
1988    27     1.429
1988    28     1.536
1988    29     1.624
1988    30     1.693
1988    31     1.752
1988    32     1.799
1988    33     1.835
1988    34     1.865
1988    35     1.890
1988    36     1.908
1988    37     1.922
1988    38     1.934
1988    39     1.941
1988    40     1.946
1988    41     1.950
1988    42     1.952
1988    43     1.953
1988    44     1.954
1988    45     1.954
1988    46     1.954
1988    47     1.954
1988    48     1.954
1988    49     1.954
1988    50     1.954
1988    51     1.954
1988    52     1.954
1988    53     1.954
1988    54     1.954
1988    55     1.954
1989    12     0.000
1989    13     0.000
1989    14     0.000
1989    15     0.000
1989    16     0.001
1989    17     0.006
1989    18     0.029
1989    19     0.105
1989    20     0.247
1989    21     0.420
1989    22     0.602
1989    23     0.783
1989    24     0.958
1989    25     1.119
1989    26     1.260
1989    27     1.379
1989    28     1.482
1989    29     1.565
1989    30     1.635
1989    31     1.690
1989    32     1.734
1989    33     1.770
1989    34     1.800
1989    35     1.823
1989    36     1.841
1989    37     1.856
1989    38     1.867
1989    39     1.874
1989    40     1.880
1989    41     1.883
1989    42     1.885
1989    43     1.887
1989    44     1.887
1989    45     1.887
1989    46     1.888
1989    47     1.888
1989    48     1.888
1989    49     1.888
1989    50     1.888
1989    51     1.888
1989    52     1.888
1989    53     1.888
1989    54     1.888
1989    55     1.888
1990    12     0.000
1990    13     0.000
1990    14     0.000
1990    15     0.000
1990    16     0.001
1990    17     0.007
1990    18     0.032
1990    19     0.106
1990    20     0.247
1990    21     0.425
1990    22     0.611
1990    23     0.792
1990    24     0.966
1990    25     1.126
1990    26     1.272
1990    27     1.393
1990    28     1.496
1990    29     1.580
1990    30     1.648
1990    31     1.706
1990    32     1.750
1990    33     1.788
1990    34     1.818
1990    35     1.842
1990    36     1.861
1990    37     1.875
1990    38     1.886
1990    39     1.893
1990    40     1.899
1990    41     1.903
1990    42     1.905
1990    43     1.906
1990    44     1.907
1990    45     1.907
1990    46     1.908
1990    47     1.908
1990    48     1.908
1990    49     1.908
1990    50     1.908
1990    51     1.908
1990    52     1.908
1990    53     1.908
1990    54     1.908
1990    55     1.908
1991    12     0.000
1991    13     0.000
1991    14     0.000
1991    15     0.000
1991    16     0.001
1991    17     0.008
1991    18     0.034
1991    19     0.112
1991    20     0.253
1991    21     0.429
1991    22     0.610
1991    23     0.787
1991    24     0.953
1991    25     1.106
1991    26     1.243
1991    27     1.362
1991    28     1.461
1991    29     1.543
1991    30     1.609
1991    31     1.664
1991    32     1.708
1991    33     1.743
1991    34     1.772
1991    35     1.795
1991    36     1.813
1991    37     1.827
1991    38     1.838
1991    39     1.846
1991    40     1.852
1991    41     1.856
1991    42     1.858
1991    43     1.860
1991    44     1.860
1991    45     1.861
1991    46     1.861
1991    47     1.861
1991    48     1.861
1991    49     1.861
1991    50     1.861
1991    51     1.861
1991    52     1.861
1991    53     1.861
1991    54     1.861
1991    55     1.861
1992    12     0.000
1992    13     0.000
1992    14     0.000
1992    15     0.000
1992    16     0.001
1992    17     0.008
1992    18     0.032
1992    19     0.102
1992    20     0.229
1992    21     0.381
1992    22     0.543
1992    23     0.706
1992    24     0.858
1992    25     1.001
1992    26     1.128
1992    27     1.239
1992    28     1.333
1992    29     1.411
1992    30     1.476
1992    31     1.529
1992    32     1.571
1992    33     1.605
1992    34     1.632
1992    35     1.653
1992    36     1.670
1992    37     1.682
1992    38     1.693
1992    39     1.700
1992    40     1.706
1992    41     1.710
1992    42     1.712
1992    43     1.713
1992    44     1.714
1992    45     1.715
1992    46     1.715
1992    47     1.715
1992    48     1.715
1992    49     1.715
1992    50     1.715
1992    51     1.715
1992    52     1.715
1992    53     1.715
1992    54     1.715
1992    55     1.715
1993    12     0.000
1993    13     0.000
1993    14     0.000
1993    15     0.000
1993    16     0.002
1993    17     0.008
1993    18     0.031
1993    19     0.095
1993    20     0.211
1993    21     0.350
1993    22     0.501
1993    23     0.653
1993    24     0.801
1993    25     0.940
1993    26     1.065
1993    27     1.175
1993    28     1.272
1993    29     1.351
1993    30     1.415
1993    31     1.468
1993    32     1.511
1993    33     1.547
1993    34     1.577
1993    35     1.600
1993    36     1.619
1993    37     1.633
1993    38     1.644
1993    39     1.651
1993    40     1.657
1993    41     1.661
1993    42     1.663
1993    43     1.665
1993    44     1.666
1993    45     1.666
1993    46     1.666
1993    47     1.666
1993    48     1.667
1993    49     1.667
1993    50     1.667
1993    51     1.667
1993    52     1.667
1993    53     1.667
1993    54     1.667
1993    55     1.667
1994    12     0.000
1994    13     0.000
1994    14     0.000
1994    15     0.000
1994    16     0.001
1994    17     0.006
1994    18     0.024
1994    19     0.072
1994    20     0.159
1994    21     0.272
1994    22     0.394
1994    23     0.521
1994    24     0.648
1994    25     0.770
1994    26     0.880
1994    27     0.980
1994    28     1.065
1994    29     1.138
1994    30     1.200
1994    31     1.252
1994    32     1.292
1994    33     1.327
1994    34     1.354
1994    35     1.376
1994    36     1.394
1994    37     1.407
1994    38     1.417
1994    39     1.425
1994    40     1.431
1994    41     1.435
1994    42     1.437
1994    43     1.439
1994    44     1.439
1994    45     1.440
1994    46     1.440
1994    47     1.440
1994    48     1.440
1994    49     1.440
1994    50     1.440
1994    51     1.440
1994    52     1.440
1994    53     1.440
1994    54     1.440
1994    55     1.440
1995    12     0.000
1995    13     0.000
1995    14     0.000
1995    15     0.000
1995    16     0.001
1995    17     0.006
1995    18     0.019
1995    19     0.054
1995    20     0.120
1995    21     0.206
1995    22     0.307
1995    23     0.415
1995    24     0.528
1995    25     0.636
1995    26     0.740
1995    27     0.834
1995    28     0.914
1995    29     0.984
1995    30     1.044
1995    31     1.094
1995    32     1.134
1995    33     1.168
1995    34     1.195
1995    35     1.217
1995    36     1.235
1995    37     1.249
1995    38     1.260
1995    39     1.267
1995    40     1.272
1995    41     1.276
1995    42     1.278
1995    43     1.279
1995    44     1.280
1995    45     1.281
1995    46     1.281
1995    47     1.281
1995    48     1.281
1995    49     1.281
1995    50     1.281
1995    51     1.281
1995    52     1.281
1995    53     1.281
1995    54     1.281
1995    55     1.281
1996    12     0.000
1996    13     0.000
1996    14     0.000
1996    15     0.000
1996    16     0.001
1996    17     0.005
1996    18     0.017
1996    19     0.044
1996    20     0.095
1996    21     0.166
1996    22     0.254
1996    23     0.352
1996    24     0.453
1996    25     0.553
1996    26     0.651
1996    27     0.741
1996    28     0.821
1996    29     0.890
1996    30     0.949
1996    31     0.999
1996    32     1.041
1996    33     1.075
1996    34     1.101
1996    35     1.124
1996    36     1.141
1996    37     1.155
1996    38     1.166
1996    39     1.174
1996    40     1.180
1996    41     1.184
1996    42     1.186
1996    43     1.187
1996    44     1.188
1996    45     1.189
1996    46     1.189
1996    47     1.189
1996    48     1.189
1996    49     1.189
1996    50     1.189
1996    51     1.189
1996    52     1.189
1996    53     1.189
1996    54     1.189
1996    55     1.189
1997    12     0.000
1997    13     0.000
1997    14     0.000
1997    15     0.000
1997    16     0.001
1997    17     0.005
1997    18     0.016
1997    19     0.040
1997    20     0.083
1997    21     0.147
1997    22     0.224
1997    23     0.315
1997    24     0.411
1997    25     0.512
1997    26     0.615
1997    27     0.707
1997    28     0.790
1997    29     0.863
1997    30     0.926
1997    31     0.977
1997    32     1.020
1997    33     1.056
1997    34     1.085
1997    35     1.108
1997    36     1.127
1997    37     1.143
1997    38     1.154
1997    39     1.162
1997    40     1.169
1997    41     1.173
1997    42     1.175
1997    43     1.176
1997    44     1.177
1997    45     1.177
1997    46     1.177
1997    47     1.178
1997    48     1.178
1997    49     1.178
1997    50     1.178
1997    51     1.178
1997    52     1.178
1997    53     1.178
1997    54     1.178
1997    55     1.178
1998    12     0.000
1998    13     0.000
1998    14     0.000
1998    15     0.000
1998    16     0.001
1998    17     0.004
1998    18     0.015
1998    19     0.037
1998    20     0.076
1998    21     0.130
1998    22     0.199
1998    23     0.282
1998    24     0.376
1998    25     0.476
1998    26     0.575
1998    27     0.669
1998    28     0.757
1998    29     0.833
1998    30     0.900
1998    31     0.954
1998    32     0.999
1998    33     1.035
1998    34     1.065
1998    35     1.090
1998    36     1.109
1998    37     1.126
1998    38     1.137
1998    39     1.146
1998    40     1.153
1998    41     1.157
1998    42     1.160
1998    43     1.161
1998    44     1.162
1998    45     1.163
1998    46     1.163
1998    47     1.163
1998    48     1.163
1998    49     1.163
1998    50     1.163
1998    51     1.163
1998    52     1.163
1998    53     1.163
1998    54     1.163
1998    55     1.163
1999    12     0.000
1999    13     0.000
1999    14     0.000
1999    15     0.000
1999    16     0.001
1999    17     0.004
1999    18     0.014
1999    19     0.035
1999    20     0.072
1999    21     0.120
1999    22     0.181
1999    23     0.254
1999    24     0.340
1999    25     0.435
1999    26     0.534
1999    27     0.629
1999    28     0.717
1999    29     0.798
1999    30     0.866
1999    31     0.922
1999    32     0.968
1999    33     1.008
1999    34     1.039
1999    35     1.065
1999    36     1.084
1999    37     1.100
1999    38     1.113
1999    39     1.122
1999    40     1.129
1999    41     1.133
1999    42     1.136
1999    43     1.138
1999    44     1.139
1999    45     1.139
1999    46     1.139
1999    47     1.139
1999    48     1.139
1999    49     1.139
1999    50     1.139
1999    51     1.139
1999    52     1.139
1999    53     1.139
1999    54     1.139
1999    55     1.139
2000    12     0.000
2000    13     0.000
2000    14     0.000
2000    15     0.000
2000    16     0.001
2000    17     0.005
2000    18     0.013
2000    19     0.031
2000    20     0.064
2000    21     0.109
2000    22     0.162
2000    23     0.228
2000    24     0.308
2000    25     0.400
2000    26     0.500
2000    27     0.599
2000    28     0.691
2000    29     0.778
2000    30     0.852
2000    31     0.915
2000    32     0.968
2000    33     1.009
2000    34     1.041
2000    35     1.069
2000    36     1.092
2000    37     1.109
2000    38     1.122
2000    39     1.133
2000    40     1.140
2000    41     1.144
2000    42     1.147
2000    43     1.149
2000    44     1.150
2000    45     1.151
2000    46     1.151
2000    47     1.151
2000    48     1.151
2000    49     1.151
2000    50     1.151
2000    51     1.151
2000    52     1.151
2000    53     1.151
2000    54     1.151
2000    55     1.151
2001    12     0.000
2001    13     0.000
2001    14     0.000
2001    15     0.000
2001    16     0.001
2001    17     0.005
2001    18     0.012
2001    19     0.028
2001    20     0.056
2001    21     0.096
2001    22     0.146
2001    23     0.205
2001    24     0.275
2001    25     0.358
2001    26     0.454
2001    27     0.553
2001    28     0.649
2001    29     0.737
2001    30     0.816
2001    31     0.884
2001    32     0.943
2001    33     0.988
2001    34     1.026
2001    35     1.055
2001    36     1.078
2001    37     1.098
2001    38     1.112
2001    39     1.122
2001    40     1.131
2001    41     1.136
2001    42     1.140
2001    43     1.142
2001    44     1.143
2001    45     1.144
2001    46     1.144
2001    47     1.144
2001    48     1.144
2001    49     1.144
2001    50     1.144
2001    51     1.144
2001    52     1.144
2001    53     1.144
2001    54     1.144
2001    55     1.144
2002    12     0.000
2002    13     0.000
2002    14     0.000
2002    15     0.000
2002    16     0.001
2002    17     0.005
2002    18     0.014
2002    19     0.030
2002    20     0.057
2002    21     0.093
2002    22     0.139
2002    23     0.195
2002    24     0.261
2002    25     0.341
2002    26     0.432
2002    27     0.531
2002    28     0.630
2002    29     0.723
2002    30     0.806
2002    31     0.881
2002    32     0.942
2002    33     0.992
2002    34     1.032
2002    35     1.066
2002    36     1.093
2002    37     1.114
2002    38     1.130
2002    39     1.141
2002    40     1.151
2002    41     1.157
2002    42     1.161
2002    43     1.163
2002    44     1.164
2002    45     1.165
2002    46     1.165
2002    47     1.165
2002    48     1.165
2002    49     1.165
2002    50     1.165
2002    51     1.165
2002    52     1.165
2002    53     1.165
2002    54     1.165
2002    55     1.165
2003    12     0.000
2003    13     0.000
2003    14     0.000
2003    15     0.000
2003    16     0.001
2003    17     0.005
2003    18     0.014
2003    19     0.030
2003    20     0.056
2003    21     0.091
2003    22     0.133
2003    23     0.183
2003    24     0.244
2003    25     0.318
2003    26     0.402
2003    27     0.500
2003    28     0.599
2003    29     0.696
2003    30     0.787
2003    31     0.868
2003    32     0.934
2003    33     0.989
2003    34     1.032
2003    35     1.067
2003    36     1.095
2003    37     1.117
2003    38     1.133
2003    39     1.146
2003    40     1.156
2003    41     1.163
2003    42     1.167
2003    43     1.169
2003    44     1.171
2003    45     1.171
2003    46     1.172
2003    47     1.172
2003    48     1.172
2003    49     1.172
2003    50     1.172
2003    51     1.172
2003    52     1.172
2003    53     1.172
2003    54     1.172
2003    55     1.172
2004    12     0.000
2004    13     0.000
2004    14     0.000
2004    15     0.000
2004    16     0.001
2004    17     0.006
2004    18     0.015
2004    19     0.031
2004    20     0.056
2004    21     0.090
2004    22     0.131
2004    23     0.178
2004    24     0.234
2004    25     0.304
2004    26     0.388
2004    27     0.483
2004    28     0.586
2004    29     0.691
2004    30     0.789
2004    31     0.877
2004    32     0.952
2004    33     1.012
2004    34     1.061
2004    35     1.101
2004    36     1.133
2004    37     1.158
2004    38     1.177
2004    39     1.192
2004    40     1.202
2004    41     1.209
2004    42     1.213
2004    43     1.216
2004    44     1.218
2004    45     1.218
2004    46     1.219
2004    47     1.219
2004    48     1.219
2004    49     1.219
2004    50     1.219
2004    51     1.219
2004    52     1.219
2004    53     1.219
2004    54     1.219
2004    55     1.219
2005    12     0.000
2005    13     0.000
2005    14     0.000
2005    15     0.000
2005    16     0.001
2005    17     0.006
2005    18     0.014
2005    19     0.030
2005    20     0.054
2005    21     0.087
2005    22     0.126
2005    23     0.173
2005    24     0.226
2005    25     0.293
2005    26     0.375
2005    27     0.470
2005    28     0.575
2005    29     0.684
2005    30     0.794
2005    31     0.891
2005    32     0.973
2005    33     1.042
2005    34     1.098
2005    35     1.143
2005    36     1.181
2005    37     1.209
2005    38     1.230
2005    39     1.246
2005    40     1.256
2005    41     1.264
2005    42     1.269
2005    43     1.271
2005    44     1.273
2005    45     1.274
2005    46     1.275
2005    47     1.275
2005    48     1.275
2005    49     1.275
2005    50     1.275
2005    51     1.275
2005    52     1.275
2005    53     1.275
2005    54     1.275
2005    55     1.275
2006    12     0.000
2006    13     0.000
2006    14     0.000
2006    15     0.000
2006    16     0.001
2006    17     0.005
2006    18     0.014
2006    19     0.030
2006    20     0.054
2006    21     0.086
2006    22     0.125
2006    23     0.169
2006    24     0.222
2006    25     0.285
2006    26     0.365
2006    27     0.457
2006    28     0.561
2006    29     0.672
2006    30     0.787
2006    31     0.893
2006    32     0.986
2006    33     1.060
2006    34     1.123
2006    35     1.175
2006    36     1.216
2006    37     1.249
2006    38     1.271
2006    39     1.289
2006    40     1.302
2006    41     1.311
2006    42     1.316
2006    43     1.319
2006    44     1.322
2006    45     1.323
2006    46     1.323
2006    47     1.323
2006    48     1.323
2006    49     1.323
2006    50     1.323
2006    51     1.323
2006    52     1.323
2006    53     1.323
2006    54     1.323
2006    55     1.323
2007    12     0.000
2007    13     0.000
2007    14     0.000
2007    15     0.000
2007    16     0.001
2007    17     0.005
2007    18     0.013
2007    19     0.029
2007    20     0.055
2007    21     0.087
2007    22     0.125
2007    23     0.173
2007    24     0.227
2007    25     0.293
2007    26     0.374
2007    27     0.469
2007    28     0.580
2007    29     0.697
2007    30     0.819
2007    31     0.938
2007    32     1.041
2007    33     1.130
2007    34     1.204
2007    35     1.265
2007    36     1.314
2007    37     1.351
2007    38     1.380
2007    39     1.401
2007    40     1.415
2007    41     1.426
2007    42     1.432
2007    43     1.435
2007    44     1.438
2007    45     1.439
2007    46     1.439
2007    47     1.440
2007    48     1.440
2007    49     1.440
2007    50     1.440
2007    51     1.440
2007    52     1.440
2007    53     1.440
2007    54     1.440
2007    55     1.440
2008    12     0.000
2008    13     0.000
2008    14     0.000
2008    15     0.000
2008    16     0.001
2008    17     0.005
2008    18     0.015
2008    19     0.031
2008    20     0.056
2008    21     0.091
2008    22     0.130
2008    23     0.176
2008    24     0.230
2008    25     0.297
2008    26     0.379
2008    27     0.474
2008    28     0.584
2008    29     0.705
2008    30     0.829
2008    31     0.956
2008    32     1.069
2008    33     1.169
2008    34     1.250
2008    35     1.316
2008    36     1.371
2008    37     1.413
2008    38     1.445
2008    39     1.467
2008    40     1.485
2008    41     1.497
2008    42     1.504
2008    43     1.508
2008    44     1.511
2008    45     1.512
2008    46     1.512
2008    47     1.513
2008    48     1.513
2008    49     1.513
2008    50     1.513
2008    51     1.513
2008    52     1.513
2008    53     1.513
2008    54     1.513
2008    55     1.513
2009    12     0.000
2009    13     0.000
2009    14     0.000
2009    15     0.000
2009    16     0.002
2009    17     0.006
2009    18     0.015
2009    19     0.032
2009    20     0.057
2009    21     0.091
2009    22     0.133
2009    23     0.179
2009    24     0.233
2009    25     0.295
2009    26     0.372
2009    27     0.466
2009    28     0.572
2009    29     0.690
2009    30     0.815
2009    31     0.939
2009    32     1.054
2009    33     1.156
2009    34     1.240
2009    35     1.309
2009    36     1.365
2009    37     1.409
2009    38     1.442
2009    39     1.467
2009    40     1.485
2009    41     1.497
2009    42     1.504
2009    43     1.509
2009    44     1.512
2009    45     1.513
2009    46     1.513
2009    47     1.514
2009    48     1.514
2009    49     1.514
2009    50     1.514
2009    51     1.514
2009    52     1.514
2009    53     1.514
2009    54     1.514
2009    55     1.514
2010    12     0.000
2010    13     0.000
2010    14     0.000
2010    15     0.000
2010    16     0.002
2010    17     0.006
2010    18     0.014
2010    19     0.030
2010    20     0.054
2010    21     0.087
2010    22     0.127
2010    23     0.173
2010    24     0.225
2010    25     0.287
2010    26     0.360
2010    27     0.449
2010    28     0.551
2010    29     0.670
2010    30     0.794
2010    31     0.919
2010    32     1.035
2010    33     1.139
2010    34     1.228
2010    35     1.299
2010    36     1.360
2010    37     1.406
2010    38     1.442
2010    39     1.467
2010    40     1.485
2010    41     1.498
2010    42     1.506
2010    43     1.511
2010    44     1.513
2010    45     1.515
2010    46     1.515
2010    47     1.516
2010    48     1.516
2010    49     1.516
2010    50     1.516
2010    51     1.516
2010    52     1.516
2010    53     1.516
2010    54     1.516
2010    55     1.516
2011    12     0.000
2011    13     0.000
2011    14     0.000
2011    15     0.000
2011    16     0.002
2011    17     0.006
2011    18     0.016
2011    19     0.029
2011    20     0.053
2011    21     0.083
2011    22     0.118
2011    23     0.158
2011    24     0.206
2011    25     0.263
2011    26     0.330
2011    27     0.411
2011    28     0.507
2011    29     0.615
2011    30     0.730
2011    31     0.848
2011    32     0.958
2011    33     1.058
2011    34     1.144
2011    35     1.215
2011    36     1.273
2011    37     1.319
2011    38     1.353
2011    39     1.378
2011    40     1.396
2011    41     1.409
2011    42     1.417
2011    43     1.422
2011    44     1.424
2011    45     1.426
2011    46     1.427
2011    47     1.427
2011    48     1.427
2011    49     1.427
2011    50     1.427
2011    51     1.427
2011    52     1.427
2011    53     1.427
2011    54     1.427
2011    55     1.427
2012    12     0.000
2012    13     0.000
2012    14     0.000
2012    15     0.000
2012    16     0.001
2012    17     0.006
2012    18     0.016
2012    19     0.033
2012    20     0.055
2012    21     0.084
2012    22     0.120
2012    23     0.162
2012    24     0.210
2012    25     0.267
2012    26     0.335
2012    27     0.415
2012    28     0.509
2012    29     0.618
2012    30     0.733
2012    31     0.853
2012    32     0.967
2012    33     1.068
2012    34     1.156
2012    35     1.231
2012    36     1.292
2012    37     1.339
2012    38     1.375
2012    39     1.402
2012    40     1.421
2012    41     1.435
2012    42     1.443
2012    43     1.449
2012    44     1.452
2012    45     1.453
2012    46     1.454
2012    47     1.454
2012    48     1.454
2012    49     1.454
2012    50     1.454
2012    51     1.455
2012    52     1.455
2012    53     1.455
2012    54     1.455
2012    55     1.455
2013    12     0.000
2013    13     0.000
2013    14     0.000
2013    15     0.000
2013    16     0.001
2013    17     0.006
2013    18     0.015
2013    19     0.031
2013    20     0.055
2013    21     0.084
2013    22     0.120
2013    23     0.161
2013    24     0.208
2013    25     0.263
2013    26     0.330
2013    27     0.411
2013    28     0.505
2013    29     0.609
2013    30     0.725
2013    31     0.843
2013    32     0.958
2013    33     1.061
2013    34     1.150
2013    35     1.225
2013    36     1.288
2013    37     1.337
2013    38     1.376
2013    39     1.404
2013    40     1.426
2013    41     1.440
2013    42     1.449
2013    43     1.455
2013    44     1.458
2013    45     1.460
2013    46     1.461
2013    47     1.461
2013    48     1.461
2013    49     1.461
2013    50     1.461
2013    51     1.461
2013    52     1.461
2013    53     1.461
2013    54     1.461
2013    55     1.461
2014    12     0.000
2014    13     0.000
2014    14     0.000
2014    15     0.000
2014    16     0.002
2014    17     0.007
2014    18     0.016
2014    19     0.033
2014    20     0.058
2014    21     0.089
2014    22     0.125
2014    23     0.167
2014    24     0.215
2014    25     0.271
2014    26     0.340
2014    27     0.421
2014    28     0.519
2014    29     0.629
2014    30     0.752
2014    31     0.877
2014    32     0.995
2014    33     1.105
2014    34     1.201
2014    35     1.282
2014    36     1.350
2014    37     1.406
2014    38     1.447
2014    39     1.478
2014    40     1.501
2014    41     1.516
2014    42     1.525
2014    43     1.531
2014    44     1.534
2014    45     1.536
2014    46     1.537
2014    47     1.537
2014    48     1.537
2014    49     1.537
2014    50     1.538
2014    51     1.538
2014    52     1.538
2014    53     1.538
2014    54     1.538
2014    55     1.538
2015    12     0.000
2015    13     0.000
2015    14     0.000
2015    15     0.000
2015    16     0.002
2015    17     0.006
2015    18     0.016
2015    19     0.032
2015    20     0.057
2015    21     0.089
2015    22     0.129
2015    23     0.170
2015    24     0.220
2015    25     0.281
2015    26     0.353
2015    27     0.438
2015    28     0.537
2015    29     0.650
2015    30     0.771
2015    31     0.897
2015    32     1.018
2015    33     1.128
2015    34     1.226
2015    35     1.312
2015    36     1.383
2015    37     1.441
2015    38     1.486
2015    39     1.519
2015    40     1.543
2015    41     1.561
2015    42     1.572
2015    43     1.578
2015    44     1.581
2015    45     1.583
2015    46     1.584
2015    47     1.585
2015    48     1.585
2015    49     1.585
2015    50     1.585
2015    51     1.585
2015    52     1.585
2015    53     1.585
2015    54     1.585
2015    55     1.585
2016    12     0.000
2016    13     0.000
2016    14     0.000
2016    15     0.000
2016    16     0.001
2016    17     0.006
2016    18     0.016
2016    19     0.032
2016    20     0.058
2016    21     0.093
2016    22     0.134
2016    23     0.181
2016    24     0.236
2016    25     0.301
2016    26     0.377
2016    27     0.463
2016    28     0.566
2016    29     0.679
2016    30     0.804
2016    31     0.930
2016    32     1.056
2016    33     1.170
2016    34     1.273
2016    35     1.361
2016    36     1.436
2016    37     1.495
2016    38     1.543
2016    39     1.579
2016    40     1.607
2016    41     1.626
2016    42     1.636
2016    43     1.643
2016    44     1.647
2016    45     1.649
2016    46     1.650
2016    47     1.651
2016    48     1.651
2016    49     1.651
2016    50     1.651
2016    51     1.651
2016    52     1.651
2016    53     1.651
2016    54     1.652
2016    55     1.652
2017    12     0.000
2017    13     0.000
2017    14     0.000
2017    15     0.000
2017    16     0.002
2017    17     0.006
2017    18     0.015
2017    19     0.032
2017    20     0.059
2017    21     0.093
2017    22     0.134
2017    23     0.184
2017    24     0.240
2017    25     0.307
2017    26     0.385
2017    27     0.479
2017    28     0.586
2017    29     0.704
2017    30     0.833
2017    31     0.965
2017    32     1.091
2017    33     1.211
2017    34     1.315
2017    35     1.407
2017    36     1.485
2017    37     1.548
2017    38     1.597
2017    39     1.636
2017    40     1.667
2017    41     1.686
2017    42     1.698
2017    43     1.706
2017    44     1.710
2017    45     1.712
2017    46     1.713
2017    47     1.714
2017    48     1.714
2017    49     1.714
2017    50     1.714
2017    51     1.714
2017    52     1.714
2017    53     1.714
2017    54     1.714
2017    55     1.714
2018    12     0.000
2018    13     0.000
2018    14     0.000
2018    15     0.000
2018    16     0.002
2018    17     0.006
2018    18     0.014
2018    19     0.029
2018    20     0.054
2018    21     0.086
2018    22     0.127
2018    23     0.178
2018    24     0.235
2018    25     0.306
2018    26     0.387
2018    27     0.482
2018    28     0.591
2018    29     0.711
2018    30     0.840
2018    31     0.973
2018    32     1.100
2018    33     1.222
2018    34     1.329
2018    35     1.421
2018    36     1.501
2018    37     1.568
2018    38     1.620
2018    39     1.660
2018    40     1.691
2018    41     1.713
2018    42     1.726
2018    43     1.733
2018    44     1.738
2018    45     1.741
2018    46     1.743
2018    47     1.743
2018    48     1.744
2018    49     1.744
2018    50     1.744
2018    51     1.744
2018    52     1.744
2018    53     1.744
2018    54     1.744
2018    55     1.744
2019    12     0.000
2019    13     0.000
2019    14     0.000
2019    15     0.000
2019    16     0.002
2019    17     0.005
2019    18     0.013
2019    19     0.027
2019    20     0.050
2019    21     0.083
2019    22     0.122
2019    23     0.171
2019    24     0.228
2019    25     0.298
2019    26     0.382
2019    27     0.480
2019    28     0.593
2019    29     0.714
2019    30     0.845
2019    31     0.977
2019    32     1.103
2019    33     1.220
2019    34     1.329
2019    35     1.424
2019    36     1.505
2019    37     1.573
2019    38     1.625
2019    39     1.666
2019    40     1.699
2019    41     1.720
2019    42     1.734
2019    43     1.743
2019    44     1.747
2019    45     1.750
2019    46     1.752
2019    47     1.752
2019    48     1.753
2019    49     1.753
2019    50     1.753
2019    51     1.753
2019    52     1.754
2019    53     1.754
2019    54     1.754
2019    55     1.754
2020    12     0.000
2020    13     0.000
2020    14     0.000
2020    15     0.000
2020    16     0.002
2020    17     0.005
2020    18     0.013
2020    19     0.026
2020    20     0.047
2020    21     0.075
2020    22     0.115
2020    23     0.164
2020    24     0.223
2020    25     0.296
2020    26     0.381
2020    27     0.479
2020    28     0.594
2020    29     0.716
2020    30     0.846
2020    31     0.976
2020    32     1.106
2020    33     1.224
2020    34     1.330
2020    35     1.424
2020    36     1.507
2020    37     1.575
2020    38     1.628
2020    39     1.670
2020    40     1.703
2020    41     1.724
2020    42     1.739
2020    43     1.748
2020    44     1.754
2020    45     1.757
2020    46     1.758
2020    47     1.759
2020    48     1.760
2020    49     1.760
2020    50     1.760
2020    51     1.760
2020    52     1.760
2020    53     1.760
2020    54     1.760
2020    55     1.760
2021    12     0.000
2021    13     0.000
2021    14     0.000
2021    15     0.000
2021    16     0.001
2021    17     0.004
2021    18     0.011
2021    19     0.023
2021    20     0.041
2021    21     0.067
2021    22     0.104
2021    23     0.149
2021    24     0.206
2021    25     0.278
2021    26     0.367
2021    27     0.469
2021    28     0.589
2021    29     0.719
2021    30     0.855
2021    31     0.995
2021    32     1.129
2021    33     1.254
2021    34     1.365
2021    35     1.465
2021    36     1.551
2021    37     1.621
2021    38     1.679
2021    39     1.723
2021    40     1.758
2021    41     1.781
2021    42     1.796
2021    43     1.806
2021    44     1.812
2021    45     1.815
2021    46     1.817
2021    47     1.818
2021    48     1.818
2021    49     1.819
2021    50     1.819
2021    51     1.819
2021    52     1.819
2021    53     1.819
2021    54     1.819
2021    55     1.819
