Czechia, Cumulative cohort fertility rates (horizontal parallelograms
Last modified: 02/02/2023
Cohort  Age     CCFR
1935    12         .
1935    13         .
1935    14         .
1935    15     0.000
1935    16     0.002
1935    17     0.013
1935    18     0.045
1935    19     0.113
1935    20     0.230
1935    21     0.395
1935    22     0.594
1935    23     0.801
1935    24     0.993
1935    25     1.167
1935    26     1.322
1935    27     1.459
1935    28     1.585
1935    29     1.701
1935    30     1.798
1935    31     1.872
1935    32     1.927
1935    33     1.968
1935    34     2.001
1935    35     2.027
1935    36     2.048
1935    37     2.066
1935    38     2.080
1935    39     2.092
1935    40     2.100
1935    41     2.105
1935    42     2.109
1935    43     2.111
1935    44     2.112
1935    45     2.113
1935    46     2.113
1935    47     2.113
1935    48     2.113
1935    49     2.113
1935    50     2.113
1935    51     2.113
1935    52     2.113
1935    53     2.113
1935    54     2.113
1935    55     2.113
1936    12         .
1936    13         .
1936    14     0.000
1936    15     0.000
1936    16     0.003
1936    17     0.011
1936    18     0.039
1936    19     0.105
1936    20     0.225
1936    21     0.392
1936    22     0.586
1936    23     0.785
1936    24     0.972
1936    25     1.146
1936    26     1.303
1936    27     1.449
1936    28     1.584
1936    29     1.698
1936    30     1.786
1936    31     1.852
1936    32     1.903
1936    33     1.943
1936    34     1.977
1936    35     2.003
1936    36     2.026
1936    37     2.044
1936    38     2.060
1936    39     2.071
1936    40     2.079
1936    41     2.084
1936    42     2.088
1936    43     2.090
1936    44     2.091
1936    45     2.092
1936    46     2.092
1936    47     2.092
1936    48     2.092
1936    49     2.092
1936    50     2.092
1936    51     2.092
1936    52     2.092
1936    53     2.092
1936    54     2.092
1936    55     2.092
1937    12         .
1937    13     0.000
1937    14     0.000
1937    15     0.000
1937    16     0.002
1937    17     0.010
1937    18     0.038
1937    19     0.107
1937    20     0.233
1937    21     0.400
1937    22     0.592
1937    23     0.788
1937    24     0.979
1937    25     1.157
1937    26     1.324
1937    27     1.479
1937    28     1.612
1937    29     1.715
1937    30     1.796
1937    31     1.857
1937    32     1.906
1937    33     1.946
1937    34     1.982
1937    35     2.011
1937    36     2.036
1937    37     2.057
1937    38     2.073
1937    39     2.085
1937    40     2.093
1937    41     2.098
1937    42     2.101
1937    43     2.103
1937    44     2.104
1937    45     2.104
1937    46     2.105
1937    47     2.105
1937    48     2.105
1937    49     2.105
1937    50     2.105
1937    51     2.105
1937    52     2.105
1937    53     2.105
1937    54     2.105
1937    55     2.105
1938    12     0.000
1938    13     0.000
1938    14     0.000
1938    15     0.000
1938    16     0.002
1938    17     0.011
1938    18     0.041
1938    19     0.113
1938    20     0.238
1938    21     0.404
1938    22     0.594
1938    23     0.791
1938    24     0.983
1938    25     1.168
1938    26     1.342
1938    27     1.488
1938    28     1.607
1938    29     1.700
1938    30     1.775
1938    31     1.834
1938    32     1.883
1938    33     1.925
1938    34     1.962
1938    35     1.994
1938    36     2.022
1938    37     2.043
1938    38     2.060
1938    39     2.072
1938    40     2.080
1938    41     2.085
1938    42     2.088
1938    43     2.089
1938    44     2.090
1938    45     2.091
1938    46     2.091
1938    47     2.091
1938    48     2.091
1938    49     2.091
1938    50     2.091
1938    51     2.091
1938    52     2.091
1938    53     2.091
1938    54     2.091
1938    55     2.091
1939    12     0.000
1939    13     0.000
1939    14     0.000
1939    15     0.000
1939    16     0.003
1939    17     0.014
1939    18     0.049
1939    19     0.123
1939    20     0.250
1939    21     0.421
1939    22     0.613
1939    23     0.815
1939    24     1.014
1939    25     1.203
1939    26     1.367
1939    27     1.500
1939    28     1.607
1939    29     1.694
1939    30     1.764
1939    31     1.825
1939    32     1.875
1939    33     1.920
1939    34     1.960
1939    35     1.995
1939    36     2.023
1939    37     2.044
1939    38     2.060
1939    39     2.071
1939    40     2.078
1939    41     2.083
1939    42     2.086
1939    43     2.088
1939    44     2.089
1939    45     2.089
1939    46     2.090
1939    47     2.090
1939    48     2.090
1939    49     2.090
1939    50     2.090
1939    51     2.090
1939    52     2.090
1939    53     2.090
1939    54     2.090
1939    55     2.090
1940    12     0.000
1940    13     0.000
1940    14     0.000
1940    15     0.000
1940    16     0.003
1940    17     0.015
1940    18     0.050
1940    19     0.123
1940    20     0.254
1940    21     0.431
1940    22     0.632
1940    23     0.844
1940    24     1.051
1940    25     1.234
1940    26     1.383
1940    27     1.508
1940    28     1.607
1940    29     1.692
1940    30     1.763
1940    31     1.827
1940    32     1.882
1940    33     1.930
1940    34     1.974
1940    35     2.010
1940    36     2.038
1940    37     2.059
1940    38     2.074
1940    39     2.085
1940    40     2.091
1940    41     2.096
1940    42     2.099
1940    43     2.101
1940    44     2.102
1940    45     2.102
1940    46     2.102
1940    47     2.102
1940    48     2.102
1940    49     2.102
1940    50     2.102
1940    51     2.102
1940    52     2.102
1940    53     2.102
1940    54     2.102
1940    55     2.102
1941    12     0.000
1941    13     0.000
1941    14     0.000
1941    15     0.000
1941    16     0.002
1941    17     0.012
1941    18     0.043
1941    19     0.115
1941    20     0.244
1941    21     0.421
1941    22     0.628
1941    23     0.841
1941    24     1.036
1941    25     1.203
1941    26     1.341
1941    27     1.458
1941    28     1.555
1941    29     1.641
1941    30     1.716
1941    31     1.783
1941    32     1.843
1941    33     1.897
1941    34     1.943
1941    35     1.977
1941    36     2.004
1941    37     2.024
1941    38     2.039
1941    39     2.048
1941    40     2.055
1941    41     2.059
1941    42     2.061
1941    43     2.063
1941    44     2.063
1941    45     2.064
1941    46     2.064
1941    47     2.064
1941    48     2.064
1941    49     2.064
1941    50     2.064
1941    51     2.064
1941    52     2.064
1941    53     2.064
1941    54     2.064
1941    55     2.064
1942    12     0.000
1942    13     0.000
1942    14     0.000
1942    15     0.000
1942    16     0.002
1942    17     0.010
1942    18     0.037
1942    19     0.107
1942    20     0.237
1942    21     0.418
1942    22     0.629
1942    23     0.831
1942    24     1.010
1942    25     1.166
1942    26     1.298
1942    27     1.412
1942    28     1.512
1942    29     1.602
1942    30     1.683
1942    31     1.757
1942    32     1.824
1942    33     1.880
1942    34     1.924
1942    35     1.957
1942    36     1.983
1942    37     2.003
1942    38     2.016
1942    39     2.025
1942    40     2.031
1942    41     2.035
1942    42     2.037
1942    43     2.038
1942    44     2.039
1942    45     2.039
1942    46     2.040
1942    47     2.040
1942    48     2.040
1942    49     2.040
1942    50     2.040
1942    51     2.040
1942    52     2.040
1942    53     2.040
1942    54     2.040
1942    55     2.040
1943    12     0.000
1943    13     0.000
1943    14     0.000
1943    15     0.000
1943    16     0.002
1943    17     0.009
1943    18     0.037
1943    19     0.108
1943    20     0.246
1943    21     0.437
1943    22     0.644
1943    23     0.837
1943    24     1.009
1943    25     1.161
1943    26     1.294
1943    27     1.412
1943    28     1.518
1943    29     1.614
1943    30     1.704
1943    31     1.787
1943    32     1.856
1943    33     1.910
1943    34     1.952
1943    35     1.986
1943    36     2.013
1943    37     2.030
1943    38     2.042
1943    39     2.051
1943    40     2.057
1943    41     2.061
1943    42     2.063
1943    43     2.064
1943    44     2.065
1943    45     2.065
1943    46     2.066
1943    47     2.066
1943    48     2.066
1943    49     2.066
1943    50     2.066
1943    51     2.066
1943    52     2.066
1943    53     2.066
1943    54     2.066
1943    55     2.066
1944    12     0.000
1944    13     0.000
1944    14     0.000
1944    15     0.000
1944    16     0.001
1944    17     0.009
1944    18     0.035
1944    19     0.109
1944    20     0.252
1944    21     0.438
1944    22     0.633
1944    23     0.817
1944    24     0.983
1944    25     1.132
1944    26     1.267
1944    27     1.391
1944    28     1.502
1944    29     1.605
1944    30     1.702
1944    31     1.783
1944    32     1.849
1944    33     1.901
1944    34     1.942
1944    35     1.974
1944    36     1.997
1944    37     2.013
1944    38     2.025
1944    39     2.033
1944    40     2.038
1944    41     2.042
1944    42     2.044
1944    43     2.045
1944    44     2.046
1944    45     2.046
1944    46     2.046
1944    47     2.046
1944    48     2.046
1944    49     2.046
1944    50     2.046
1944    51     2.046
1944    52     2.046
1944    53     2.046
1944    54     2.046
1944    55     2.046
1945    12     0.000
1945    13     0.000
1945    14     0.000
1945    15     0.000
1945    16     0.001
1945    17     0.008
1945    18     0.036
1945    19     0.112
1945    20     0.250
1945    21     0.428
1945    22     0.615
1945    23     0.792
1945    24     0.955
1945    25     1.104
1945    26     1.242
1945    27     1.371
1945    28     1.490
1945    29     1.603
1945    30     1.699
1945    31     1.776
1945    32     1.838
1945    33     1.886
1945    34     1.926
1945    35     1.955
1945    36     1.975
1945    37     1.990
1945    38     2.001
1945    39     2.009
1945    40     2.014
1945    41     2.017
1945    42     2.019
1945    43     2.021
1945    44     2.021
1945    45     2.022
1945    46     2.022
1945    47     2.022
1945    48     2.022
1945    49     2.022
1945    50     2.022
1945    51     2.022
1945    52     2.022
1945    53     2.022
1945    54     2.022
1945    55     2.022
1946    12     0.000
1946    13     0.000
1946    14     0.000
1946    15     0.000
1946    16     0.001
1946    17     0.008
1946    18     0.035
1946    19     0.108
1946    20     0.240
1946    21     0.415
1946    22     0.600
1946    23     0.780
1946    24     0.950
1946    25     1.108
1946    26     1.257
1946    27     1.401
1946    28     1.536
1946    29     1.653
1946    30     1.749
1946    31     1.825
1946    32     1.886
1946    33     1.935
1946    34     1.972
1946    35     1.999
1946    36     2.018
1946    37     2.034
1946    38     2.044
1946    39     2.052
1946    40     2.057
1946    41     2.060
1946    42     2.062
1946    43     2.064
1946    44     2.064
1946    45     2.065
1946    46     2.065
1946    47     2.065
1946    48     2.065
1946    49     2.065
1946    50     2.065
1946    51     2.065
1946    52     2.065
1946    53     2.065
1946    54     2.065
1946    55     2.065
1947    12     0.000
1947    13     0.000
1947    14     0.000
1947    15     0.000
1947    16     0.001
1947    17     0.008
1947    18     0.034
1947    19     0.104
1947    20     0.234
1947    21     0.404
1947    22     0.589
1947    23     0.773
1947    24     0.948
1947    25     1.116
1947    26     1.281
1947    27     1.440
1947    28     1.579
1947    29     1.693
1947    30     1.785
1947    31     1.859
1947    32     1.919
1947    33     1.964
1947    34     1.996
1947    35     2.022
1947    36     2.040
1947    37     2.055
1947    38     2.065
1947    39     2.073
1947    40     2.078
1947    41     2.082
1947    42     2.084
1947    43     2.085
1947    44     2.086
1947    45     2.086
1947    46     2.086
1947    47     2.086
1947    48     2.086
1947    49     2.086
1947    50     2.086
1947    51     2.086
1947    52     2.086
1947    53     2.086
1947    54     2.086
1947    55     2.086
1948    12     0.000
1948    13     0.000
1948    14     0.000
1948    15     0.000
1948    16     0.001
1948    17     0.008
1948    18     0.034
1948    19     0.102
1948    20     0.230
1948    21     0.401
1948    22     0.588
1948    23     0.773
1948    24     0.954
1948    25     1.138
1948    26     1.317
1948    27     1.476
1948    28     1.608
1948    29     1.717
1948    30     1.804
1948    31     1.875
1948    32     1.930
1948    33     1.969
1948    34     2.000
1948    35     2.024
1948    36     2.043
1948    37     2.056
1948    38     2.066
1948    39     2.074
1948    40     2.079
1948    41     2.082
1948    42     2.084
1948    43     2.086
1948    44     2.086
1948    45     2.087
1948    46     2.087
1948    47     2.087
1948    48     2.087
1948    49     2.087
1948    50     2.087
1948    51     2.087
1948    52     2.087
1948    53     2.087
1948    54     2.087
1948    55     2.087
1949    12     0.000
1949    13     0.000
1949    14     0.000
1949    15     0.000
1949    16     0.001
1949    17     0.009
1949    18     0.035
1949    19     0.103
1949    20     0.231
1949    21     0.405
1949    22     0.592
1949    23     0.784
1949    24     0.981
1949    25     1.179
1949    26     1.359
1949    27     1.512
1949    28     1.639
1949    29     1.744
1949    30     1.829
1949    31     1.894
1949    32     1.943
1949    33     1.981
1949    34     2.011
1949    35     2.034
1949    36     2.053
1949    37     2.067
1949    38     2.077
1949    39     2.084
1949    40     2.090
1949    41     2.093
1949    42     2.095
1949    43     2.097
1949    44     2.098
1949    45     2.098
1949    46     2.098
1949    47     2.098
1949    48     2.098
1949    49     2.098
1949    50     2.098
1949    51     2.098
1949    52     2.098
1949    53     2.098
1949    54     2.098
1949    55     2.098
1950    12     0.000
1950    13     0.000
1950    14     0.000
1950    15     0.000
1950    16     0.001
1950    17     0.008
1950    18     0.034
1950    19     0.104
1950    20     0.235
1950    21     0.408
1950    22     0.601
1950    23     0.810
1950    24     1.023
1950    25     1.225
1950    26     1.398
1950    27     1.545
1950    28     1.668
1950    29     1.769
1950    30     1.848
1950    31     1.906
1950    32     1.953
1950    33     1.990
1950    34     2.019
1950    35     2.042
1950    36     2.061
1950    37     2.075
1950    38     2.086
1950    39     2.094
1950    40     2.099
1950    41     2.103
1950    42     2.105
1950    43     2.107
1950    44     2.108
1950    45     2.108
1950    46     2.108
1950    47     2.108
1950    48     2.108
1950    49     2.108
1950    50     2.108
1950    51     2.108
1950    52     2.108
1950    53     2.108
1950    54     2.108
1950    55     2.108
1951    12     0.000
1951    13     0.000
1951    14     0.000
1951    15     0.000
1951    16     0.001
1951    17     0.008
1951    18     0.034
1951    19     0.104
1951    20     0.233
1951    21     0.407
1951    22     0.609
1951    23     0.833
1951    24     1.053
1951    25     1.250
1951    26     1.419
1951    27     1.563
1951    28     1.683
1951    29     1.776
1951    30     1.848
1951    31     1.905
1951    32     1.950
1951    33     1.986
1951    34     2.016
1951    35     2.039
1951    36     2.058
1951    37     2.073
1951    38     2.084
1951    39     2.091
1951    40     2.097
1951    41     2.102
1951    42     2.104
1951    43     2.106
1951    44     2.106
1951    45     2.107
1951    46     2.107
1951    47     2.107
1951    48     2.107
1951    49     2.107
1951    50     2.107
1951    51     2.107
1951    52     2.107
1951    53     2.107
1951    54     2.107
1951    55     2.107
1952    12     0.000
1952    13     0.000
1952    14     0.000
1952    15     0.000
1952    16     0.001
1952    17     0.008
1952    18     0.035
1952    19     0.104
1952    20     0.232
1952    21     0.411
1952    22     0.626
1952    23     0.854
1952    24     1.070
1952    25     1.262
1952    26     1.431
1952    27     1.574
1952    28     1.688
1952    29     1.774
1952    30     1.844
1952    31     1.900
1952    32     1.945
1952    33     1.982
1952    34     2.011
1952    35     2.035
1952    36     2.053
1952    37     2.067
1952    38     2.078
1952    39     2.086
1952    40     2.092
1952    41     2.095
1952    42     2.097
1952    43     2.099
1952    44     2.100
1952    45     2.100
1952    46     2.100
1952    47     2.100
1952    48     2.100
1952    49     2.100
1952    50     2.100
1952    51     2.100
1952    52     2.100
1952    53     2.100
1952    54     2.100
1952    55     2.100
1953    12     0.000
1953    13     0.000
1953    14     0.000
1953    15     0.000
1953    16     0.002
1953    17     0.009
1953    18     0.037
1953    19     0.107
1953    20     0.238
1953    21     0.428
1953    22     0.650
1953    23     0.875
1953    24     1.084
1953    25     1.274
1953    26     1.441
1953    27     1.576
1953    28     1.681
1953    29     1.765
1953    30     1.832
1953    31     1.886
1953    32     1.931
1953    33     1.968
1953    34     1.997
1953    35     2.021
1953    36     2.039
1953    37     2.053
1953    38     2.064
1953    39     2.071
1953    40     2.077
1953    41     2.081
1953    42     2.083
1953    43     2.085
1953    44     2.085
1953    45     2.086
1953    46     2.086
1953    47     2.086
1953    48     2.086
1953    49     2.086
1953    50     2.086
1953    51     2.086
1953    52     2.086
1953    53     2.086
1953    54     2.086
1953    55     2.086
1954    12     0.000
1954    13     0.000
1954    14     0.000
1954    15     0.000
1954    16     0.002
1954    17     0.010
1954    18     0.038
1954    19     0.111
1954    20     0.253
1954    21     0.452
1954    22     0.675
1954    23     0.898
1954    24     1.106
1954    25     1.293
1954    26     1.450
1954    27     1.575
1954    28     1.676
1954    29     1.759
1954    30     1.826
1954    31     1.880
1954    32     1.925
1954    33     1.961
1954    34     1.990
1954    35     2.014
1954    36     2.033
1954    37     2.047
1954    38     2.057
1954    39     2.065
1954    40     2.071
1954    41     2.075
1954    42     2.077
1954    43     2.078
1954    44     2.079
1954    45     2.080
1954    46     2.080
1954    47     2.080
1954    48     2.080
1954    49     2.080
1954    50     2.080
1954    51     2.080
1954    52     2.080
1954    53     2.080
1954    54     2.080
1954    55     2.080
1955    12     0.000
1955    13     0.000
1955    14     0.000
1955    15     0.000
1955    16     0.002
1955    17     0.010
1955    18     0.039
1955    19     0.116
1955    20     0.266
1955    21     0.468
1955    22     0.693
1955    23     0.918
1955    24     1.124
1955    25     1.301
1955    26     1.447
1955    27     1.569
1955    28     1.671
1955    29     1.753
1955    30     1.821
1955    31     1.877
1955    32     1.921
1955    33     1.957
1955    34     1.987
1955    35     2.010
1955    36     2.030
1955    37     2.043
1955    38     2.054
1955    39     2.061
1955    40     2.067
1955    41     2.070
1955    42     2.073
1955    43     2.074
1955    44     2.075
1955    45     2.075
1955    46     2.076
1955    47     2.076
1955    48     2.076
1955    49     2.076
1955    50     2.076
1955    51     2.076
1955    52     2.076
1955    53     2.076
1955    54     2.076
1955    55     2.076
1956    12     0.000
1956    13     0.000
1956    14     0.000
1956    15     0.000
1956    16     0.002
1956    17     0.010
1956    18     0.041
1956    19     0.126
1956    20     0.281
1956    21     0.486
1956    22     0.714
1956    23     0.940
1956    24     1.139
1956    25     1.307
1956    26     1.450
1956    27     1.571
1956    28     1.671
1956    29     1.754
1956    30     1.822
1956    31     1.878
1956    32     1.923
1956    33     1.959
1956    34     1.989
1956    35     2.013
1956    36     2.030
1956    37     2.044
1956    38     2.054
1956    39     2.062
1956    40     2.067
1956    41     2.071
1956    42     2.073
1956    43     2.075
1956    44     2.076
1956    45     2.076
1956    46     2.077
1956    47     2.077
1956    48     2.077
1956    49     2.077
1956    50     2.077
1956    51     2.077
1956    52     2.077
1956    53     2.077
1956    54     2.077
1956    55     2.077
1957    12     0.000
1957    13     0.000
1957    14     0.000
1957    15     0.000
1957    16     0.002
1957    17     0.009
1957    18     0.041
1957    19     0.130
1957    20     0.289
1957    21     0.499
1957    22     0.730
1957    23     0.948
1957    24     1.137
1957    25     1.301
1957    26     1.442
1957    27     1.562
1957    28     1.662
1957    29     1.745
1957    30     1.813
1957    31     1.870
1957    32     1.916
1957    33     1.952
1957    34     1.982
1957    35     2.004
1957    36     2.021
1957    37     2.035
1957    38     2.046
1957    39     2.053
1957    40     2.059
1957    41     2.063
1957    42     2.066
1957    43     2.067
1957    44     2.068
1957    45     2.069
1957    46     2.069
1957    47     2.069
1957    48     2.069
1957    49     2.069
1957    50     2.069
1957    51     2.069
1957    52     2.069
1957    53     2.069
1957    54     2.069
1957    55     2.069
1958    12     0.000
1958    13     0.000
1958    14     0.000
1958    15     0.000
1958    16     0.001
1958    17     0.010
1958    18     0.042
1958    19     0.129
1958    20     0.290
1958    21     0.502
1958    22     0.726
1958    23     0.932
1958    24     1.118
1958    25     1.279
1958    26     1.419
1958    27     1.541
1958    28     1.642
1958    29     1.725
1958    30     1.793
1958    31     1.851
1958    32     1.895
1958    33     1.933
1958    34     1.960
1958    35     1.983
1958    36     2.001
1958    37     2.014
1958    38     2.025
1958    39     2.033
1958    40     2.040
1958    41     2.044
1958    42     2.047
1958    43     2.049
1958    44     2.050
1958    45     2.051
1958    46     2.051
1958    47     2.051
1958    48     2.051
1958    49     2.051
1958    50     2.051
1958    51     2.051
1958    52     2.051
1958    53     2.051
1958    54     2.051
1958    55     2.051
1959    12     0.000
1959    13     0.000
1959    14     0.000
1959    15     0.000
1959    16     0.001
1959    17     0.010
1959    18     0.042
1959    19     0.130
1959    20     0.294
1959    21     0.500
1959    22     0.715
1959    23     0.918
1959    24     1.103
1959    25     1.263
1959    26     1.406
1959    27     1.529
1959    28     1.630
1959    29     1.715
1959    30     1.784
1959    31     1.840
1959    32     1.885
1959    33     1.919
1959    34     1.947
1959    35     1.970
1959    36     1.987
1959    37     2.001
1959    38     2.012
1959    39     2.020
1959    40     2.027
1959    41     2.031
1959    42     2.035
1959    43     2.037
1959    44     2.038
1959    45     2.039
1959    46     2.039
1959    47     2.040
1959    48     2.040
1959    49     2.040
1959    50     2.040
1959    51     2.040
1959    52     2.040
1959    53     2.040
1959    54     2.040
1959    55     2.040
1960    12     0.000
1960    13     0.000
1960    14     0.000
1960    15     0.000
1960    16     0.001
1960    17     0.009
1960    18     0.042
1960    19     0.132
1960    20     0.293
1960    21     0.492
1960    22     0.702
1960    23     0.903
1960    24     1.085
1960    25     1.247
1960    26     1.391
1960    27     1.514
1960    28     1.618
1960    29     1.704
1960    30     1.773
1960    31     1.829
1960    32     1.871
1960    33     1.907
1960    34     1.935
1960    35     1.958
1960    36     1.976
1960    37     1.990
1960    38     2.002
1960    39     2.011
1960    40     2.018
1960    41     2.024
1960    42     2.028
1960    43     2.030
1960    44     2.032
1960    45     2.032
1960    46     2.033
1960    47     2.033
1960    48     2.033
1960    49     2.033
1960    50     2.033
1960    51     2.033
1960    52     2.033
1960    53     2.033
1960    54     2.033
1960    55     2.033
1961    12     0.000
1961    13     0.000
1961    14     0.000
1961    15     0.000
1961    16     0.001
1961    17     0.009
1961    18     0.042
1961    19     0.131
1961    20     0.284
1961    21     0.482
1961    22     0.690
1961    23     0.889
1961    24     1.072
1961    25     1.234
1961    26     1.378
1961    27     1.503
1961    28     1.608
1961    29     1.691
1961    30     1.760
1961    31     1.815
1961    32     1.858
1961    33     1.894
1961    34     1.920
1961    35     1.943
1961    36     1.961
1961    37     1.977
1961    38     1.989
1961    39     1.999
1961    40     2.006
1961    41     2.012
1961    42     2.016
1961    43     2.019
1961    44     2.020
1961    45     2.021
1961    46     2.022
1961    47     2.022
1961    48     2.022
1961    49     2.022
1961    50     2.022
1961    51     2.022
1961    52     2.022
1961    53     2.022
1961    54     2.023
1961    55     2.023
1962    12     0.000
1962    13     0.000
1962    14     0.000
1962    15     0.000
1962    16     0.001
1962    17     0.009
1962    18     0.041
1962    19     0.125
1962    20     0.274
1962    21     0.470
1962    22     0.677
1962    23     0.876
1962    24     1.057
1962    25     1.219
1962    26     1.362
1962    27     1.485
1962    28     1.588
1962    29     1.673
1962    30     1.738
1962    31     1.789
1962    32     1.833
1962    33     1.866
1962    34     1.893
1962    35     1.916
1962    36     1.936
1962    37     1.952
1962    38     1.965
1962    39     1.975
1962    40     1.984
1962    41     1.990
1962    42     1.994
1962    43     1.996
1962    44     1.998
1962    45     2.000
1962    46     2.000
1962    47     2.000
1962    48     2.000
1962    49     2.000
1962    50     2.000
1962    51     2.000
1962    52     2.000
1962    53     2.000
1962    54     2.000
1962    55     2.000
1963    12     0.000
1963    13     0.000
1963    14     0.000
1963    15     0.000
1963    16     0.001
1963    17     0.009
1963    18     0.039
1963    19     0.120
1963    20     0.269
1963    21     0.462
1963    22     0.668
1963    23     0.864
1963    24     1.041
1963    25     1.204
1963    26     1.346
1963    27     1.466
1963    28     1.569
1963    29     1.647
1963    30     1.711
1963    31     1.763
1963    32     1.803
1963    33     1.837
1963    34     1.865
1963    35     1.888
1963    36     1.908
1963    37     1.924
1963    38     1.937
1963    39     1.948
1963    40     1.958
1963    41     1.965
1963    42     1.969
1963    43     1.972
1963    44     1.975
1963    45     1.976
1963    46     1.976
1963    47     1.977
1963    48     1.977
1963    49     1.977
1963    50     1.977
1963    51     1.977
1963    52     1.977
1963    53     1.977
1963    54     1.977
1963    55     1.977
1964    12     0.000
1964    13     0.000
1964    14     0.000
1964    15     0.000
1964    16     0.001
1964    17     0.008
1964    18     0.036
1964    19     0.116
1964    20     0.264
1964    21     0.454
1964    22     0.654
1964    23     0.846
1964    24     1.021
1964    25     1.183
1964    26     1.327
1964    27     1.450
1964    28     1.545
1964    29     1.626
1964    30     1.690
1964    31     1.740
1964    32     1.780
1964    33     1.815
1964    34     1.845
1964    35     1.871
1964    36     1.892
1964    37     1.910
1964    38     1.925
1964    39     1.937
1964    40     1.948
1964    41     1.955
1964    42     1.959
1964    43     1.962
1964    44     1.965
1964    45     1.966
1964    46     1.966
1964    47     1.967
1964    48     1.967
1964    49     1.967
1964    50     1.967
1964    51     1.967
1964    52     1.967
1964    53     1.967
1964    54     1.967
1964    55     1.967
1965    12     0.000
1965    13     0.000
1965    14     0.000
1965    15     0.000
1965    16     0.001
1965    17     0.008
1965    18     0.037
1965    19     0.118
1965    20     0.265
1965    21     0.451
1965    22     0.646
1965    23     0.836
1965    24     1.012
1965    25     1.172
1965    26     1.316
1965    27     1.430
1965    28     1.524
1965    29     1.602
1965    30     1.662
1965    31     1.713
1965    32     1.756
1965    33     1.791
1965    34     1.821
1965    35     1.847
1965    36     1.870
1965    37     1.891
1965    38     1.907
1965    39     1.921
1965    40     1.931
1965    41     1.939
1965    42     1.945
1965    43     1.949
1965    44     1.952
1965    45     1.953
1965    46     1.954
1965    47     1.954
1965    48     1.954
1965    49     1.954
1965    50     1.955
1965    51     1.955
1965    52     1.955
1965    53     1.955
1965    54     1.955
1965    55     1.955
1966    12     0.000
1966    13     0.000
1966    14     0.000
1966    15     0.000
1966    16     0.002
1966    17     0.009
1966    18     0.040
1966    19     0.121
1966    20     0.264
1966    21     0.445
1966    22     0.637
1966    23     0.824
1966    24     0.998
1966    25     1.158
1966    26     1.290
1966    27     1.402
1966    28     1.494
1966    29     1.564
1966    30     1.624
1966    31     1.673
1966    32     1.717
1966    33     1.755
1966    34     1.786
1966    35     1.815
1966    36     1.840
1966    37     1.862
1966    38     1.879
1966    39     1.893
1966    40     1.905
1966    41     1.915
1966    42     1.921
1966    43     1.925
1966    44     1.928
1966    45     1.929
1966    46     1.930
1966    47     1.930
1966    48     1.931
1966    49     1.931
1966    50     1.931
1966    51     1.931
1966    52     1.931
1966    53     1.931
1966    54     1.931
1966    55     1.931
1967    12     0.000
1967    13     0.000
1967    14     0.000
1967    15     0.000
1967    16     0.002
1967    17     0.010
1967    18     0.041
1967    19     0.123
1967    20     0.265
1967    21     0.442
1967    22     0.629
1967    23     0.810
1967    24     0.986
1967    25     1.134
1967    26     1.260
1967    27     1.365
1967    28     1.448
1967    29     1.518
1967    30     1.579
1967    31     1.633
1967    32     1.678
1967    33     1.719
1967    34     1.754
1967    35     1.785
1967    36     1.811
1967    37     1.834
1967    38     1.855
1967    39     1.871
1967    40     1.885
1967    41     1.896
1967    42     1.903
1967    43     1.907
1967    44     1.910
1967    45     1.912
1967    46     1.912
1967    47     1.912
1967    48     1.913
1967    49     1.913
1967    50     1.913
1967    51     1.913
1967    52     1.913
1967    53     1.913
1967    54     1.913
1967    55         .
1968    12     0.000
1968    13     0.000
1968    14     0.000
1968    15     0.000
1968    16     0.002
1968    17     0.010
1968    18     0.041
1968    19     0.122
1968    20     0.268
1968    21     0.444
1968    22     0.627
1968    23     0.811
1968    24     0.967
1968    25     1.107
1968    26     1.224
1968    27     1.320
1968    28     1.400
1968    29     1.470
1968    30     1.534
1968    31     1.589
1968    32     1.638
1968    33     1.680
1968    34     1.719
1968    35     1.753
1968    36     1.784
1968    37     1.812
1968    38     1.833
1968    39     1.852
1968    40     1.868
1968    41     1.880
1968    42     1.888
1968    43     1.893
1968    44     1.896
1968    45     1.897
1968    46     1.898
1968    47     1.899
1968    48     1.899
1968    49     1.899
1968    50     1.900
1968    51     1.900
1968    52     1.900
1968    53     1.900
1968    54         .
1968    55         .
1969    12     0.000
1969    13     0.000
1969    14     0.000
1969    15     0.000
1969    16     0.001
1969    17     0.009
1969    18     0.037
1969    19     0.117
1969    20     0.262
1969    21     0.438
1969    22     0.625
1969    23     0.793
1969    24     0.943
1969    25     1.077
1969    26     1.184
1969    27     1.277
1969    28     1.358
1969    29     1.433
1969    30     1.501
1969    31     1.561
1969    32     1.617
1969    33     1.664
1969    34     1.706
1969    35     1.744
1969    36     1.777
1969    37     1.807
1969    38     1.833
1969    39     1.854
1969    40     1.872
1969    41     1.885
1969    42     1.892
1969    43     1.897
1969    44     1.900
1969    45     1.902
1969    46     1.903
1969    47     1.904
1969    48     1.904
1969    49     1.904
1969    50     1.905
1969    51     1.905
1969    52     1.905
1969    53         .
1969    54         .
1969    55         .
1970    12     0.000
1970    13     0.000
1970    14     0.000
1970    15     0.000
1970    16     0.001
1970    17     0.007
1970    18     0.034
1970    19     0.111
1970    20     0.254
1970    21     0.435
1970    22     0.606
1970    23     0.763
1970    24     0.903
1970    25     1.017
1970    26     1.117
1970    27     1.207
1970    28     1.292
1970    29     1.369
1970    30     1.441
1970    31     1.505
1970    32     1.564
1970    33     1.617
1970    34     1.662
1970    35     1.704
1970    36     1.742
1970    37     1.777
1970    38     1.806
1970    39     1.830
1970    40     1.848
1970    41     1.861
1970    42     1.869
1970    43     1.874
1970    44     1.877
1970    45     1.879
1970    46     1.880
1970    47     1.880
1970    48     1.881
1970    49     1.881
1970    50     1.881
1970    51     1.881
1970    52         .
1970    53         .
1970    54         .
1970    55         .
1971    12     0.000
1971    13     0.000
1971    14     0.000
1971    15     0.000
1971    16     0.001
1971    17     0.007
1971    18     0.031
1971    19     0.106
1971    20     0.250
1971    21     0.414
1971    22     0.571
1971    23     0.714
1971    24     0.835
1971    25     0.940
1971    26     1.040
1971    27     1.133
1971    28     1.223
1971    29     1.306
1971    30     1.383
1971    31     1.455
1971    32     1.519
1971    33     1.575
1971    34     1.627
1971    35     1.676
1971    36     1.721
1971    37     1.761
1971    38     1.794
1971    39     1.819
1971    40     1.838
1971    41     1.851
1971    42     1.860
1971    43     1.866
1971    44     1.869
1971    45     1.871
1971    46     1.873
1971    47     1.873
1971    48     1.874
1971    49     1.874
1971    50     1.874
1971    51         .
1971    52         .
1971    53         .
1971    54         .
1971    55         .
1972    12     0.000
1972    13     0.000
1972    14     0.000
1972    15     0.000
1972    16     0.001
1972    17     0.006
1972    18     0.030
1972    19     0.108
1972    20     0.241
1972    21     0.385
1972    22     0.523
1972    23     0.638
1972    24     0.745
1972    25     0.847
1972    26     0.947
1972    27     1.043
1972    28     1.132
1972    29     1.220
1972    30     1.300
1972    31     1.377
1972    32     1.447
1972    33     1.511
1972    34     1.571
1972    35     1.627
1972    36     1.679
1972    37     1.722
1972    38     1.756
1972    39     1.781
1972    40     1.799
1972    41     1.813
1972    42     1.822
1972    43     1.828
1972    44     1.831
1972    45     1.834
1972    46     1.835
1972    47     1.836
1972    48     1.836
1972    49     1.837
1972    50         .
1972    51         .
1972    52         .
1972    53         .
1972    54         .
1972    55         .
1973    12     0.000
1973    13     0.000
1973    14     0.000
1973    15     0.000
1973    16     0.001
1973    17     0.007
1973    18     0.033
1973    19     0.107
1973    20     0.229
1973    21     0.357
1973    22     0.468
1973    23     0.572
1973    24     0.671
1973    25     0.771
1973    26     0.871
1973    27     0.967
1973    28     1.061
1973    29     1.152
1973    30     1.238
1973    31     1.322
1973    32     1.400
1973    33     1.470
1973    34     1.537
1973    35     1.601
1973    36     1.656
1973    37     1.701
1973    38     1.735
1973    39     1.761
1973    40     1.781
1973    41     1.796
1973    42     1.806
1973    43     1.812
1973    44     1.816
1973    45     1.818
1973    46     1.819
1973    47     1.820
1973    48     1.821
1973    49         .
1973    50         .
1973    51         .
1973    52         .
1973    53         .
1973    54         .
1973    55         .
1974    12     0.000
1974    13     0.000
1974    14     0.000
1974    15     0.000
1974    16     0.001
1974    17     0.008
1974    18     0.033
1974    19     0.101
1974    20     0.203
1974    21     0.303
1974    22     0.398
1974    23     0.493
1974    24     0.587
1974    25     0.686
1974    26     0.787
1974    27     0.888
1974    28     0.987
1974    29     1.082
1974    30     1.177
1974    31     1.271
1974    32     1.359
1974    33     1.440
1974    34     1.519
1974    35     1.586
1974    36     1.645
1974    37     1.691
1974    38     1.726
1974    39     1.754
1974    40     1.776
1974    41     1.792
1974    42     1.803
1974    43     1.810
1974    44     1.814
1974    45     1.817
1974    46     1.818
1974    47     1.819
1974    48         .
1974    49         .
1974    50         .
1974    51         .
1974    52         .
1974    53         .
1974    54         .
1974    55         .
1975    12     0.000
1975    13     0.000
1975    14     0.000
1975    15     0.000
1975    16     0.001
1975    17     0.008
1975    18     0.031
1975    19     0.085
1975    20     0.160
1975    21     0.237
1975    22     0.319
1975    23     0.404
1975    24     0.494
1975    25     0.588
1975    26     0.684
1975    27     0.783
1975    28     0.880
1975    29     0.980
1975    30     1.084
1975    31     1.184
1975    32     1.280
1975    33     1.376
1975    34     1.457
1975    35     1.529
1975    36     1.588
1975    37     1.635
1975    38     1.672
1975    39     1.701
1975    40     1.725
1975    41     1.743
1975    42     1.755
1975    43     1.763
1975    44     1.767
1975    45     1.770
1975    46     1.772
1975    47         .
1975    48         .
1975    49         .
1975    50         .
1975    51         .
1975    52         .
1975    53         .
1975    54         .
1975    55         .
1976    12     0.000
1976    13     0.000
1976    14     0.000
1976    15     0.000
1976    16     0.001
1976    17     0.008
1976    18     0.028
1976    19     0.068
1976    20     0.126
1976    21     0.193
1976    22     0.267
1976    23     0.345
1976    24     0.429
1976    25     0.516
1976    26     0.610
1976    27     0.708
1976    28     0.809
1976    29     0.919
1976    30     1.031
1976    31     1.143
1976    32     1.253
1976    33     1.354
1976    34     1.440
1976    35     1.509
1976    36     1.568
1976    37     1.615
1976    38     1.655
1976    39     1.687
1976    40     1.713
1976    41     1.731
1976    42     1.744
1976    43     1.752
1976    44     1.757
1976    45     1.760
1976    46         .
1976    47         .
1976    48         .
1976    49         .
1976    50         .
1976    51         .
1976    52         .
1976    53         .
1976    54         .
1976    55         .
1977    12     0.000
1977    13     0.000
1977    14     0.000
1977    15     0.000
1977    16     0.001
1977    17     0.007
1977    18     0.021
1977    19     0.051
1977    20     0.097
1977    21     0.155
1977    22     0.220
1977    23     0.288
1977    24     0.365
1977    25     0.447
1977    26     0.536
1977    27     0.633
1977    28     0.737
1977    29     0.847
1977    30     0.965
1977    31     1.089
1977    32     1.202
1977    33     1.305
1977    34     1.394
1977    35     1.468
1977    36     1.530
1977    37     1.583
1977    38     1.626
1977    39     1.660
1977    40     1.689
1977    41     1.709
1977    42     1.722
1977    43     1.731
1977    44     1.737
1977    45         .
1977    46         .
1977    47         .
1977    48         .
1977    49         .
1977    50         .
1977    51         .
1977    52         .
1977    53         .
1977    54         .
1977    55         .
1978    12     0.000
1978    13     0.000
1978    14     0.000
1978    15     0.000
1978    16     0.002
1978    17     0.006
1978    18     0.019
1978    19     0.043
1978    20     0.084
1978    21     0.135
1978    22     0.192
1978    23     0.254
1978    24     0.320
1978    25     0.397
1978    26     0.481
1978    27     0.577
1978    28     0.682
1978    29     0.796
1978    30     0.920
1978    31     1.046
1978    32     1.161
1978    33     1.265
1978    34     1.350
1978    35     1.426
1978    36     1.491
1978    37     1.547
1978    38     1.594
1978    39     1.632
1978    40     1.662
1978    41     1.684
1978    42     1.698
1978    43     1.708
1978    44         .
1978    45         .
1978    46         .
1978    47         .
1978    48         .
1978    49         .
1978    50         .
1978    51         .
1978    52         .
1978    53         .
1978    54         .
1978    55         .
1979    12     0.000
1979    13     0.000
1979    14     0.000
1979    15     0.000
1979    16     0.001
1979    17     0.005
1979    18     0.016
1979    19     0.039
1979    20     0.077
1979    21     0.123
1979    22     0.173
1979    23     0.230
1979    24     0.293
1979    25     0.363
1979    26     0.447
1979    27     0.540
1979    28     0.647
1979    29     0.769
1979    30     0.894
1979    31     1.020
1979    32     1.135
1979    33     1.234
1979    34     1.323
1979    35     1.399
1979    36     1.470
1979    37     1.528
1979    38     1.577
1979    39     1.617
1979    40     1.650
1979    41     1.671
1979    42     1.686
1979    43         .
1979    44         .
1979    45         .
1979    46         .
1979    47         .
1979    48         .
1979    49         .
1979    50         .
1979    51         .
1979    52         .
1979    53         .
1979    54         .
1979    55         .
1980    12     0.000
1980    13     0.000
1980    14     0.000
1980    15     0.000
1980    16     0.001
1980    17     0.006
1980    18     0.016
1980    19     0.037
1980    20     0.072
1980    21     0.114
1980    22     0.163
1980    23     0.216
1980    24     0.275
1980    25     0.344
1980    26     0.424
1980    27     0.517
1980    28     0.629
1980    29     0.747
1980    30     0.872
1980    31     0.992
1980    32     1.103
1980    33     1.206
1980    34     1.300
1980    35     1.384
1980    36     1.457
1980    37     1.518
1980    38     1.569
1980    39     1.609
1980    40     1.641
1980    41     1.664
1980    42         .
1980    43         .
1980    44         .
1980    45         .
1980    46         .
1980    47         .
1980    48         .
1980    49         .
1980    50         .
1980    51         .
1980    52         .
1980    53         .
1980    54         .
1980    55         .
1981    12     0.000
1981    13     0.000
1981    14     0.000
1981    15     0.000
1981    16     0.001
1981    17     0.005
1981    18     0.015
1981    19     0.034
1981    20     0.064
1981    21     0.103
1981    22     0.146
1981    23     0.195
1981    24     0.250
1981    25     0.313
1981    26     0.392
1981    27     0.488
1981    28     0.593
1981    29     0.712
1981    30     0.833
1981    31     0.951
1981    32     1.066
1981    33     1.172
1981    34     1.268
1981    35     1.355
1981    36     1.433
1981    37     1.497
1981    38     1.550
1981    39     1.592
1981    40     1.626
1981    41         .
1981    42         .
1981    43         .
1981    44         .
1981    45         .
1981    46         .
1981    47         .
1981    48         .
1981    49         .
1981    50         .
1981    51         .
1981    52         .
1981    53         .
1981    54         .
1981    55         .
1982    12     0.000
1982    13     0.000
1982    14     0.000
1982    15     0.000
1982    16     0.001
1982    17     0.005
1982    18     0.014
1982    19     0.030
1982    20     0.057
1982    21     0.093
1982    22     0.135
1982    23     0.181
1982    24     0.233
1982    25     0.298
1982    26     0.380
1982    27     0.474
1982    28     0.579
1982    29     0.693
1982    30     0.807
1982    31     0.928
1982    32     1.044
1982    33     1.155
1982    34     1.255
1982    35     1.345
1982    36     1.425
1982    37     1.494
1982    38     1.547
1982    39     1.591
1982    40         .
1982    41         .
1982    42         .
1982    43         .
1982    44         .
1982    45         .
1982    46         .
1982    47         .
1982    48         .
1982    49         .
1982    50         .
1982    51         .
1982    52         .
1982    53         .
1982    54         .
1982    55         .
1983    12     0.000
1983    13     0.000
1983    14     0.000
1983    15     0.000
1983    16     0.001
1983    17     0.005
1983    18     0.013
1983    19     0.029
1983    20     0.055
1983    21     0.089
1983    22     0.129
1983    23     0.174
1983    24     0.227
1983    25     0.294
1983    26     0.372
1983    27     0.464
1983    28     0.563
1983    29     0.671
1983    30     0.787
1983    31     0.907
1983    32     1.025
1983    33     1.136
1983    34     1.239
1983    35     1.331
1983    36     1.409
1983    37     1.476
1983    38     1.531
1983    39         .
1983    40         .
1983    41         .
1983    42         .
1983    43         .
1983    44         .
1983    45         .
1983    46         .
1983    47         .
1983    48         .
1983    49         .
1983    50         .
1983    51         .
1983    52         .
1983    53         .
1983    54         .
1983    55         .
1984    12     0.000
1984    13     0.000
1984    14     0.000
1984    15     0.000
1984    16     0.001
1984    17     0.004
1984    18     0.013
1984    19     0.028
1984    20     0.054
1984    21     0.088
1984    22     0.127
1984    23     0.173
1984    24     0.228
1984    25     0.292
1984    26     0.369
1984    27     0.453
1984    28     0.548
1984    29     0.655
1984    30     0.775
1984    31     0.901
1984    32     1.025
1984    33     1.143
1984    34     1.249
1984    35     1.343
1984    36     1.426
1984    37     1.496
1984    38         .
1984    39         .
1984    40         .
1984    41         .
1984    42         .
1984    43         .
1984    44         .
1984    45         .
1984    46         .
1984    47         .
1984    48         .
1984    49         .
1984    50         .
1984    51         .
1984    52         .
1984    53         .
1984    54         .
1984    55         .
1985    12     0.000
1985    13     0.000
1985    14     0.000
1985    15     0.000
1985    16     0.001
1985    17     0.005
1985    18     0.014
1985    19     0.031
1985    20     0.054
1985    21     0.087
1985    22     0.125
1985    23     0.172
1985    24     0.225
1985    25     0.287
1985    26     0.357
1985    27     0.438
1985    28     0.531
1985    29     0.638
1985    30     0.758
1985    31     0.884
1985    32     1.009
1985    33     1.131
1985    34     1.240
1985    35     1.335
1985    36     1.419
1985    37         .
1985    38         .
1985    39         .
1985    40         .
1985    41         .
1985    42         .
1985    43         .
1985    44         .
1985    45         .
1985    46         .
1985    47         .
1985    48         .
1985    49         .
1985    50         .
1985    51         .
1985    52         .
1985    53         .
1985    54         .
1985    55         .
1986    12     0.000
1986    13     0.000
1986    14     0.000
1986    15     0.000
1986    16     0.001
1986    17     0.005
1986    18     0.014
1986    19     0.029
1986    20     0.052
1986    21     0.084
1986    22     0.123
1986    23     0.170
1986    24     0.223
1986    25     0.283
1986    26     0.349
1986    27     0.429
1986    28     0.526
1986    29     0.637
1986    30     0.761
1986    31     0.889
1986    32     1.017
1986    33     1.135
1986    34     1.243
1986    35     1.339
1986    36         .
1986    37         .
1986    38         .
1986    39         .
1986    40         .
1986    41         .
1986    42         .
1986    43         .
1986    44         .
1986    45         .
1986    46         .
1986    47         .
1986    48         .
1986    49         .
1986    50         .
1986    51         .
1986    52         .
1986    53         .
1986    54         .
1986    55         .
1987    12     0.000
1987    13     0.000
1987    14     0.000
1987    15     0.000
1987    16     0.001
1987    17     0.005
1987    18     0.014
1987    19     0.030
1987    20     0.055
1987    21     0.090
1987    22     0.130
1987    23     0.176
1987    24     0.225
1987    25     0.282
1987    26     0.349
1987    27     0.429
1987    28     0.528
1987    29     0.640
1987    30     0.767
1987    31     0.901
1987    32     1.028
1987    33     1.145
1987    34     1.254
1987    35         .
1987    36         .
1987    37         .
1987    38         .
1987    39         .
1987    40         .
1987    41         .
1987    42         .
1987    43         .
1987    44         .
1987    45         .
1987    46         .
1987    47         .
1987    48         .
1987    49         .
1987    50         .
1987    51         .
1987    52         .
1987    53         .
1987    54         .
1987    55         .
1988    12     0.000
1988    13     0.000
1988    14     0.000
1988    15     0.001
1988    16     0.002
1988    17     0.006
1988    18     0.015
1988    19     0.031
1988    20     0.057
1988    21     0.092
1988    22     0.133
1988    23     0.176
1988    24     0.224
1988    25     0.281
1988    26     0.350
1988    27     0.433
1988    28     0.533
1988    29     0.649
1988    30     0.778
1988    31     0.909
1988    32     1.036
1988    33     1.157
1988    34         .
1988    35         .
1988    36         .
1988    37         .
1988    38         .
1988    39         .
1988    40         .
1988    41         .
1988    42         .
1988    43         .
1988    44         .
1988    45         .
1988    46         .
1988    47         .
1988    48         .
1988    49         .
1988    50         .
1988    51         .
1988    52         .
1988    53         .
1988    54         .
1988    55         .
1989    12     0.000
1989    13     0.000
1989    14     0.000
1989    15     0.000
1989    16     0.001
1989    17     0.005
1989    18     0.013
1989    19     0.028
1989    20     0.053
1989    21     0.086
1989    22     0.124
1989    23     0.163
1989    24     0.212
1989    25     0.267
1989    26     0.336
1989    27     0.423
1989    28     0.528
1989    29     0.647
1989    30     0.778
1989    31     0.908
1989    32     1.040
1989    33         .
1989    34         .
1989    35         .
1989    36         .
1989    37         .
1989    38         .
1989    39         .
1989    40         .
1989    41         .
1989    42         .
1989    43         .
1989    44         .
1989    45         .
1989    46         .
1989    47         .
1989    48         .
1989    49         .
1989    50         .
1989    51         .
1989    52         .
1989    53         .
1989    54         .
1989    55         .
1990    12     0.000
1990    13     0.000
1990    14     0.000
1990    15     0.000
1990    16     0.002
1990    17     0.005
1990    18     0.015
1990    19     0.031
1990    20     0.056
1990    21     0.088
1990    22     0.123
1990    23     0.164
1990    24     0.212
1990    25     0.269
1990    26     0.344
1990    27     0.433
1990    28     0.541
1990    29     0.663
1990    30     0.793
1990    31     0.928
1990    32         .
1990    33         .
1990    34         .
1990    35         .
1990    36         .
1990    37         .
1990    38         .
1990    39         .
1990    40         .
1990    41         .
1990    42         .
1990    43         .
1990    44         .
1990    45         .
1990    46         .
1990    47         .
1990    48         .
1990    49         .
1990    50         .
1990    51         .
1990    52         .
1990    53         .
1990    54         .
1990    55         .
1991    12     0.000
1991    13     0.000
1991    14     0.000
1991    15     0.000
1991    16     0.001
1991    17     0.005
1991    18     0.014
1991    19     0.031
1991    20     0.055
1991    21     0.084
1991    22     0.120
1991    23     0.161
1991    24     0.211
1991    25     0.274
1991    26     0.351
1991    27     0.445
1991    28     0.556
1991    29     0.677
1991    30     0.811
1991    31         .
1991    32         .
1991    33         .
1991    34         .
1991    35         .
1991    36         .
1991    37         .
1991    38         .
1991    39         .
1991    40         .
1991    41         .
1991    42         .
1991    43         .
1991    44         .
1991    45         .
1991    46         .
1991    47         .
1991    48         .
1991    49         .
1991    50         .
1991    51         .
1991    52         .
1991    53         .
1991    54         .
1991    55         .
1992    12     0.000
1992    13     0.000
1992    14     0.000
1992    15     0.000
1992    16     0.001
1992    17     0.005
1992    18     0.014
1992    19     0.029
1992    20     0.052
1992    21     0.080
1992    22     0.116
1992    23     0.157
1992    24     0.210
1992    25     0.275
1992    26     0.355
1992    27     0.453
1992    28     0.566
1992    29     0.693
1992    30         .
1992    31         .
1992    32         .
1992    33         .
1992    34         .
1992    35         .
1992    36         .
1992    37         .
1992    38         .
1992    39         .
1992    40         .
1992    41         .
1992    42         .
1992    43         .
1992    44         .
1992    45         .
1992    46         .
1992    47         .
1992    48         .
1992    49         .
1992    50         .
1992    51         .
1992    52         .
1992    53         .
1992    54         .
1992    55         .
1993    12     0.000
1993    13     0.000
1993    14     0.000
1993    15     0.000
1993    16     0.001
1993    17     0.006
1993    18     0.014
1993    19     0.028
1993    20     0.050
1993    21     0.079
1993    22     0.117
1993    23     0.161
1993    24     0.216
1993    25     0.285
1993    26     0.367
1993    27     0.464
1993    28     0.581
1993    29         .
1993    30         .
1993    31         .
1993    32         .
1993    33         .
1993    34         .
1993    35         .
1993    36         .
1993    37         .
1993    38         .
1993    39         .
1993    40         .
1993    41         .
1993    42         .
1993    43         .
1993    44         .
1993    45         .
1993    46         .
1993    47         .
1993    48         .
1993    49         .
1993    50         .
1993    51         .
1993    52         .
1993    53         .
1993    54         .
1993    55         .
1994    12     0.000
1994    13     0.000
1994    14     0.000
1994    15     0.000
1994    16     0.002
1994    17     0.006
1994    18     0.016
1994    19     0.033
1994    20     0.057
1994    21     0.090
1994    22     0.131
1994    23     0.179
1994    24     0.237
1994    25     0.305
1994    26     0.390
1994    27     0.492
1994    28         .
1994    29         .
1994    30         .
1994    31         .
1994    32         .
1994    33         .
1994    34         .
1994    35         .
1994    36         .
1994    37         .
1994    38         .
1994    39         .
1994    40         .
1994    41         .
1994    42         .
1994    43         .
1994    44         .
1994    45         .
1994    46         .
1994    47         .
1994    48         .
1994    49         .
1994    50         .
1994    51         .
1994    52         .
1994    53         .
1994    54         .
1994    55         .
1995    12     0.000
1995    13     0.000
1995    14     0.000
1995    15     0.000
1995    16     0.002
1995    17     0.006
1995    18     0.016
1995    19     0.032
1995    20     0.057
1995    21     0.090
1995    22     0.129
1995    23     0.180
1995    24     0.237
1995    25     0.310
1995    26     0.397
1995    27         .
1995    28         .
1995    29         .
1995    30         .
1995    31         .
1995    32         .
1995    33         .
1995    34         .
1995    35         .
1995    36         .
1995    37         .
1995    38         .
1995    39         .
1995    40         .
1995    41         .
1995    42         .
1995    43         .
1995    44         .
1995    45         .
1995    46         .
1995    47         .
1995    48         .
1995    49         .
1995    50         .
1995    51         .
1995    52         .
1995    53         .
1995    54         .
1995    55         .
1996    12     0.000
1996    13     0.000
1996    14     0.000
1996    15     0.000
1996    16     0.002
1996    17     0.007
1996    18     0.015
1996    19     0.032
1996    20     0.058
1996    21     0.092
1996    22     0.134
1996    23     0.184
1996    24     0.243
1996    25     0.313
1996    26         .
1996    27         .
1996    28         .
1996    29         .
1996    30         .
1996    31         .
1996    32         .
1996    33         .
1996    34         .
1996    35         .
1996    36         .
1996    37         .
1996    38         .
1996    39         .
1996    40         .
1996    41         .
1996    42         .
1996    43         .
1996    44         .
1996    45         .
1996    46         .
1996    47         .
1996    48         .
1996    49         .
1996    50         .
1996    51         .
1996    52         .
1996    53         .
1996    54         .
1996    55         .
1997    12     0.000
1997    13     0.000
1997    14     0.000
1997    15     0.000
1997    16     0.002
1997    17     0.007
1997    18     0.017
1997    19     0.033
1997    20     0.060
1997    21     0.093
1997    22     0.135
1997    23     0.184
1997    24     0.243
1997    25         .
1997    26         .
1997    27         .
1997    28         .
1997    29         .
1997    30         .
1997    31         .
1997    32         .
1997    33         .
1997    34         .
1997    35         .
1997    36         .
1997    37         .
1997    38         .
1997    39         .
1997    40         .
1997    41         .
1997    42         .
1997    43         .
1997    44         .
1997    45         .
1997    46         .
1997    47         .
1997    48         .
1997    49         .
1997    50         .
1997    51         .
1997    52         .
1997    53         .
1997    54         .
1997    55         .
1998    12     0.000
1998    13     0.000
1998    14     0.000
1998    15     0.000
1998    16     0.002
1998    17     0.006
1998    18     0.016
1998    19     0.033
1998    20     0.058
1998    21     0.091
1998    22     0.130
1998    23     0.177
1998    24         .
1998    25         .
1998    26         .
1998    27         .
1998    28         .
1998    29         .
1998    30         .
1998    31         .
1998    32         .
1998    33         .
1998    34         .
1998    35         .
1998    36         .
1998    37         .
1998    38         .
1998    39         .
1998    40         .
1998    41         .
1998    42         .
1998    43         .
1998    44         .
1998    45         .
1998    46         .
1998    47         .
1998    48         .
1998    49         .
1998    50         .
1998    51         .
1998    52         .
1998    53         .
1998    54         .
1998    55         .
1999    12     0.000
1999    13     0.000
1999    14     0.000
1999    15     0.000
1999    16     0.002
1999    17     0.006
1999    18     0.015
1999    19     0.031
1999    20     0.055
1999    21     0.086
1999    22     0.125
1999    23         .
1999    24         .
1999    25         .
1999    26         .
1999    27         .
1999    28         .
1999    29         .
1999    30         .
1999    31         .
1999    32         .
1999    33         .
1999    34         .
1999    35         .
1999    36         .
1999    37         .
1999    38         .
1999    39         .
1999    40         .
1999    41         .
1999    42         .
1999    43         .
1999    44         .
1999    45         .
1999    46         .
1999    47         .
1999    48         .
1999    49         .
1999    50         .
1999    51         .
1999    52         .
1999    53         .
1999    54         .
1999    55         .
2000    12     0.000
2000    13     0.000
2000    14     0.000
2000    15     0.000
2000    16     0.001
2000    17     0.006
2000    18     0.014
2000    19     0.029
2000    20     0.051
2000    21     0.078
2000    22         .
2000    23         .
2000    24         .
2000    25         .
2000    26         .
2000    27         .
2000    28         .
2000    29         .
2000    30         .
2000    31         .
2000    32         .
2000    33         .
2000    34         .
2000    35         .
2000    36         .
2000    37         .
2000    38         .
2000    39         .
2000    40         .
2000    41         .
2000    42         .
2000    43         .
2000    44         .
2000    45         .
2000    46         .
2000    47         .
2000    48         .
2000    49         .
2000    50         .
2000    51         .
2000    52         .
2000    53         .
2000    54         .
2000    55         .
2001    12     0.000
2001    13     0.000
2001    14     0.000
2001    15     0.000
2001    16     0.002
2001    17     0.006
2001    18     0.014
2001    19     0.027
2001    20     0.047
2001    21         .
2001    22         .
2001    23         .
2001    24         .
2001    25         .
2001    26         .
2001    27         .
2001    28         .
2001    29         .
2001    30         .
2001    31         .
2001    32         .
2001    33         .
2001    34         .
2001    35         .
2001    36         .
2001    37         .
2001    38         .
2001    39         .
2001    40         .
2001    41         .
2001    42         .
2001    43         .
2001    44         .
2001    45         .
2001    46         .
2001    47         .
2001    48         .
2001    49         .
2001    50         .
2001    51         .
2001    52         .
2001    53         .
2001    54         .
2001    55         .
2002    12     0.000
2002    13     0.000
2002    14     0.000
2002    15     0.000
2002    16     0.002
2002    17     0.006
2002    18     0.014
2002    19     0.026
2002    20         .
2002    21         .
2002    22         .
2002    23         .
2002    24         .
2002    25         .
2002    26         .
2002    27         .
2002    28         .
2002    29         .
2002    30         .
2002    31         .
2002    32         .
2002    33         .
2002    34         .
2002    35         .
2002    36         .
2002    37         .
2002    38         .
2002    39         .
2002    40         .
2002    41         .
2002    42         .
2002    43         .
2002    44         .
2002    45         .
2002    46         .
2002    47         .
2002    48         .
2002    49         .
2002    50         .
2002    51         .
2002    52         .
2002    53         .
2002    54         .
2002    55         .
2003    12     0.000
2003    13     0.000
2003    14     0.000
2003    15     0.000
2003    16     0.001
2003    17     0.005
2003    18     0.012
2003    19         .
2003    20         .
2003    21         .
2003    22         .
2003    23         .
2003    24         .
2003    25         .
2003    26         .
2003    27         .
2003    28         .
2003    29         .
2003    30         .
2003    31         .
2003    32         .
2003    33         .
2003    34         .
2003    35         .
2003    36         .
2003    37         .
2003    38         .
2003    39         .
2003    40         .
2003    41         .
2003    42         .
2003    43         .
2003    44         .
2003    45         .
2003    46         .
2003    47         .
2003    48         .
2003    49         .
2003    50         .
2003    51         .
2003    52         .
2003    53         .
2003    54         .
2003    55         .
2004    12     0.000
2004    13     0.000
2004    14     0.000
2004    15     0.000
2004    16     0.002
2004    17     0.005
2004    18         .
2004    19         .
2004    20         .
2004    21         .
2004    22         .
2004    23         .
2004    24         .
2004    25         .
2004    26         .
2004    27         .
2004    28         .
2004    29         .
2004    30         .
2004    31         .
2004    32         .
2004    33         .
2004    34         .
2004    35         .
2004    36         .
2004    37         .
2004    38         .
2004    39         .
2004    40         .
2004    41         .
2004    42         .
2004    43         .
2004    44         .
2004    45         .
2004    46         .
2004    47         .
2004    48         .
2004    49         .
2004    50         .
2004    51         .
2004    52         .
2004    53         .
2004    54         .
2004    55         .
2005    12     0.000
2005    13     0.000
2005    14     0.000
2005    15     0.000
2005    16     0.001
2005    17         .
2005    18         .
2005    19         .
2005    20         .
2005    21         .
2005    22         .
2005    23         .
2005    24         .
2005    25         .
2005    26         .
2005    27         .
2005    28         .
2005    29         .
2005    30         .
2005    31         .
2005    32         .
2005    33         .
2005    34         .
2005    35         .
2005    36         .
2005    37         .
2005    38         .
2005    39         .
2005    40         .
2005    41         .
2005    42         .
2005    43         .
2005    44         .
2005    45         .
2005    46         .
2005    47         .
2005    48         .
2005    49         .
2005    50         .
2005    51         .
2005    52         .
2005    53         .
2005    54         .
2005    55         .
2006    12     0.000
2006    13     0.000
2006    14     0.000
2006    15     0.000
2006    16         .
2006    17         .
2006    18         .
2006    19         .
2006    20         .
2006    21         .
2006    22         .
2006    23         .
2006    24         .
2006    25         .
2006    26         .
2006    27         .
2006    28         .
2006    29         .
2006    30         .
2006    31         .
2006    32         .
2006    33         .
2006    34         .
2006    35         .
2006    36         .
2006    37         .
2006    38         .
2006    39         .
2006    40         .
2006    41         .
2006    42         .
2006    43         .
2006    44         .
2006    45         .
2006    46         .
2006    47         .
2006    48         .
2006    49         .
2006    50         .
2006    51         .
2006    52         .
2006    53         .
2006    54         .
2006    55         .
2007    12     0.000
2007    13     0.000
2007    14     0.000
2007    15         .
2007    16         .
2007    17         .
2007    18         .
2007    19         .
2007    20         .
2007    21         .
2007    22         .
2007    23         .
2007    24         .
2007    25         .
2007    26         .
2007    27         .
2007    28         .
2007    29         .
2007    30         .
2007    31         .
2007    32         .
2007    33         .
2007    34         .
2007    35         .
2007    36         .
2007    37         .
2007    38         .
2007    39         .
2007    40         .
2007    41         .
2007    42         .
2007    43         .
2007    44         .
2007    45         .
2007    46         .
2007    47         .
2007    48         .
2007    49         .
2007    50         .
2007    51         .
2007    52         .
2007    53         .
2007    54         .
2007    55         .
2008    12     0.000
2008    13     0.000
2008    14         .
2008    15         .
2008    16         .
2008    17         .
2008    18         .
2008    19         .
2008    20         .
2008    21         .
2008    22         .
2008    23         .
2008    24         .
2008    25         .
2008    26         .
2008    27         .
2008    28         .
2008    29         .
2008    30         .
2008    31         .
2008    32         .
2008    33         .
2008    34         .
2008    35         .
2008    36         .
2008    37         .
2008    38         .
2008    39         .
2008    40         .
2008    41         .
2008    42         .
2008    43         .
2008    44         .
2008    45         .
2008    46         .
2008    47         .
2008    48         .
2008    49         .
2008    50         .
2008    51         .
2008    52         .
2008    53         .
2008    54         .
2008    55         .
