Czechia, Female population exposure by calendar year and age (Lexis squares, age in completed years (ACY))
Last modified: 02/02/2023
Year    Age        Exposure
1950     12        53109.91
1950     13        53039.84
1950     14        53330.97
1950     15        55758.46
1950     16        58350.03
1950     17        61173.23
1950     18        64174.70
1950     19        67651.82
1950     20        67859.09
1950     21        68205.91
1950     22        67968.52
1950     23        70308.12
1950     24        72193.58
1950     25        73529.77
1950     26        76457.10
1950     27        76715.23
1950     28        78157.61
1950     29        72750.76
1950     30        68472.58
1950     31        41975.32
1950     32        34559.25
1950     33        36663.26
1950     34        45377.25
1950     35        61734.47
1950     36        73077.55
1950     37        74224.25
1950     38        74389.15
1950     39        75459.43
1950     40        76277.08
1950     41        75537.42
1950     42        73876.54
1950     43        73387.63
1950     44        71259.81
1950     45        69479.43
1950     46        69704.18
1950     47        69506.08
1950     48        68982.88
1950     49        67494.51
1950     50        65429.93
1950     51        63063.34
1950     52        60931.04
1950     53        59361.67
1950     54        57675.20
1950     55        55020.48
1951     12        56140.88
1951     13        53199.96
1951     14        53144.40
1951     15        53441.76
1951     16        55844.24
1951     17        58383.46
1951     18        61169.30
1951     19        64153.70
1951     20        67594.84
1951     21        67751.10
1951     22        68085.66
1951     23        67846.14
1951     24        70178.67
1951     25        72050.61
1951     26        73343.84
1951     27        76247.90
1951     28        76531.68
1951     29        77981.70
1951     30        72567.48
1951     31        68303.65
1951     32        41869.56
1951     33        34471.67
1951     34        36558.71
1951     35        45249.85
1951     36        61569.90
1951     37        72864.88
1951     38        74013.47
1951     39        74170.67
1951     40        75228.58
1951     41        76021.58
1951     42        75279.20
1951     43        73630.90
1951     44        73116.45
1951     45        70951.43
1951     46        69155.79
1951     47        69386.64
1951     48        69171.93
1951     49        68613.21
1951     50        67088.27
1951     51        65011.64
1951     52        62638.51
1951     53        60475.81
1951     54        58881.47
1951     55        57178.22
1952     12        60155.93
1952     13        56243.44
1952     14        53307.37
1952     15        53266.31
1952     16        53566.01
1952     17        55932.23
1952     18        58419.33
1952     19        61181.01
1952     20        64141.89
1952     21        67541.27
1952     22        67657.32
1952     23        67979.56
1952     24        67733.67
1952     25        70065.72
1952     26        71899.80
1952     27        73158.51
1952     28        76066.24
1952     29        76349.43
1952     30        77799.44
1952     31        72384.90
1952     32        68146.47
1952     33        41771.49
1952     34        34379.64
1952     35        36466.86
1952     36        45129.19
1952     37        61401.67
1952     38        72661.57
1952     39        73800.37
1952     40        73959.77
1952     41        75010.87
1952     42        75776.76
1952     43        75020.22
1952     44        73389.96
1952     45        72846.40
1952     46        70659.73
1952     47        68843.16
1952     48        69071.05
1952     49        68830.35
1952     50        68219.80
1952     51        66676.86
1952     52        64595.81
1952     53        62167.98
1952     54        60008.54
1952     55        58400.35
1953     12        63486.48
1953     13        60261.69
1953     14        56346.84
1953     15        53417.29
1953     16        53381.93
1953     17        53683.22
1953     18        56020.48
1953     19        58462.35
1953     20        61190.82
1953     21        64139.22
1953     22        67498.78
1953     23        67573.85
1953     24        67869.06
1953     25        67637.36
1953     26        69958.24
1953     27        71761.34
1953     28        72991.57
1953     29        75887.76
1953     30        76181.41
1953     31        77617.88
1953     32        72214.58
1953     33        67991.35
1953     34        41672.41
1953     35        34293.79
1953     36        36370.85
1953     37        45011.86
1953     38        61236.60
1953     39        72458.27
1953     40        73577.28
1953     41        73737.87
1953     42        74789.32
1953     43        75520.11
1953     44        74774.57
1953     45        73123.37
1953     46        72558.85
1953     47        70349.52
1953     48        68517.86
1953     49        68718.96
1953     50        68469.75
1953     51        67841.56
1953     52        66254.44
1953     53        64144.81
1953     54        61667.12
1953     55        59505.76
1954     12        66182.86
1954     13        63601.37
1954     14        60362.79
1954     15        56450.24
1954     16        53525.19
1954     17        53501.54
1954     18        53803.28
1954     19        56110.41
1954     20        58506.86
1954     21        61209.95
1954     22        64135.17
1954     23        67463.88
1954     24        67493.97
1954     25        67771.28
1954     26        67548.14
1954     27        69865.00
1954     28        71625.41
1954     29        72844.86
1954     30        75719.39
1954     31        76011.18
1954     32        77434.64
1954     33        72062.92
1954     34        67833.14
1954     35        41572.72
1954     36        34211.43
1954     37        36288.35
1954     38        44900.20
1954     39        61066.21
1954     40        72244.30
1954     41        73355.69
1954     42        73520.63
1954     43        74551.93
1954     44        75267.79
1954     45        74497.93
1954     46        72843.44
1954     47        72255.29
1954     48        70015.31
1954     49        68166.06
1954     50        68361.54
1954     51        68107.49
1954     52        67440.99
1954     53        65816.35
1954     54        63639.46
1954     55        61167.76
1955     12        71849.30
1955     13        66274.14
1955     14        63714.76
1955     15        60466.37
1955     16        56557.98
1955     17        53637.22
1955     18        53625.25
1955     19        53926.22
1955     20        56207.55
1955     21        58557.48
1955     22        61228.99
1955     23        64140.11
1955     24        67431.89
1955     25        67415.59
1955     26        67674.62
1955     27        67458.81
1955     28        69766.97
1955     29        71501.00
1955     30        72684.91
1955     31        75555.52
1955     32        75826.28
1955     33        77279.19
1955     34        71900.24
1955     35        67672.19
1955     36        41472.70
1955     37        34125.90
1955     38        36201.17
1955     39        44779.54
1955     40        60893.48
1955     41        72057.17
1955     42        73139.75
1955     43        73296.05
1955     44        74304.71
1955     45        74992.81
1955     46        74235.11
1955     47        72553.17
1955     48        71935.40
1955     49        69685.26
1955     50        67811.92
1955     51        67957.93
1955     52        67717.73
1955     53        67026.07
1955     54        65336.43
1955     55        63148.78
1956     12        76184.08
1956     13        71904.49
1956     14        66365.25
1956     15        63825.97
1956     16        60570.47
1956     17        56659.71
1956     18        53751.30
1956     19        53743.84
1956     20        54048.64
1956     21        56302.29
1956     22        58608.17
1956     23        61249.81
1956     24        64137.33
1956     25        67401.39
1956     26        67335.55
1956     27        67579.62
1956     28        67373.95
1956     29        69668.70
1956     30        71370.00
1956     31        72524.85
1956     32        75374.26
1956     33        75664.24
1956     34        77115.32
1956     35        71734.04
1956     36        67506.64
1956     37        41375.99
1956     38        34037.71
1956     39        36108.00
1956     40        44656.05
1956     41        60739.75
1956     42        71854.20
1956     43        72906.65
1956     44        73067.82
1956     45        74051.16
1956     46        74736.32
1956     47        73952.97
1956     48        72270.91
1956     49        71613.68
1956     50        69336.73
1956     51        67402.45
1956     52        67550.35
1956     53        67299.47
1956     54        66551.50
1956     55        64843.51
1957     12        76858.38
1957     13        76224.75
1957     14        71960.68
1957     15        66452.69
1957     16        63936.69
1957     17        60668.90
1957     18        56762.11
1957     19        53857.68
1957     20        53861.96
1957     21        54165.95
1957     22        56397.48
1957     23        58647.11
1957     24        61264.90
1957     25        64139.17
1957     26        67362.31
1957     27        67257.87
1957     28        67491.29
1957     29        67296.04
1957     30        69574.24
1957     31        71239.62
1957     32        72352.90
1957     33        75211.36
1957     34        75491.95
1957     35        76940.62
1957     36        71556.89
1957     37        67355.77
1957     38        41279.34
1957     39        33942.86
1957     40        36014.49
1957     41        44527.90
1957     42        60561.02
1957     43        71627.40
1957     44        72691.24
1957     45        72835.76
1957     46        73810.62
1957     47        74463.01
1957     48        73663.16
1957     49        71961.99
1957     50        71279.14
1957     51        68952.86
1957     52        67002.83
1957     53        67126.61
1957     54        66839.22
1957     55        66053.26
1958     12        82023.71
1958     13        76884.78
1958     14        76265.74
1958     15        72015.54
1958     16        66540.63
1958     17        64037.92
1958     18        60757.32
1958     19        56858.18
1958     20        53970.05
1958     21        53973.15
1958     22        54289.95
1958     23        56484.52
1958     24        58695.32
1958     25        61285.40
1958     26        64137.19
1958     27        67328.49
1958     28        67186.50
1958     29        67407.92
1958     30        67209.49
1958     31        69480.14
1958     32        71101.30
1958     33        72196.92
1958     34        75039.25
1958     35        75309.96
1958     36        76764.73
1958     37        71386.07
1958     38        67212.30
1958     39        41176.69
1958     40        33854.84
1958     41        35911.82
1958     42        44397.90
1958     43        60382.30
1958     44        71425.61
1958     45        72453.98
1958     46        72591.53
1958     47        73545.24
1958     48        74162.36
1958     49        73344.36
1958     50        71627.06
1958     51        70901.43
1958     52        68550.49
1958     53        66591.55
1958     54        66686.69
1958     55        66373.64
1959     12        90948.48
1959     13        82065.84
1959     14        76918.62
1959     15        76305.57
1959     16        72070.40
1959     17        66623.57
1959     18        64137.47
1959     19        60849.25
1959     20        56961.41
1959     21        54081.31
1959     22        54095.77
1959     23        54407.76
1959     24        56584.98
1959     25        58753.27
1959     26        61307.94
1959     27        64134.26
1959     28        67303.45
1959     29        67109.93
1959     30        67314.65
1959     31        67123.58
1959     32        69389.85
1959     33        70969.68
1959     34        72038.91
1959     35        74857.44
1959     36        75140.47
1959     37        76587.27
1959     38        71231.27
1959     39        67054.67
1959     40        41078.88
1959     41        33761.65
1959     42        35812.48
1959     43        44256.09
1959     44        60207.74
1959     45        71199.65
1959     46        72205.89
1959     47        72316.96
1959     48        73250.20
1959     49        73837.06
1959     50        72994.88
1959     51        71267.97
1959     52        70503.05
1959     53        68152.80
1959     54        66140.76
1959     55        66228.95
1960     12        90053.22
1960     13        91005.87
1960     14        82112.38
1960     15        76948.72
1960     16        76344.75
1960     17        72119.09
1960     18        66704.02
1960     19        64241.19
1960     20        60943.35
1960     21        57064.15
1960     22        54188.79
1960     23        54211.54
1960     24        54533.94
1960     25        56684.82
1960     26        58800.74
1960     27        61318.51
1960     28        64142.71
1960     29        67269.47
1960     30        67032.47
1960     31        67227.95
1960     32        67043.42
1960     33        69287.25
1960     34        70835.60
1960     35        71871.10
1960     36        74686.00
1960     37        74970.57
1960     38        76415.97
1960     39        71064.53
1960     40        66896.53
1960     41        40971.70
1960     42        33660.80
1960     43        35699.98
1960     44        44115.76
1960     45        60000.85
1960     46        70960.18
1960     47        71945.13
1960     48        72046.57
1960     49        72936.82
1960     50        73479.42
1960     51        72631.08
1960     52        70870.55
1960     53        70093.85
1960     54        67711.10
1960     55        65684.97
1961     12        84064.48
1961     13        90073.21
1961     14        90960.07
1961     15        82074.24
1961     16        76887.59
1961     17        76353.00
1961     18        72064.71
1961     19        66690.24
1961     20        64240.86
1961     21        60999.82
1961     22        57036.49
1961     23        54248.30
1961     24        54218.29
1961     25        54550.75
1961     26        56702.75
1961     27        58779.11
1961     28        61251.92
1961     29        64087.50
1961     30        67168.84
1961     31        66914.52
1961     32        67114.93
1961     33        66936.59
1961     34        69154.67
1961     35        70663.03
1961     36        71687.06
1961     37        74519.06
1961     38        74771.90
1961     39        76289.48
1961     40        70847.62
1961     41        66812.53
1961     42        40777.21
1961     43        33554.88
1961     44        35602.13
1961     45        43917.11
1961     46        59861.41
1961     47        70653.82
1961     48        71628.68
1961     49        71765.65
1961     50        72569.18
1961     51        73107.50
1961     52        72219.73
1961     53        70461.29
1961     54        69645.20
1961     55        67220.47
1962     12        84022.65
1962     13        84009.25
1962     14        89989.31
1962     15        90811.17
1962     16        81933.61
1962     17        76781.46
1962     18        76259.10
1962     19        71900.51
1962     20        66554.82
1962     21        64186.62
1962     22        60931.29
1962     23        56935.60
1962     24        54190.70
1962     25        54101.23
1962     26        54476.68
1962     27        56650.28
1962     28        58660.07
1962     29        61108.73
1962     30        63968.33
1962     31        67004.63
1962     32        66757.33
1962     33        66970.59
1962     34        66790.67
1962     35        68983.02
1962     36        70454.39
1962     37        71496.30
1962     38        74324.44
1962     39        74609.90
1962     40        76107.06
1962     41        70696.13
1962     42        66631.43
1962     43        40552.28
1962     44        33449.79
1962     45        35450.97
1962     46        43791.74
1962     47        59683.72
1962     48        70287.89
1962     49        71315.24
1962     50        71413.89
1962     51        72172.31
1962     52        72713.26
1962     53        71802.74
1962     54        70013.73
1962     55        69121.45
1963     12        85493.52
1963     13        83921.49
1963     14        83946.30
1963     15        89882.49
1963     16        90636.95
1963     17        81769.49
1963     18        76668.97
1963     19        76147.60
1963     20        71718.70
1963     21        66403.10
1963     22        64123.75
1963     23        60831.67
1963     24        56830.47
1963     25        54103.19
1963     26        53962.05
1963     27        54387.12
1963     28        56578.39
1963     29        58515.09
1963     30        60959.52
1963     31        63824.30
1963     32        66823.94
1963     33        66582.89
1963     34        66816.99
1963     35        66652.96
1963     36        68789.84
1963     37        70243.88
1963     38        71315.04
1963     39        74125.87
1963     40        74446.73
1963     41        75904.38
1963     42        70545.63
1963     43        66422.22
1963     44        40326.67
1963     45        33343.23
1963     46        35295.31
1963     47        43679.69
1963     48        59476.32
1963     49        69908.64
1963     50        70984.74
1963     51        71047.85
1963     52        71767.32
1963     53        72289.03
1963     54        71343.89
1963     55        69533.01
1964     12        84363.21
1964     13        85405.62
1964     14        83816.88
1964     15        83880.36
1964     16        89766.72
1964     17        90456.72
1964     18        81602.50
1964     19        76552.02
1964     20        76035.27
1964     21        71543.23
1964     22        66250.04
1964     23        64055.55
1964     24        60736.55
1964     25        56717.18
1964     26        54020.13
1964     27        53818.00
1964     28        54295.83
1964     29        56500.32
1964     30        58367.88
1964     31        60809.62
1964     32        63674.76
1964     33        66639.84
1964     34        66408.85
1964     35        66676.62
1964     36        66510.43
1964     37        68599.27
1964     38        70052.74
1964     39        71135.02
1964     40        73921.77
1964     41        74267.25
1964     42        75703.50
1964     43        70383.09
1964     44        66188.79
1964     45        40098.83
1964     46        33217.16
1964     47        35136.98
1964     48        43543.81
1964     49        59241.41
1964     50        69511.07
1964     51        70642.73
1964     52        70678.48
1964     53        71322.83
1964     54        71804.47
1964     55        70851.38
1965     12        81888.81
1965     13        84307.90
1965     14        85312.10
1965     15        83696.14
1965     16        83810.47
1965     17        89642.22
1965     18        90279.99
1965     19        81430.94
1965     20        76433.65
1965     21        75929.27
1965     22        71368.43
1965     23        66092.47
1965     24        63989.01
1965     25        60638.60
1965     26        56612.72
1965     27        53940.07
1965     28        53680.45
1965     29        54213.70
1965     30        56420.50
1965     31        58223.49
1965     32        60653.72
1965     33        63529.89
1965     34        66463.10
1965     35        66236.80
1965     36        66529.06
1965     37        66350.26
1965     38        68419.23
1965     39        69849.94
1965     40        70931.06
1965     41        73710.39
1965     42        74088.77
1965     43        75477.01
1965     44        70209.06
1965     45        65957.99
1965     46        39846.77
1965     47        33087.26
1965     48        34957.65
1965     49        43388.93
1965     50        58987.84
1965     51        69085.50
1965     52        70259.06
1965     53        70261.77
1965     54        70815.83
1965     55        71312.25
1966     12        80114.26
1966     13        81837.04
1966     14        84241.55
1966     15        85204.25
1966     16        83580.01
1966     17        83730.26
1966     18        89517.14
1966     19        90094.26
1966     20        81250.93
1966     21        76330.17
1966     22        75821.78
1966     23        71181.96
1966     24        65932.92
1966     25        63921.65
1966     26        60536.82
1966     27        56503.27
1966     28        53862.11
1966     29        53539.45
1966     30        54123.63
1966     31        56338.16
1966     32        58073.10
1966     33        60506.30
1966     34        63390.59
1966     35        66281.11
1966     36        66048.23
1966     37        66374.49
1966     38        66186.22
1966     39        68225.68
1966     40        69626.76
1966     41        70719.44
1966     42        73488.40
1966     43        73898.63
1966     44        75254.39
1966     45        70016.91
1966     46        65701.47
1966     47        39592.61
1966     48        32952.19
1966     49        34766.31
1966     50        43221.71
1966     51        58705.61
1966     52        68609.92
1966     53        69844.05
1966     54        69819.57
1966     55        70318.00
1967     12        79080.82
1967     13        80043.44
1967     14        81780.46
1967     15        84174.20
1967     16        85102.82
1967     17        83459.95
1967     18        83643.54
1967     19        89384.95
1967     20        89906.09
1967     21        81081.18
1967     22        76214.70
1967     23        75705.28
1967     24        70997.66
1967     25        65779.35
1967     26        63854.61
1967     27        60441.88
1967     28        56395.81
1967     29        53774.06
1967     30        53403.76
1967     31        54024.44
1967     32        56254.49
1967     33        57923.97
1967     34        60347.68
1967     35        63242.42
1967     36        66080.00
1967     37        65860.88
1967     38        66197.65
1967     39        66027.14
1967     40        68018.56
1967     41        69392.66
1967     42        70513.89
1967     43        73267.74
1967     44        73689.03
1967     45        74992.91
1967     46        69816.84
1967     47        65433.62
1967     48        39330.35
1967     49        32802.12
1967     50        34557.98
1967     51        43036.33
1967     52        58408.37
1967     53        68111.68
1967     54        69411.38
1967     55        69346.52
1968     12        77185.93
1968     13        78989.32
1968     14        79976.15
1968     15        81719.30
1968     16        84092.99
1968     17        84994.21
1968     18        83325.36
1968     19        83551.95
1968     20        89265.17
1968     21        89715.40
1968     22        80909.62
1968     23        76094.26
1968     24        75589.45
1968     25        70815.19
1968     26        65620.63
1968     27        63787.92
1968     28        60341.76
1968     29        56279.03
1968     30        53688.30
1968     31        53256.66
1968     32        53928.21
1968     33        56166.85
1968     34        57767.15
1968     35        60186.17
1968     36        63075.25
1968     37        65870.84
1968     38        65675.33
1968     39        66031.11
1968     40        65851.58
1968     41        67802.32
1968     42        69153.68
1968     43        70299.77
1968     44        73023.38
1968     45        73438.93
1968     46        74707.05
1968     47        69598.95
1968     48        65132.98
1968     49        39050.09
1968     50        32639.06
1968     51        34347.82
1968     52        42839.78
1968     53        58075.13
1968     54        67606.28
1968     55        68950.21
1969     12        74569.01
1969     13        77108.24
1969     14        78899.75
1969     15        79896.78
1969     16        81646.02
1969     17        84009.56
1969     18        84867.53
1969     19        83196.36
1969     20        83474.01
1969     21        89134.54
1969     22        89530.67
1969     23        80738.04
1969     24        75974.12
1969     25        75468.12
1969     26        70623.56
1969     27        65453.24
1969     28        63719.22
1969     29        60231.48
1969     30        56157.07
1969     31        53593.97
1969     32        53114.09
1969     33        53827.99
1969     34        56079.17
1969     35        57605.14
1969     36        60010.85
1969     37        62914.59
1969     38        65676.84
1969     39        65473.89
1969     40        65841.37
1969     41        65664.09
1969     42        67575.80
1969     43        68899.61
1969     44        70057.90
1969     45        72729.98
1969     46        73165.65
1969     47        74422.67
1969     48        69336.84
1969     49        64825.83
1969     50        38754.59
1969     51        32467.82
1969     52        34116.66
1969     53        42595.39
1969     54        57727.89
1969     55        67051.04
1970     12        71856.62
1970     13        74439.77
1970     14        77031.86
1970     15        78803.63
1970     16        79826.34
1970     17        81573.21
1970     18        83921.28
1970     19        84750.52
1970     20        83069.23
1970     21        83390.26
1970     22        89006.18
1970     23        89344.53
1970     24        80569.00
1970     25        75857.75
1970     26        75343.24
1970     27        70435.07
1970     28        65302.15
1970     29        63646.87
1970     30        60117.60
1970     31        56035.51
1970     32        53499.00
1970     33        52968.61
1970     34        53728.41
1970     35        55985.62
1970     36        57437.08
1970     37        59840.03
1970     38        62734.06
1970     39        65473.55
1970     40        65259.39
1970     41        65654.11
1970     42        65481.91
1970     43        67343.46
1970     44        68612.17
1970     45        69786.82
1970     46        72426.29
1970     47        72895.50
1970     48        74101.93
1970     49        69084.19
1970     50        64465.26
1970     51        38420.03
1970     52        32263.50
1970     53        33847.64
1970     54        42366.24
1970     55        57326.09
1971     12        63266.09
1971     13        71779.89
1971     14        74426.48
1971     15        76983.52
1971     16        78782.19
1971     17        79814.09
1971     18        81572.23
1971     19        83883.82
1971     20        84689.10
1971     21        82996.64
1971     22        83331.92
1971     23        88874.53
1971     24        89194.88
1971     25        80381.39
1971     26        75831.36
1971     27        75200.91
1971     28        70277.33
1971     29        65204.98
1971     30        63602.97
1971     31        59981.29
1971     32        55996.94
1971     33        53378.09
1971     34        52877.04
1971     35        53661.83
1971     36        55878.22
1971     37        57277.64
1971     38        59710.98
1971     39        62565.80
1971     40        65327.44
1971     41        65074.85
1971     42        65522.66
1971     43        65291.67
1971     44        67130.52
1971     45        68384.89
1971     46        69524.63
1971     47        72142.09
1971     48        72623.60
1971     49        73748.37
1971     50        68806.04
1971     51        64040.27
1971     52        38131.33
1971     53        32112.03
1971     54        33589.12
1971     55        42150.84
1972     12        61115.86
1972     13        63288.78
1972     14        71810.59
1972     15        74439.20
1972     16        76989.35
1972     17        78821.71
1972     18        79865.21
1972     19        81615.93
1972     20        83901.79
1972     21        84681.78
1972     22        82954.10
1972     23        83267.87
1972     24        88778.41
1972     25        89018.80
1972     26        80284.01
1972     27        75789.33
1972     28        75070.68
1972     29        70176.65
1972     30        65138.18
1972     31        63528.92
1972     32        59927.21
1972     33        55935.38
1972     34        53310.47
1972     35        52825.97
1972     36        53572.54
1972     37        55780.18
1972     38        57176.57
1972     39        59587.39
1972     40        62456.05
1972     41        65195.79
1972     42        64930.92
1972     43        65374.16
1972     44        65119.30
1972     45        66961.82
1972     46        68165.58
1972     47        69266.59
1972     48        71848.15
1972     49        72306.56
1972     50        73388.48
1972     51        68495.83
1972     52        63674.95
1972     53        37891.71
1972     54        31941.16
1972     55        33369.24
1973     12        61323.97
1973     13        61111.81
1973     14        63311.63
1973     15        71839.64
1973     16        74433.94
1973     17        77000.74
1973     18        78861.83
1973     19        79917.38
1973     20        81656.51
1973     21        83922.15
1973     22        84670.61
1973     23        82909.62
1973     24        83214.74
1973     25        88676.60
1973     26        88846.66
1973     27        80192.98
1973     28        75735.05
1973     29        74947.96
1973     30        70074.63
1973     31        65068.04
1973     32        63451.53
1973     33        59875.63
1973     34        55872.66
1973     35        53241.83
1973     36        52764.21
1973     37        53491.13
1973     38        55677.88
1973     39        57075.02
1973     40        59467.59
1973     41        62321.40
1973     42        65060.88
1973     43        64776.12
1973     44        65212.35
1973     45        64932.35
1973     46        66777.44
1973     47        67915.82
1973     48        68991.82
1973     49        71548.25
1973     50        71976.49
1973     51        73018.48
1973     52        68167.74
1973     53        63285.42
1973     54        37627.66
1973     55        31761.94
1974     12        63153.80
1974     13        61295.90
1974     14        61107.14
1974     15        63325.90
1974     16        71859.89
1974     17        74432.58
1974     18        77008.40
1974     19        78904.45
1974     20        79967.68
1974     21        81706.87
1974     22        83934.83
1974     23        84670.67
1974     24        82870.02
1974     25        83149.18
1974     26        88573.78
1974     27        88670.46
1974     28        80097.54
1974     29        75685.48
1974     30        74822.90
1974     31        69971.45
1974     32        64996.58
1974     33        63368.81
1974     34        59813.72
1974     35        55798.95
1974     36        53177.84
1974     37        52705.00
1974     38        53400.33
1974     39        55578.16
1974     40        56959.53
1974     41        59318.04
1974     42        62181.92
1974     43        64900.77
1974     44        64606.09
1974     45        65045.54
1974     46        64720.89
1974     47        66553.34
1974     48        67672.11
1974     49        68715.70
1974     50        71232.54
1974     51        71618.90
1974     52        72626.54
1974     53        67820.38
1974     54        62859.45
1974     55        37354.59
1975     12        66007.08
1975     13        63143.31
1975     14        61265.38
1975     15        61097.74
1975     16        63345.86
1975     17        71879.61
1975     18        74427.93
1975     19        77018.07
1975     20        78943.38
1975     21        80033.33
1975     22        81756.08
1975     23        83950.60
1975     24        84672.34
1975     25        82825.06
1975     26        83079.59
1975     27        88473.77
1975     28        88493.75
1975     29        80001.04
1975     30        75637.37
1975     31        74698.34
1975     32        69862.77
1975     33        64920.28
1975     34        63274.25
1975     35        59747.97
1975     36        55729.56
1975     37        53101.69
1975     38        52641.90
1975     39        53313.99
1975     40        55458.11
1975     41        56832.41
1975     42        59157.61
1975     43        62030.48
1975     44        64742.48
1975     45        64431.06
1975     46        64857.41
1975     47        64480.40
1975     48        66352.41
1975     49        67416.90
1975     50        68412.07
1975     51        70890.37
1975     52        71244.76
1975     53        72203.62
1975     54        67416.62
1975     55        62411.13
1976     12        72315.42
1976     13        65968.73
1976     14        63131.83
1976     15        61234.25
1976     16        61092.10
1976     17        63363.81
1976     18        71902.84
1976     19        74420.67
1976     20        77023.92
1976     21        78986.68
1976     22        80091.99
1976     23        81798.44
1976     24        83972.89
1976     25        84670.84
1976     26        82767.55
1976     27        83025.93
1976     28        88368.58
1976     29        88313.05
1976     30        79899.04
1976     31        75582.90
1976     32        74563.95
1976     33        69750.92
1976     34        64835.14
1976     35        63184.53
1976     36        59683.72
1976     37        55656.50
1976     38        53027.05
1976     39        52578.18
1976     40        53209.71
1976     41        55328.73
1976     42        56694.68
1976     43        59009.06
1976     44        61890.46
1976     45        64575.55
1976     46        64234.36
1976     47        64654.51
1976     48        64260.71
1976     49        66124.24
1976     50        67131.30
1976     51        68095.38
1976     52        70519.01
1976     53        70849.71
1976     54        71785.09
1976     55        67012.16
1977     12        71030.07
1977     13        72252.54
1977     14        65933.43
1977     15        63114.79
1977     16        61201.68
1977     17        61082.95
1977     18        63380.60
1977     19        71914.09
1977     20        74416.92
1977     21        77032.37
1977     22        79029.65
1977     23        80146.09
1977     24        81842.17
1977     25        83986.69
1977     26        84657.39
1977     27        82728.99
1977     28        82959.29
1977     29        88263.98
1977     30        88126.85
1977     31        79796.58
1977     32        75531.45
1977     33        74435.56
1977     34        69636.57
1977     35        64759.68
1977     36        63092.47
1977     37        59615.48
1977     38        55587.29
1977     39        52947.46
1977     40        52500.11
1977     41        53097.26
1977     42        55183.74
1977     43        56553.00
1977     44        58848.21
1977     45        61737.41
1977     46        64370.12
1977     47        64031.61
1977     48        64445.80
1977     49        64015.78
1977     50        65871.01
1977     51        66825.59
1977     52        67744.79
1977     53        70152.72
1977     54        70446.62
1977     55        71307.32
1978     12        67129.97
1978     13        70993.17
1978     14        72191.57
1978     15        65886.18
1978     16        63096.20
1978     17        61157.41
1978     18        61070.31
1978     19        63390.50
1978     20        71931.04
1978     21        74417.12
1978     22        77042.20
1978     23        79062.01
1978     24        80199.76
1978     25        81884.54
1978     26        83997.58
1978     27        84657.43
1978     28        82678.02
1978     29        82897.16
1978     30        88161.55
1978     31        87944.69
1978     32        79702.15
1978     33        75474.73
1978     34        74300.67
1978     35        69519.23
1978     36        64669.05
1978     37        62986.76
1978     38        59541.90
1978     39        55490.40
1978     40        52866.48
1978     41        52414.88
1978     42        52964.38
1978     43        55040.41
1978     44        56403.76
1978     45        58683.22
1978     46        61557.55
1978     47        64155.57
1978     48        63807.80
1978     49        64225.46
1978     50        63754.21
1978     51        65592.53
1978     52        66490.09
1978     53        67373.03
1978     54        69696.34
1978     55        69967.05
1979     12        65984.44
1979     13        67105.84
1979     14        70953.77
1979     15        72125.28
1979     16        65837.98
1979     17        63069.92
1979     18        61115.80
1979     19        61061.78
1979     20        63397.94
1979     21        71944.67
1979     22        74424.56
1979     23        77047.75
1979     24        79100.99
1979     25        80250.28
1979     26        81922.30
1979     27        84015.94
1979     28        84650.46
1979     29        82626.45
1979     30        82833.80
1979     31        88048.03
1979     32        87766.42
1979     33        79590.74
1979     34        75410.93
1979     35        74156.44
1979     36        69397.04
1979     37        64575.58
1979     38        62885.70
1979     39        59444.15
1979     40        55400.51
1979     41        52769.33
1979     42        52312.82
1979     43        52834.00
1979     44        54890.13
1979     45        56250.17
1979     46        58494.80
1979     47        61353.30
1979     48        63929.38
1979     49        63570.57
1979     50        63970.22
1979     51        63457.70
1979     52        65279.44
1979     53        66102.36
1979     54        66928.93
1979     55        69215.28
1980     12        65607.10
1980     13        65982.55
1980     14        67076.97
1980     15        70921.23
1980     16        72050.59
1980     17        65809.71
1980     18        63037.01
1980     19        61089.89
1980     20        61049.42
1980     21        63406.05
1980     22        71952.82
1980     23        74430.40
1980     24        77058.08
1980     25        79128.08
1980     26        80288.06
1980     27        81952.21
1980     28        84015.59
1980     29        84631.74
1980     30        82564.51
1980     31        82762.65
1980     32        87932.45
1980     33        87587.22
1980     34        79491.50
1980     35        75318.52
1980     36        73999.62
1980     37        69285.51
1980     38        64484.89
1980     39        62772.64
1980     40        59343.99
1980     41        55299.52
1980     42        52653.37
1980     43        52196.04
1980     44        52703.64
1980     45        54726.53
1980     46        56077.03
1980     47        58303.64
1980     48        61142.87
1980     49        63671.59
1980     50        63312.33
1980     51        63659.64
1980     52        63136.70
1980     53        64928.76
1980     54        65700.82
1980     55        66456.63
1981     12        67052.81
1981     13        65592.05
1981     14        65967.01
1981     15        67066.94
1981     16        70889.01
1981     17        71990.61
1981     18        65844.12
1981     19        62981.69
1981     20        61105.00
1981     21        61054.64
1981     22        63409.19
1981     23        71849.94
1981     24        74465.51
1981     25        77022.46
1981     26        79114.21
1981     27        80253.97
1981     28        81872.51
1981     29        83957.28
1981     30        84570.23
1981     31        82482.40
1981     32        82698.23
1981     33        87736.04
1981     34        87488.49
1981     35        79438.18
1981     36        75171.44
1981     37        73834.36
1981     38        69262.48
1981     39        64395.35
1981     40        62676.86
1981     41        59215.81
1981     42        55214.59
1981     43        52528.90
1981     44        52099.50
1981     45        52580.61
1981     46        54541.94
1981     47        55927.30
1981     48        58130.19
1981     49        60914.12
1981     50        63404.53
1981     51        63064.72
1981     52        63328.84
1981     53        62807.88
1981     54        64547.19
1981     55        65240.39
1982     12        69001.50
1982     13        66989.85
1982     14        65568.06
1982     15        65963.28
1982     16        67067.26
1982     17        70850.93
1982     18        71992.78
1982     19        65843.10
1982     20        62964.86
1982     21        61126.54
1982     22        61073.61
1982     23        63322.56
1982     24        71776.67
1982     25        74464.24
1982     26        76962.35
1982     27        79036.11
1982     28        80136.71
1982     29        81746.90
1982     30        83862.22
1982     31        84477.48
1982     32        82401.88
1982     33        82550.06
1982     34        87607.51
1982     35        87448.19
1982     36        79333.17
1982     37        74993.65
1982     38        73742.82
1982     39        69227.58
1982     40        64315.33
1982     41        62543.67
1982     42        59103.96
1982     43        55120.61
1982     44        52415.88
1982     45        52005.49
1982     46        52422.61
1982     47        54365.57
1982     48        55786.87
1982     49        57937.68
1982     50        60670.85
1982     51        63154.88
1982     52        62794.99
1982     53        62991.98
1982     54        62432.60
1982     55        64143.05
1983     12        72758.61
1983     13        68936.57
1983     14        66936.70
1983     15        65535.99
1983     16        65961.46
1983     17        67057.49
1983     18        70806.83
1983     19        71993.57
1983     20        65847.56
1983     21        62943.25
1983     22        61157.40
1983     23        61090.79
1983     24        63235.77
1983     25        71709.19
1983     26        74470.84
1983     27        76890.73
1983     28        78962.29
1983     29        80015.80
1983     30        81622.91
1983     31        83756.22
1983     32        84382.35
1983     33        82324.91
1983     34        82403.63
1983     35        87465.08
1983     36        87400.38
1983     37        79224.27
1983     38        74802.42
1983     39        73633.77
1983     40        69175.69
1983     41        64231.64
1983     42        62394.80
1983     43        58970.27
1983     44        55019.79
1983     45        52287.92
1983     46        51887.25
1983     47        52252.70
1983     48        54174.62
1983     49        55603.98
1983     50        57738.30
1983     51        60387.89
1983     52        62899.21
1983     53        62499.57
1983     54        62605.45
1983     55        62054.33
1984     12        75044.44
1984     13        72684.73
1984     14        68876.24
1984     15        66875.61
1984     16        65504.98
1984     17        65947.72
1984     18        67054.72
1984     19        70758.90
1984     20        72001.41
1984     21        65855.00
1984     22        62927.15
1984     23        61180.86
1984     24        61110.14
1984     25        63149.54
1984     26        71638.36
1984     27        74467.54
1984     28        76824.88
1984     29        78879.97
1984     30        79894.77
1984     31        81491.96
1984     32        83651.66
1984     33        84288.11
1984     34        82229.29
1984     35        82244.62
1984     36        87324.39
1984     37        87349.48
1984     38        79103.45
1984     39        74602.07
1984     40        73524.39
1984     41        69120.13
1984     42        64133.11
1984     43        62228.44
1984     44        58824.25
1984     45        54912.97
1984     46        52150.14
1984     47        51751.90
1984     48        52088.55
1984     49        53950.33
1984     50        55430.00
1984     51        57513.20
1984     52        60112.83
1984     53        62603.63
1984     54        62159.92
1984     55        62197.22
1985     12        82533.42
1985     13        75019.27
1985     14        72606.96
1985     15        68818.10
1985     16        66812.88
1985     17        65470.63
1985     18        65936.28
1985     19        67042.60
1985     20        70718.07
1985     21        72015.41
1985     22        65865.85
1985     23        62901.91
1985     24        61209.76
1985     25        61127.15
1985     26        63061.72
1985     27        71566.25
1985     28        74477.14
1985     29        76751.01
1985     30        78796.78
1985     31        79780.51
1985     32        81360.51
1985     33        83538.50
1985     34        84179.58
1985     35        82139.82
1985     36        82090.94
1985     37        87182.41
1985     38        87293.63
1985     39        78958.07
1985     40        74409.60
1985     41        73410.01
1985     42        69053.90
1985     43        64024.26
1985     44        62056.42
1985     45        58672.57
1985     46        54801.32
1985     47        51995.12
1985     48        51627.44
1985     49        51891.48
1985     50        53734.12
1985     51        55222.45
1985     52        57272.91
1985     53        59815.04
1985     54        62288.03
1985     55        61779.50
1986     12        90401.25
1986     13        82555.71
1986     14        74992.59
1986     15        72530.98
1986     16        68755.53
1986     17        66746.46
1986     18        65430.75
1986     19        65932.30
1986     20        67036.31
1986     21        70677.95
1986     22        72033.03
1986     23        65866.39
1986     24        62877.59
1986     25        61238.09
1986     26        61142.96
1986     27        62974.73
1986     28        71499.03
1986     29        74478.26
1986     30        76677.04
1986     31        78726.99
1986     32        79650.93
1986     33        81214.53
1986     34        83423.24
1986     35        84067.69
1986     36        82044.23
1986     37        81930.98
1986     38        87031.00
1986     39        87208.26
1986     40        78813.66
1986     41        74198.72
1986     42        73261.63
1986     43        68948.85
1986     44        63899.07
1986     45        61864.22
1986     46        58512.88
1986     47        54667.83
1986     48        51840.34
1986     49        51460.41
1986     50        51679.12
1986     51        53497.92
1986     52        54983.44
1986     53        57038.45
1986     54        59485.25
1986     55        61929.51
1987     12        91804.66
1987     13        90349.06
1987     14        82573.48
1987     15        74964.50
1987     16        72453.02
1987     17        68684.51
1987     18        66678.19
1987     19        65396.39
1987     20        65922.05
1987     21        67027.16
1987     22        70646.45
1987     23        72041.46
1987     24        65867.97
1987     25        62859.55
1987     26        61263.55
1987     27        61163.48
1987     28        62883.08
1987     29        71426.29
1987     30        74479.49
1987     31        76603.86
1987     32        78639.44
1987     33        79522.24
1987     34        81066.66
1987     35        83302.89
1987     36        83945.81
1987     37        81939.80
1987     38        81759.90
1987     39        86874.49
1987     40        87129.00
1987     41        78672.10
1987     42        73968.02
1987     43        73090.91
1987     44        68845.62
1987     45        63765.05
1987     46        61665.53
1987     47        58322.85
1987     48        54523.19
1987     49        51648.28
1987     50        51282.79
1987     51        51467.60
1987     52        53230.05
1987     53        54757.92
1987     54        56749.25
1987     55        59126.05
1988     12        90482.68
1988     13        91815.14
1988     14        90289.75
1988     15        82593.76
1988     16        74933.41
1988     17        72368.58
1988     18        68612.89
1988     19        66604.03
1988     20        65359.90
1988     21        65908.18
1988     22        67023.26
1988     23        70606.50
1988     24        72050.86
1988     25        65880.34
1988     26        62838.90
1988     27        61297.92
1988     28        61175.02
1988     29        62792.10
1988     30        71350.69
1988     31        74477.78
1988     32        76528.81
1988     33        78563.27
1988     34        79384.83
1988     35        80929.76
1988     36        83170.36
1988     37        83826.49
1988     38        81821.75
1988     39        81596.68
1988     40        86706.14
1988     41        87039.18
1988     42        78497.24
1988     43        73726.99
1988     44        72919.86
1988     45        68741.23
1988     46        63618.69
1988     47        61453.33
1988     48        58127.00
1988     49        54368.20
1988     50        51459.33
1988     51        51091.44
1988     52        51227.47
1988     53        52954.45
1988     54        54491.02
1988     55        56451.22
1989     12        87532.25
1989     13        90452.11
1989     14        91819.19
1989     15        90227.23
1989     16        82614.07
1989     17        74896.40
1989     18        72286.85
1989     19        68543.39
1989     20        66536.28
1989     21        65320.02
1989     22        65901.02
1989     23        67016.01
1989     24        70560.88
1989     25        72065.28
1989     26        65883.25
1989     27        62824.23
1989     28        61322.29
1989     29        61190.54
1989     30        62694.35
1989     31        71278.30
1989     32        74472.96
1989     33        76453.11
1989     34        78467.51
1989     35        79255.34
1989     36        80776.95
1989     37        83037.71
1989     38        83683.55
1989     39        81711.20
1989     40        81404.96
1989     41        86511.14
1989     42        86901.86
1989     43        78331.69
1989     44        73465.48
1989     45        72741.49
1989     46        68610.67
1989     47        63460.17
1989     48        61206.30
1989     49        57918.98
1989     50        54195.22
1989     51        51245.80
1989     52        50887.87
1989     53        50969.22
1989     54        52641.23
1989     55        54198.35
1990     12        85656.79
1990     13        87406.84
1990     14        90419.13
1990     15        91811.67
1990     16        90167.71
1990     17        82621.31
1990     18        74863.73
1990     19        72193.55
1990     20        68465.07
1990     21        66466.45
1990     22        65286.95
1990     23        65893.34
1990     24        67003.45
1990     25        70522.97
1990     26        72081.05
1990     27        65890.09
1990     28        62796.48
1990     29        61346.03
1990     30        61200.04
1990     31        62605.08
1990     32        71197.19
1990     33        74457.03
1990     34        76362.05
1990     35        78362.39
1990     36        79118.51
1990     37        80609.93
1990     38        82891.27
1990     39        83546.58
1990     40        81579.22
1990     41        81212.92
1990     42        86295.11
1990     43        86788.54
1990     44        78129.53
1990     45        73193.56
1990     46        72533.60
1990     47        68463.61
1990     48        63265.98
1990     49        60947.27
1990     50        57681.46
1990     51        54001.57
1990     52        51025.97
1990     53        50660.01
1990     54        50673.69
1990     55        52301.70
1991     12        83513.18
1991     13        85619.14
1991     14        87334.59
1991     15        90468.27
1991     16        91725.75
1991     17        90133.61
1991     18        82635.31
1991     19        74774.23
1991     20        72142.38
1991     21        68427.00
1991     22        66450.69
1991     23        65287.13
1991     24        65906.61
1991     25        67004.65
1991     26        70506.78
1991     27        72118.55
1991     28        65866.17
1991     29        62820.94
1991     30        61373.96
1991     31        61222.78
1991     32        62519.94
1991     33        71203.91
1991     34        74410.84
1991     35        76295.65
1991     36        78291.43
1991     37        79008.66
1991     38        80504.43
1991     39        82776.92
1991     40        83421.39
1991     41        81475.01
1991     42        81023.93
1991     43        86172.20
1991     44        86638.09
1991     45        77931.22
1991     46        72941.95
1991     47        72382.33
1991     48        68270.81
1991     49        63068.96
1991     50        60666.75
1991     51        57481.18
1991     52        53787.32
1991     53        50797.34
1991     54        50425.01
1991     55        50357.10
1992     12        77473.83
1992     13        83540.13
1992     14        85637.92
1992     15        87354.60
1992     16        90464.03
1992     17        91664.29
1992     18        90108.23
1992     19        82606.37
1992     20        74729.16
1992     21        72140.76
1992     22        68444.30
1992     23        66475.30
1992     24        65315.81
1992     25        65928.99
1992     26        67023.80
1992     27        70513.33
1992     28        72137.57
1992     29        65890.53
1992     30        62857.02
1992     31        61403.23
1992     32        61244.81
1992     33        62516.86
1992     34        71213.89
1992     35        74392.68
1992     36        76279.57
1992     37        78262.54
1992     38        78956.67
1992     39        80433.10
1992     40        82685.84
1992     41        83344.78
1992     42        81381.07
1992     43        80920.76
1992     44        86054.04
1992     45        86492.40
1992     46        77762.48
1992     47        72774.21
1992     48        72196.96
1992     49        68060.54
1992     50        62854.21
1992     51        60427.88
1992     52        57271.10
1992     53        53551.92
1992     54        50573.07
1992     55        50134.91
1993     12        70672.62
1993     13        77522.03
1993     14        83574.09
1993     15        85662.84
1993     16        87387.97
1993     17        90446.97
1993     18        91600.61
1993     19        90091.13
1993     20        82574.00
1993     21        74693.93
1993     22        72147.34
1993     23        68464.89
1993     24        66508.94
1993     25        65339.22
1993     26        65958.90
1993     27        67045.11
1993     28        70528.39
1993     29        72154.24
1993     30        65918.56
1993     31        62889.94
1993     32        61418.43
1993     33        61267.03
1993     34        62533.09
1993     35        71224.01
1993     36        74381.99
1993     37        76257.84
1993     38        78222.93
1993     39        78905.52
1993     40        80360.19
1993     41        82621.14
1993     42        83254.14
1993     43        81300.35
1993     44        80804.52
1993     45        85922.66
1993     46        86346.38
1993     47        77608.92
1993     48        72595.55
1993     49        71991.78
1993     50        67843.38
1993     51        62645.54
1993     52        60207.79
1993     53        57040.10
1993     54        53308.36
1993     55        50302.72
1994     12        68837.24
1994     13        70733.37
1994     14        77569.15
1994     15        83606.20
1994     16        85679.33
1994     17        87412.95
1994     18        90427.62
1994     19        91539.96
1994     20        90074.00
1994     21        82543.64
1994     22        74661.11
1994     23        72147.48
1994     24        68487.44
1994     25        66535.73
1994     26        65368.63
1994     27        65991.48
1994     28        67072.81
1994     29        70539.74
1994     30        72172.50
1994     31        65945.49
1994     32        62920.11
1994     33        61437.69
1994     34        61283.31
1994     35        62554.42
1994     36        71213.03
1994     37        74367.22
1994     38        76232.41
1994     39        78184.53
1994     40        78852.50
1994     41        80284.03
1994     42        82530.48
1994     43        83159.66
1994     44        81178.82
1994     45        80683.31
1994     46        85785.41
1994     47        86188.80
1994     48        77418.61
1994     49        72404.96
1994     50        71782.28
1994     51        67626.06
1994     52        62433.02
1994     53        59983.71
1994     54        56778.92
1994     55        53045.62
1995     12        66858.00
1995     13        68913.48
1995     14        70793.71
1995     15        77614.09
1995     16        83624.52
1995     17        85692.92
1995     18        87431.60
1995     19        90404.97
1995     20        91481.92
1995     21        90053.70
1995     22        82513.30
1995     23        74631.37
1995     24        72150.68
1995     25        68509.51
1995     26        66566.48
1995     27        65403.45
1995     28        66023.40
1995     29        67099.26
1995     30        70558.25
1995     31        72176.35
1995     32        65976.84
1995     33        62945.46
1995     34        61456.55
1995     35        61302.19
1995     36        62565.59
1995     37        71206.84
1995     38        74342.03
1995     39        76202.60
1995     40        78129.59
1995     41        78797.73
1995     42        80184.41
1995     43        82426.50
1995     44        83045.31
1995     45        81048.78
1995     46        80563.58
1995     47        85627.67
1995     48        85988.89
1995     49        77229.18
1995     50        72206.68
1995     51        71556.78
1995     52        67386.73
1995     53        62180.18
1995     54        59696.79
1995     55        56509.73
1996     12        65841.75
1996     13        66907.02
1996     14        68992.24
1996     15        70852.73
1996     16        77654.12
1996     17        83645.97
1996     18        85702.38
1996     19        87458.99
1996     20        90384.68
1996     21        91420.06
1996     22        90035.45
1996     23        82484.89
1996     24        74600.52
1996     25        72159.59
1996     26        68531.01
1996     27        66597.13
1996     28        65441.03
1996     29        66061.36
1996     30        67131.00
1996     31        70557.26
1996     32        72191.07
1996     33        65998.41
1996     34        62972.79
1996     35        61478.34
1996     36        61322.05
1996     37        62573.24
1996     38        71182.64
1996     39        74306.54
1996     40        76159.92
1996     41        78082.15
1996     42        78716.95
1996     43        80091.59
1996     44        82326.26
1996     45        82919.90
1996     46        80918.98
1996     47        80413.16
1996     48        85445.94
1996     49        85791.12
1996     50        77036.02
1996     51        71968.93
1996     52        71296.27
1996     53        67105.73
1996     54        61896.17
1996     55        59412.37
1997     12        65135.23
1997     13        65858.50
1997     14        66957.48
1997     15        69072.45
1997     16        70911.94
1997     17        77691.29
1997     18        83671.87
1997     19        85714.93
1997     20        87489.00
1997     21        90364.40
1997     22        91360.14
1997     23        90018.40
1997     24        82455.02
1997     25        74574.49
1997     26        72165.99
1997     27        68557.21
1997     28        66636.23
1997     29        65477.36
1997     30        66090.52
1997     31        67148.50
1997     32        70569.62
1997     33        72193.41
1997     34        66020.46
1997     35        62998.53
1997     36        61483.66
1997     37        61324.52
1997     38        62572.05
1997     39        71164.48
1997     40        74275.44
1997     41        76112.97
1997     42        78011.23
1997     43        78635.24
1997     44        79999.97
1997     45        82195.50
1997     46        82773.81
1997     47        80769.42
1997     48        80256.10
1997     49        85256.06
1997     50        85591.63
1997     51        76795.89
1997     52        71741.74
1997     53        71033.26
1997     54        66830.90
1997     55        61611.82
1998     12        64430.43
1998     13        65172.43
1998     14        65874.72
1998     15        67007.43
1998     16        69149.29
1998     17        70962.30
1998     18        77728.33
1998     19        83690.27
1998     20        85730.38
1998     21        87515.90
1998     22        90342.53
1998     23        91306.66
1998     24        89999.16
1998     25        82427.18
1998     26        74552.52
1998     27        72179.28
1998     28        68588.36
1998     29        66667.86
1998     30        65504.47
1998     31        66124.13
1998     32        67175.43
1998     33        70579.66
1998     34        72202.52
1998     35        66037.55
1998     36        63006.17
1998     37        61483.20
1998     38        61339.19
1998     39        62573.23
1998     40        71145.78
1998     41        74238.02
1998     42        76062.95
1998     43        77935.65
1998     44        78543.55
1998     45        79870.19
1998     46        82059.18
1998     47        82620.16
1998     48        80614.50
1998     49        80077.41
1998     50        85068.76
1998     51        85353.28
1998     52        76569.77
1998     53        71479.07
1998     54        70741.59
1998     55        66525.74
1999     12        63809.20
1999     13        64472.29
1999     14        65211.72
1999     15        65892.52
1999     16        67058.89
1999     17        69217.07
1999     18        71011.74
1999     19        77764.63
1999     20        83710.23
1999     21        85746.04
1999     22        87543.47
1999     23        90317.35
1999     24        91247.78
1999     25        89990.72
1999     26        82404.83
1999     27        74526.99
1999     28        72187.78
1999     29        68614.05
1999     30        66701.59
1999     31        65537.18
1999     32        66158.48
1999     33        67208.56
1999     34        70590.18
1999     35        72200.32
1999     36        66053.73
1999     37        63026.24
1999     38        61505.90
1999     39        61333.45
1999     40        62581.71
1999     41        71122.75
1999     42        74196.74
1999     43        76005.99
1999     44        77859.29
1999     45        78443.80
1999     46        79741.12
1999     47        81912.30
1999     48        82466.97
1999     49        80430.49
1999     50        79894.08
1999     51        84850.12
1999     52        85111.08
1999     53        76306.30
1999     54        71171.60
1999     55        70429.59
2000     12        63067.84
2000     13        63845.19
2000     14        64511.44
2000     15        65248.31
2000     16        65904.59
2000     17        67100.91
2000     18        69283.78
2000     19        71066.14
2000     20        77799.75
2000     21        83733.60
2000     22        85762.05
2000     23        87562.63
2000     24        90294.36
2000     25        91197.61
2000     26        89973.41
2000     27        82380.01
2000     28        74496.69
2000     29        72195.40
2000     30        68642.67
2000     31        66732.95
2000     32        65568.58
2000     33        66190.77
2000     34        67230.79
2000     35        70586.24
2000     36        72204.84
2000     37        66070.73
2000     38        63051.00
2000     39        61503.37
2000     40        61340.12
2000     41        62573.58
2000     42        71077.59
2000     43        74144.75
2000     44        75945.23
2000     45        77772.38
2000     46        78324.87
2000     47        79584.24
2000     48        81758.27
2000     49        82270.48
2000     50        80231.70
2000     51        79661.23
2000     52        84597.97
2000     53        84833.29
2000     54        76008.68
2000     55        70868.05
2001     12        63278.55
2001     13        63251.16
2001     14        64000.57
2001     15        64687.26
2001     16        65431.73
2001     17        66091.12
2001     18        67307.76
2001     19        69473.57
2001     20        71196.37
2001     21        77943.84
2001     22        83863.74
2001     23        85887.44
2001     24        87690.44
2001     25        90371.78
2001     26        91253.36
2001     27        90099.83
2001     28        82423.02
2001     29        74558.99
2001     30        72304.57
2001     31        68744.73
2001     32        66849.17
2001     33        65618.49
2001     34        66246.86
2001     35        67279.08
2001     36        70640.54
2001     37        72286.81
2001     38        66138.64
2001     39        63092.11
2001     40        61535.18
2001     41        61366.00
2001     42        62538.88
2001     43        71100.44
2001     44        74071.78
2001     45        75908.79
2001     46        77688.78
2001     47        78176.98
2001     48        79454.55
2001     49        81584.20
2001     50        82054.11
2001     51        79993.12
2001     52        79419.91
2001     53        84332.91
2001     54        84523.26
2001     55        75722.29
2002     12        62401.09
2002     13        63557.56
2002     14        63578.90
2002     15        64303.59
2002     16        65036.81
2002     17        65812.23
2002     18        66467.64
2002     19        67656.94
2002     20        69763.90
2002     21        71441.07
2002     22        78209.99
2002     23        84120.13
2002     24        86133.94
2002     25        87926.33
2002     26        90580.11
2002     27        91469.36
2002     28        90317.34
2002     29        82569.64
2002     30        74733.00
2002     31        72498.44
2002     32        68939.70
2002     33        66997.54
2002     34        65693.97
2002     35        66336.60
2002     36        67384.50
2002     37        70775.23
2002     38        72435.11
2002     39        66229.94
2002     40        63169.12
2002     41        61607.59
2002     42        61379.79
2002     43        62568.08
2002     44        71129.91
2002     45        74028.01
2002     46        75872.53
2002     47        77594.33
2002     48        78064.60
2002     49        79320.36
2002     50        81397.37
2002     51        81839.92
2002     52        79744.28
2002     53        79172.99
2002     54        84067.78
2002     55        84224.25
2003     12        63784.23
2003     13        62591.31
2003     14        63862.07
2003     15        63920.12
2003     16        64641.31
2003     17        65411.78
2003     18        66222.52
2003     19        66869.84
2003     20        68031.12
2003     21        70069.30
2003     22        71706.07
2003     23        78498.51
2003     24        84398.65
2003     25        86394.25
2003     26        88188.90
2003     27        90813.88
2003     28        91705.91
2003     29        90553.11
2003     30        82735.03
2003     31        74924.81
2003     32        72709.56
2003     33        69146.09
2003     34        67137.44
2003     35        65770.37
2003     36        66431.58
2003     37        67486.93
2003     38        70920.99
2003     39        72579.19
2003     40        66330.23
2003     41        63254.22
2003     42        61681.12
2003     43        61386.65
2003     44        62609.17
2003     45        71147.26
2003     46        73958.38
2003     47        75829.08
2003     48        77492.42
2003     49        77927.91
2003     50        79170.67
2003     51        81207.41
2003     52        81585.53
2003     53        79501.95
2003     54        78929.21
2003     55        83755.28
2004     12        59920.15
2004     13        63965.80
2004     14        62778.57
2004     15        64169.13
2004     16        64264.04
2004     17        64972.45
2004     18        65786.77
2004     19        66627.75
2004     20        67274.11
2004     21        68407.83
2004     22        70374.15
2004     23        71977.06
2004     24        78787.51
2004     25        84683.99
2004     26        86661.51
2004     27        88449.02
2004     28        91048.43
2004     29        91945.18
2004     30        90791.40
2004     31        82903.91
2004     32        75114.03
2004     33        72919.68
2004     34        69348.26
2004     35        67275.40
2004     36        65844.37
2004     37        66518.78
2004     38        67584.83
2004     39        71064.97
2004     40        72715.40
2004     41        66421.59
2004     42        63336.80
2004     43        61738.42
2004     44        61393.34
2004     45        62647.07
2004     46        71143.10
2004     47        73881.80
2004     48        75764.68
2004     49        77358.97
2004     50        77781.40
2004     51        78999.85
2004     52        81005.66
2004     53        81349.13
2004     54        79227.66
2004     55        78627.32
2005     12        59100.87
2005     13        60069.47
2005     14        64141.70
2005     15        62965.23
2005     16        64472.27
2005     17        64603.58
2005     18        65301.50
2005     19        66155.29
2005     20        67034.42
2005     21        67686.00
2005     22        68785.10
2005     23        70681.89
2005     24        72247.53
2005     25        79082.15
2005     26        84963.40
2005     27        86924.67
2005     28        88710.41
2005     29        91280.54
2005     30        92188.01
2005     31        91019.25
2005     32        83063.76
2005     33        75302.26
2005     34        73129.15
2005     35        69547.87
2005     36        67415.92
2005     37        65917.87
2005     38        66603.06
2005     39        67685.19
2005     40        71191.43
2005     41        72844.61
2005     42        66517.53
2005     43        63414.52
2005     44        61793.89
2005     45        61399.48
2005     46        62658.14
2005     47        71127.40
2005     48        73781.15
2005     49        75677.45
2005     50        77238.94
2005     51        77602.39
2005     52        78838.86
2005     53        80793.87
2005     54        81065.71
2005     55        78913.91
2006     12        55896.16
2006     13        59232.60
2006     14        60216.51
2006     15        64318.29
2006     16        63154.45
2006     17        64772.84
2006     18        64942.76
2006     19        65631.76
2006     20        66524.35
2006     21        67451.54
2006     22        68096.77
2006     23        69161.38
2006     24        70986.58
2006     25        72515.54
2006     26        79370.71
2006     27        85246.19
2006     28        87189.04
2006     29        88971.84
2006     30        91514.01
2006     31        92415.06
2006     32        91249.42
2006     33        83223.11
2006     34        75488.58
2006     35        73330.50
2006     36        69743.25
2006     37        67558.53
2006     38        65988.27
2006     39        66683.68
2006     40        67774.36
2006     41        71312.21
2006     42        72973.01
2006     43        66601.89
2006     44        63472.99
2006     45        61845.31
2006     46        61395.90
2006     47        62660.79
2006     48        71092.13
2006     49        73680.93
2006     50        75597.17
2006     51        77090.97
2006     52        77426.37
2006     53        78646.90
2006     54        80530.19
2006     55        80776.95
2007     12        48751.06
2007     13        56004.01
2007     14        59365.28
2007     15        60362.32
2007     16        64497.30
2007     17        63339.19
2007     18        65072.27
2007     19        65284.77
2007     20        65960.92
2007     21        66898.26
2007     22        67867.28
2007     23        68510.67
2007     24        69536.78
2007     25        71292.35
2007     26        72785.97
2007     27        79666.56
2007     28        85531.31
2007     29        87449.76
2007     30        89232.82
2007     31        91741.66
2007     32        92649.91
2007     33        91483.75
2007     34        83383.47
2007     35        75671.60
2007     36        73529.12
2007     37        69938.99
2007     38        67699.78
2007     39        66044.55
2007     40        66757.25
2007     41        67851.02
2007     42        71419.96
2007     43        73091.04
2007     44        66670.15
2007     45        63521.30
2007     46        61903.04
2007     47        61382.53
2007     48        62660.92
2007     49        71060.84
2007     50        73581.59
2007     51        75502.06
2007     52        76932.68
2007     53        77221.96
2007     54        78427.92
2007     55        80271.88
2008     12        45372.91
2008     13        48790.31
2008     14        56108.74
2008     15        59488.40
2008     16        60509.19
2008     17        64671.75
2008     18        63519.52
2008     19        65372.28
2008     20        65624.34
2008     21        66293.20
2008     22        67272.63
2008     23        68284.35
2008     24        68923.96
2008     25        69907.44
2008     26        71599.63
2008     27        73053.76
2008     28        79959.88
2008     29        85807.38
2008     30        87709.93
2008     31        89494.35
2008     32        91963.50
2008     33        92884.44
2008     34        91710.26
2008     35        83539.24
2008     36        75854.51
2008     37        73726.29
2008     38        70134.13
2008     39        67826.63
2008     40        66096.43
2008     41        66823.06
2008     42        67922.50
2008     43        71528.15
2008     44        73200.91
2008     45        66734.16
2008     46        63579.41
2008     47        61941.80
2008     48        61365.37
2008     49        62643.93
2008     50        71006.71
2008     51        73443.54
2008     52        75384.47
2008     53        76754.44
2008     54        77006.55
2008     55        78187.94
2009     12        44106.64
2009     13        45414.55
2009     14        48825.67
2009     15        56207.07
2009     16        59614.01
2009     17        60652.61
2009     18        64847.34
2009     19        63702.31
2009     20        65669.21
2009     21        65959.63
2009     22        66621.88
2009     23        67644.03
2009     24        68697.93
2009     25        69330.93
2009     26        70284.21
2009     27        71901.46
2009     28        73324.74
2009     29        80245.27
2009     30        86083.00
2009     31        87971.06
2009     32        89751.75
2009     33        92175.76
2009     34        93111.30
2009     35        91924.09
2009     36        83691.53
2009     37        76030.87
2009     38        73920.49
2009     39        70319.32
2009     40        67955.57
2009     41        66150.38
2009     42        66884.68
2009     43        67996.06
2009     44        71628.36
2009     45        73301.30
2009     46        66800.83
2009     47        63615.39
2009     48        61964.48
2009     49        61328.90
2009     50        62601.07
2009     51        70939.36
2009     52        73299.40
2009     53        75254.45
2009     54        76556.44
2009     55        76771.74
2010     12        43712.91
2010     13        44175.06
2010     14        45453.19
2010     15        48858.01
2010     16        56308.49
2010     17        59740.22
2010     18        60797.90
2010     19        65018.16
2010     20        63878.63
2010     21        65960.35
2010     22        66301.25
2010     23        66948.55
2010     24        68018.08
2010     25        69110.50
2010     26        69741.73
2010     27        70661.09
2010     28        72208.17
2010     29        73591.32
2010     30        80531.13
2010     31        86359.66
2010     32        88234.60
2010     33        90001.78
2010     34        92394.26
2010     35        93327.74
2010     36        92141.07
2010     37        83839.88
2010     38        76209.27
2010     39        74103.60
2010     40        70508.46
2010     41        68075.08
2010     42        66205.13
2010     43        66944.08
2010     44        68066.30
2010     45        71714.93
2010     46        73400.93
2010     47        66838.77
2010     48        63638.04
2010     49        61976.80
2010     50        61274.35
2010     51        62571.11
2010     52        70877.97
2010     53        73135.02
2010     54        75103.11
2010     55        76334.67
2011     12        43807.24
2011     13        43772.12
2011     14        44225.09
2011     15        45495.42
2011     16        48938.85
2011     17        56484.84
2011     18        59934.21
2011     19        61000.97
2011     20        65238.38
2011     21        64277.48
2011     22        66352.77
2011     23        66631.35
2011     24        67299.18
2011     25        68395.52
2011     26        69494.63
2011     27        70107.81
2011     28        70985.06
2011     29        72456.32
2011     30        73819.47
2011     31        80735.56
2011     32        86520.42
2011     33        88386.88
2011     34        90146.94
2011     35        92492.21
2011     36        93475.81
2011     37        92224.89
2011     38        83904.49
2011     39        76312.44
2011     40        74191.87
2011     41        70588.33
2011     42        68093.35
2011     43        66216.21
2011     44        66950.25
2011     45        68060.12
2011     46        71736.36
2011     47        73379.74
2011     48        66814.32
2011     49        63602.28
2011     50        61934.08
2011     51        61159.34
2011     52        62510.56
2011     53        70686.87
2011     54        72965.54
2011     55        74886.79
2012     12        43873.70
2012     13        43928.77
2012     14        43922.36
2012     15        44397.83
2012     16        45699.09
2012     17        49183.86
2012     18        56777.41
2012     19        60145.16
2012     20        61242.92
2012     21        65611.30
2012     22        64522.36
2012     23        66544.16
2012     24        66807.17
2012     25        67460.97
2012     26        68538.34
2012     27        69613.19
2012     28        70206.68
2012     29        71052.46
2012     30        72466.26
2012     31        73801.73
2012     32        80673.94
2012     33        86444.18
2012     34        88302.28
2012     35        90079.99
2012     36        92420.03
2012     37        93402.82
2012     38        92142.06
2012     39        83842.85
2012     40        76267.36
2012     41        74130.54
2012     42        70536.24
2012     43        68030.47
2012     44        66134.41
2012     45        66866.78
2012     46        67958.95
2012     47        71623.40
2012     48        73245.07
2012     49        66689.35
2012     50        63464.07
2012     51        61780.94
2012     52        60965.88
2012     53        62318.00
2012     54        70444.35
2012     55        72698.16
2013     12        44404.90
2013     13        44094.39
2013     14        44154.14
2013     15        44183.43
2013     16        44682.51
2013     17        45995.82
2013     18        49474.93
2013     19        57028.71
2013     20        60349.36
2013     21        61427.20
2013     22        65747.17
2013     23        64586.41
2013     24        66570.34
2013     25        66804.91
2013     26        67419.11
2013     27        68478.94
2013     28        69523.37
2013     29        70106.53
2013     30        70925.11
2013     31        72317.30
2013     32        73641.34
2013     33        80487.70
2013     34        86243.89
2013     35        88124.57
2013     36        89911.02
2013     37        92260.47
2013     38        93254.37
2013     39        91998.84
2013     40        83722.39
2013     41        76162.12
2013     42        74030.57
2013     43        70436.45
2013     44        67939.52
2013     45        66035.69
2013     46        66749.70
2013     47        67823.14
2013     48        71456.29
2013     49        73070.41
2013     50        66484.01
2013     51        63273.19
2013     52        61565.51
2013     53        60737.75
2013     54        62063.10
2013     55        70146.18
2014     12        45369.20
2014     13        44623.38
2014     14        44314.58
2014     15        44378.52
2014     16        44443.98
2014     17        44964.61
2014     18        46294.62
2014     19        49767.58
2014     20        57283.48
2014     21        60552.02
2014     22        61610.63
2014     23        65886.82
2014     24        64647.45
2014     25        66597.45
2014     26        66797.34
2014     27        67384.09
2014     28        68413.65
2014     29        69427.77
2014     30        70003.03
2014     31        70804.29
2014     32        72166.65
2014     33        73475.30
2014     34        80305.56
2014     35        86050.58
2014     36        87937.98
2014     37        89745.57
2014     38        92094.69
2014     39        93096.90
2014     40        91852.55
2014     41        83592.95
2014     42        76048.13
2014     43        73925.81
2014     44        70343.12
2014     45        67842.78
2014     46        65922.31
2014     47        66621.25
2014     48        67677.78
2014     49        71296.86
2014     50        72864.64
2014     51        66283.88
2014     52        63069.33
2014     53        61339.56
2014     54        60494.62
2014     55        61812.55
2015     12        46019.82
2015     13        45551.59
2015     14        44839.34
2015     15        44532.23
2015     16        44600.37
2015     17        44702.09
2015     18        45249.67
2015     19        46591.78
2015     20        50059.12
2015     21        57536.80
2015     22        60754.59
2015     23        61796.75
2015     24        66022.43
2015     25        64710.55
2015     26        66626.62
2015     27        66788.72
2015     28        67348.11
2015     29        68347.31
2015     30        69334.69
2015     31        69911.16
2015     32        70678.04
2015     33        72009.10
2015     34        73313.15
2015     35        80121.08
2015     36        85847.62
2015     37        87751.77
2015     38        89565.03
2015     39        91927.73
2015     40        92927.16
2015     41        91699.55
2015     42        83463.03
2015     43        75934.08
2015     44        73814.64
2015     45        70242.52
2015     46        67726.53
2015     47        65795.72
2015     48        66493.70
2015     49        67533.96
2015     50        71107.19
2015     51        72663.10
2015     52        66081.64
2015     53        62854.48
2015     54        61100.28
2015     55        60245.09
2016     12        47043.83
2016     13        46166.09
2016     14        45731.01
2016     15        45052.32
2016     16        44748.92
2016     17        44821.72
2016     18        44958.15
2016     19        45532.34
2016     20        46886.99
2016     21        50353.23
2016     22        57790.24
2016     23        60953.70
2016     24        61980.92
2016     25        66161.52
2016     26        64773.57
2016     27        66649.16
2016     28        66779.58
2016     29        67314.80
2016     30        68276.27
2016     31        69246.29
2016     32        69808.54
2016     33        70548.29
2016     34        71847.38
2016     35        73145.21
2016     36        79928.78
2016     37        85633.33
2016     38        87549.12
2016     39        89393.55
2016     40        91745.93
2016     41        92755.25
2016     42        91545.45
2016     43        83315.44
2016     44        75819.09
2016     45        73692.63
2016     46        70118.36
2016     47        67600.05
2016     48        65672.84
2016     49        66359.36
2016     50        67360.97
2016     51        70925.78
2016     52        72451.37
2016     53        65857.44
2016     54        62625.41
2016     55        60842.97
2017     12        49153.89
2017     13        47130.66
2017     14        46311.37
2017     15        45909.44
2017     16        45265.79
2017     17        44964.61
2017     18        45039.59
2017     19        45217.72
2017     20        45812.45
2017     21        47185.15
2017     22        50645.68
2017     23        58041.13
2017     24        61155.41
2017     25        62162.50
2017     26        66299.16
2017     27        64839.35
2017     28        66676.38
2017     29        66774.31
2017     30        67273.58
2017     31        68205.88
2017     32        69147.12
2017     33        69704.49
2017     34        70409.07
2017     35        71686.23
2017     36        72973.26
2017     37        79730.49
2017     38        85422.20
2017     39        87353.85
2017     40        89211.56
2017     41        91559.76
2017     42        92580.89
2017     43        91378.66
2017     44        83169.36
2017     45        75692.43
2017     46        73555.97
2017     47        69984.42
2017     48        67466.52
2017     49        65544.25
2017     50        66208.45
2017     51        67193.73
2017     52        70733.87
2017     53        72209.75
2017     54        65635.84
2017     55        62377.90
2018     12        50918.13
2018     13        49183.58
2018     14        47218.00
2018     15        46456.14
2018     16        46088.38
2018     17        45480.30
2018     18        45178.30
2018     19        45260.43
2018     20        45472.33
2018     21        46095.60
2018     22        47479.36
2018     23        50937.22
2018     24        58293.36
2018     25        61351.10
2018     26        62347.63
2018     27        66439.50
2018     28        64902.87
2018     29        66705.15
2018     30        66766.08
2018     31        67235.80
2018     32        68130.48
2018     33        69046.89
2018     34        69593.49
2018     35        70279.00
2018     36        71523.17
2018     37        72800.57
2018     38        79535.54
2018     39        85199.48
2018     40        87148.10
2018     41        89021.29
2018     42        91374.66
2018     43        92408.39
2018     44        91206.61
2018     45        83017.75
2018     46        75556.25
2018     47        73405.98
2018     48        69847.65
2018     49        67333.38
2018     50        65389.48
2018     51        66045.01
2018     52        67026.87
2018     53        70520.03
2018     54        71973.13
2018     55        65395.22
2019     12        54420.32
2019     13        50878.38
2019     14        49215.29
2019     15        47300.82
2019     16        46599.89
2019     17        46268.79
2019     18        45693.83
2019     19        45387.37
2019     20        45480.85
2019     21        45728.34
2019     22        46376.76
2019     23        47772.52
2019     24        51228.88
2019     25        58542.14
2019     26        61549.20
2019     27        62524.37
2019     28        66575.02
2019     29        64966.32
2019     30        66728.81
2019     31        66759.36
2019     32        67187.34
2019     33        68053.10
2019     34        68947.84
2019     35        69490.30
2019     36        70141.21
2019     37        71352.07
2019     38        72614.46
2019     39        79325.49
2019     40        84971.41
2019     41        86936.77
2019     42        88828.83
2019     43        91179.77
2019     44        92223.91
2019     45        91017.05
2019     46        82852.63
2019     47        75398.39
2019     48        73261.11
2019     49        69702.25
2019     50        67178.54
2019     51        65231.48
2019     52        65886.43
2019     53        66836.55
2019     54        70299.88
2019     55        71704.44
2020     12        58243.64
2020     13        54309.48
2020     14        50842.13
2020     15        49239.48
2020     16        47385.16
2020     17        46744.66
2020     18        46446.15
2020     19        45903.99
2020     20        45603.51
2020     21        45700.28
2020     22        45982.88
2020     23        46655.95
2020     24        48071.75
2020     25        51519.04
2020     26        58793.07
2020     27        61741.86
2020     28        62704.05
2020     29        66707.49
2020     30        65025.90
2020     31        66746.22
2020     32        66740.78
2020     33        67139.43
2020     34        67983.23
2020     35        68838.98
2020     36        69368.48
2020     37        69997.00
2020     38        71175.22
2020     39        72429.04
2020     40        79113.91
2020     41        84737.40
2020     42        86714.82
2020     43        88614.73
2020     44        90978.59
2020     45        92016.63
2020     46        90824.60
2020     47        82662.42
2020     48        75241.39
2020     49        73085.10
2020     50        69539.72
2020     51        67015.76
2020     52        65054.99
2020     53        65694.66
2020     54        66624.09
2020     55        70030.27
2021     12        58427.19
2021     13        58115.58
2021     14        54200.65
2021     15        50801.40
2021     16        49269.18
2021     17        47468.50
2021     18        46887.47
2021     19        46625.50
2021     20        46115.48
2021     21        45815.57
2021     22        45915.65
2021     23        46237.44
2021     24        46942.59
2021     25        48368.48
2021     26        51811.57
2021     27        59041.49
2021     28        61933.44
2021     29        62883.82
2021     30        66834.73
2021     31        65075.17
2021     32        66759.23
2021     33        66713.44
2021     34        67095.93
2021     35        67898.52
2021     36        68719.44
2021     37        69243.69
2021     38        69844.49
2021     39        70997.16
2021     40        72234.95
2021     41        78888.92
2021     42        84493.51
2021     43        86470.01
2021     44        88394.46
2021     45        90744.88
2021     46        91801.47
2021     47        90587.61
2021     48        82455.56
2021     49        75039.58
2021     50        72888.60
2021     51        69351.15
2021     52        66816.85
2021     53        64850.82
2021     54        65474.42
2021     55        66361.89
