Czechia, Period mean ages at birth by birth order and period mean ages at birth by birth order by age 40
Last modified: 02/02/2023
Year       MAB      MAB1      MAB2      MAB3      MAB4     MAB5p     MAB40   MAB40_1   MAB40_2   MAB40_3   MAB40_4  MAB40_5p
1950     27.26     23.73     26.87     29.73     31.82     34.76     26.75     23.60     26.63     29.26     31.12     33.26
1951     27.07     23.57     26.67     29.53     31.64     34.60     26.58     23.46     26.44     29.06     30.91     33.23
1952     27.00     23.56     26.64     29.45     31.46     34.50     26.54     23.46     26.44     29.01     30.77     33.11
1953     26.97     23.46     26.59     29.37     31.48     34.39     26.51     23.36     26.40     28.91     30.79     33.00
1954     26.86     23.35     26.54     29.37     31.29     34.26     26.43     23.26     26.38     28.95     30.61     32.92
1955     26.75     23.26     26.55     29.14     31.21     34.19     26.33     23.17     26.40     28.75     30.53     32.79
1956     26.54     23.12     26.42     29.08     31.08     34.00     26.16     23.05     26.27     28.69     30.44     32.75
1957     26.32     23.00     26.27     28.94     30.99     33.74     25.98     22.92     26.15     28.59     30.37     32.58
1958     25.97     23.01     26.13     28.69     30.78     33.63     25.71     22.96     26.04     28.43     30.24     32.49
1959     25.53     22.91     26.04     28.57     30.47     33.42     25.31     22.86     25.96     28.30     30.01     32.29
1960     25.45     22.88     26.06     28.52     30.41     33.33     25.26     22.82     25.99     28.30     29.92     32.28
1961     25.42     22.90     26.08     28.55     30.36     33.30     25.24     22.84     26.00     28.34     29.88     32.19
1962     25.32     22.81     26.03     28.38     30.39     33.26     25.15     22.76     25.96     28.21     29.93     32.20
1963     25.44     22.75     26.13     28.56     30.35     33.19     25.29     22.71     26.06     28.39     30.01     32.18
1964     25.58     22.73     26.21     28.71     30.50     33.23     25.40     22.67     26.13     28.54     30.10     32.22
1965     25.55     22.69     26.13     28.78     30.69     33.24     25.37     22.63     26.06     28.59     30.24     32.24
1966     25.36     22.57     26.07     28.69     30.55     33.20     25.20     22.53     26.01     28.51     30.16     32.26
1967     25.16     22.50     26.02     28.62     30.62     33.14     25.01     22.45     25.96     28.44     30.21     32.20
1968     25.07     22.54     26.00     28.65     30.56     33.21     24.93     22.49     25.93     28.48     30.16     32.31
1969     25.03     22.47     25.95     28.73     30.89     33.33     24.89     22.44     25.90     28.55     30.41     32.45
1970     24.99     22.47     26.00     28.78     30.88     33.41     24.85     22.43     25.94     28.59     30.45     32.47
1971     25.12     22.59     26.13     28.98     30.79     33.57     24.99     22.56     26.08     28.81     30.40     32.48
1972     25.13     22.62     26.00     28.92     30.81     33.48     25.02     22.59     25.96     28.75     30.38     32.50
1973     25.25     22.63     26.00     28.79     30.96     33.51     25.14     22.60     25.96     28.65     30.51     32.50
1974     25.24     22.60     25.96     28.80     30.79     33.51     25.14     22.57     25.93     28.67     30.41     32.55
1975     25.13     22.52     25.87     28.73     30.84     33.33     25.03     22.49     25.83     28.59     30.46     32.30
1976     25.07     22.50     25.80     28.71     30.67     33.14     24.98     22.47     25.76     28.57     30.33     32.13
1977     24.99     22.49     25.63     28.68     30.78     33.21     24.89     22.45     25.60     28.53     30.39     32.23
1978     24.92     22.46     25.57     28.63     30.59     33.07     24.83     22.42     25.54     28.50     30.21     32.09
1979     24.84     22.42     25.47     28.62     30.55     32.57     24.75     22.38     25.43     28.47     30.21     31.67
1980     24.67     22.37     25.36     28.45     30.42     32.78     24.58     22.35     25.33     28.31     29.99     31.71
1981     24.69     22.39     25.38     28.56     30.52     32.78     24.59     22.36     25.33     28.40     30.08     31.74
1982     24.64     22.37     25.32     28.48     30.48     32.89     24.55     22.34     25.28     28.35     30.11     31.92
1983     24.59     22.32     25.35     28.53     30.71     32.63     24.50     22.29     25.31     28.38     30.35     31.74
1984     24.55     22.32     25.36     28.58     30.60     32.62     24.47     22.30     25.32     28.44     30.19     31.81
1985     24.58     22.36     25.41     28.66     30.67     32.53     24.51     22.33     25.38     28.52     30.35     31.83
1986     24.64     22.40     25.49     28.78     30.77     32.74     24.57     22.38     25.45     28.66     30.46     31.89
1987     24.68     22.44     25.52     28.95     30.92     32.72     24.60     22.42     25.49     28.78     30.56     31.92
1988     24.73     22.45     25.58     29.04     30.92     32.73     24.66     22.42     25.55     28.90     30.60     31.96
1989     24.76     22.49     25.63     29.16     31.08     32.86     24.69     22.46     25.61     29.02     30.72     32.11
1990     24.77     22.47     25.62     29.24     31.20     32.97     24.69     22.45     25.59     29.10     30.83     32.18
1991     24.72     22.43     25.69     29.30     31.28     32.96     24.64     22.40     25.67     29.10     30.86     32.17
1992     24.83     22.51     25.75     29.21     31.30     32.97     24.74     22.49     25.72     29.00     30.91     32.10
1993     25.04     22.61     25.89     29.31     31.31     32.77     24.95     22.59     25.85     29.13     30.88     31.92
1994     25.37     22.92     26.10     29.58     31.26     32.86     25.26     22.88     26.06     29.37     30.81     32.19
1995     25.76     23.32     26.42     29.92     31.50     32.83     25.64     23.29     26.37     29.69     31.04     32.12
1996     26.08     23.68     26.78     30.22     31.70     32.95     25.97     23.64     26.73     29.95     31.27     32.22
1997     26.36     24.04     27.11     30.37     32.04     33.04     26.25     24.01     27.05     30.13     31.50     32.38
1998     26.63     24.36     27.39     30.64     32.30     33.25     26.50     24.32     27.34     30.38     31.75     32.57
1999     26.86     24.60     27.72     30.85     32.32     33.72     26.72     24.56     27.65     30.57     31.78     32.82
2000     27.19     24.96     28.09     31.15     32.47     33.61     27.04     24.91     28.01     30.84     31.88     32.86
2001     27.55     25.34     28.43     31.54     32.82     33.71     27.38     25.29     28.34     31.18     32.10     32.76
2002     27.81     25.63     28.71     31.88     33.01     33.89     27.64     25.57     28.62     31.51     32.37     32.92
2003     28.06     25.93     29.04     31.98     33.14     34.09     27.87     25.87     28.93     31.56     32.43     33.02
2004     28.34     26.32     29.35     32.17     33.19     34.20     28.15     26.25     29.26     31.72     32.38     33.14
2005     28.61     26.62     29.65     32.44     33.38     34.35     28.42     26.56     29.54     31.96     32.58     33.18
2006     28.89     26.95     29.93     32.61     33.58     34.21     28.68     26.88     29.80     32.12     32.53     33.19
2007     29.14     27.15     30.14     32.83     33.61     34.24     28.92     27.07     30.02     32.31     32.74     33.02
2008     29.32     27.33     30.44     32.99     33.98     34.52     29.09     27.26     30.29     32.42     33.01     33.11
2009     29.41     27.44     30.56     33.09     33.67     34.37     29.17     27.35     30.40     32.49     32.67     32.98
2010     29.57     27.62     30.73     32.95     33.52     34.13     29.32     27.54     30.56     32.34     32.43     32.82
2011     29.69     27.78     30.88     33.18     33.61     33.90     29.42     27.68     30.70     32.48     32.50     32.58
2012     29.76     27.92     30.97     33.08     33.67     33.88     29.48     27.80     30.77     32.39     32.42     32.51
2013     29.86     28.09     31.04     33.03     33.65     33.91     29.56     27.96     30.83     32.31     32.32     32.60
2014     29.94     28.14     31.12     33.06     33.69     33.72     29.65     28.02     30.91     32.40     32.47     32.44
2015     30.00     28.24     31.17     33.27     33.48     33.97     29.68     28.09     30.93     32.53     32.14     32.55
2016     30.00     28.24     31.25     33.23     33.50     33.88     29.67     28.09     31.00     32.47     32.22     32.48
2017     30.05     28.27     31.31     33.31     33.50     33.60     29.71     28.11     31.04     32.53     32.33     32.33
2018     30.15     28.41     31.32     33.29     33.74     33.49     29.78     28.22     31.02     32.49     32.41     32.11
2019     30.20     28.52     31.30     33.32     33.49     33.82     29.82     28.31     30.99     32.50     32.18     32.62
2020     30.25     28.57     31.35     33.32     33.38     33.60     29.86     28.36     31.02     32.49     32.13     32.26
2021     30.42     28.81     31.40     33.35     33.68     33.79     30.02     28.57     31.07     32.54     32.37     32.45
