Hungary, Cumulative period fertility rates (Lexis squares)
Last modified: 08/03/2022
Year    Age     CPFR
1950    12     0.000
1950    13     0.000
1950    14     0.000
1950    15     0.001
1950    16     0.004
1950    17     0.019
1950    18     0.061
1950    19     0.139
1950    20     0.252
1950    21     0.406
1950    22     0.577
1950    23     0.755
1950    24     0.933
1950    25     1.106
1950    26     1.273
1950    27     1.430
1950    28     1.572
1950    29     1.701
1950    30     1.816
1950    31     1.920
1950    32     2.015
1950    33     2.100
1950    34     2.178
1950    35     2.244
1950    36     2.312
1950    37     2.368
1950    38     2.418
1950    39     2.462
1950    40     2.500
1950    41     2.532
1950    42     2.556
1950    43     2.573
1950    44     2.585
1950    45     2.592
1950    46     2.596
1950    47     2.598
1950    48     2.599
1950    49     2.599
1950    50     2.599
1950    51     2.600
1950    52     2.600
1950    53     2.600
1950    54     2.600
1950    55     2.600
1951    12     0.000
1951    13     0.000
1951    14     0.000
1951    15     0.001
1951    16     0.004
1951    17     0.017
1951    18     0.056
1951    19     0.137
1951    20     0.255
1951    21     0.408
1951    22     0.578
1951    23     0.752
1951    24     0.928
1951    25     1.098
1951    26     1.260
1951    27     1.413
1951    28     1.551
1951    29     1.676
1951    30     1.789
1951    31     1.889
1951    32     1.979
1951    33     2.060
1951    34     2.131
1951    35     2.199
1951    36     2.256
1951    37     2.312
1951    38     2.359
1951    39     2.400
1951    40     2.435
1951    41     2.464
1951    42     2.487
1951    43     2.503
1951    44     2.514
1951    45     2.521
1951    46     2.525
1951    47     2.527
1951    48     2.528
1951    49     2.528
1951    50     2.528
1951    51     2.529
1951    52     2.529
1951    53     2.529
1951    54     2.529
1951    55     2.529
1952    12     0.000
1952    13     0.000
1952    14     0.000
1952    15     0.001
1952    16     0.004
1952    17     0.016
1952    18     0.050
1952    19     0.122
1952    20     0.239
1952    21     0.388
1952    22     0.552
1952    23     0.725
1952    24     0.896
1952    25     1.065
1952    26     1.222
1952    27     1.370
1952    28     1.505
1952    29     1.630
1952    30     1.744
1952    31     1.845
1952    32     1.933
1952    33     2.013
1952    34     2.089
1952    35     2.153
1952    36     2.215
1952    37     2.264
1952    38     2.310
1952    39     2.349
1952    40     2.382
1952    41     2.408
1952    42     2.431
1952    43     2.446
1952    44     2.456
1952    45     2.462
1952    46     2.465
1952    47     2.467
1952    48     2.468
1952    49     2.468
1952    50     2.468
1952    51     2.468
1952    52     2.469
1952    53     2.469
1952    54     2.469
1952    55     2.469
1953    12     0.000
1953    13     0.000
1953    14     0.000
1953    15     0.001
1953    16     0.004
1953    17     0.017
1953    18     0.054
1953    19     0.127
1953    20     0.247
1953    21     0.407
1953    22     0.586
1953    23     0.773
1953    24     0.963
1953    25     1.144
1953    26     1.320
1953    27     1.484
1953    28     1.637
1953    29     1.776
1953    30     1.905
1953    31     2.024
1953    32     2.132
1953    33     2.229
1953    34     2.315
1953    35     2.392
1953    36     2.457
1953    37     2.520
1953    38     2.570
1953    39     2.618
1953    40     2.656
1953    41     2.686
1953    42     2.711
1953    43     2.728
1953    44     2.739
1953    45     2.746
1953    46     2.750
1953    47     2.751
1953    48     2.752
1953    49     2.752
1953    50     2.753
1953    51     2.753
1953    52     2.753
1953    53     2.753
1953    54     2.753
1953    55     2.753
1954    12     0.000
1954    13     0.000
1954    14     0.000
1954    15     0.001
1954    16     0.005
1954    17     0.019
1954    18     0.058
1954    19     0.136
1954    20     0.261
1954    21     0.431
1954    22     0.629
1954    23     0.836
1954    24     1.042
1954    25     1.239
1954    26     1.424
1954    27     1.602
1954    28     1.767
1954    29     1.922
1954    30     2.064
1954    31     2.196
1954    32     2.315
1954    33     2.419
1954    34     2.512
1954    35     2.595
1954    36     2.670
1954    37     2.732
1954    38     2.790
1954    39     2.836
1954    40     2.878
1954    41     2.910
1954    42     2.934
1954    43     2.950
1954    44     2.962
1954    45     2.968
1954    46     2.972
1954    47     2.974
1954    48     2.974
1954    49     2.975
1954    50     2.975
1954    51     2.975
1954    52     2.975
1954    53     2.975
1954    54     2.975
1954    55     2.975
1955    12     0.000
1955    13     0.000
1955    14     0.000
1955    15     0.001
1955    16     0.005
1955    17     0.020
1955    18     0.061
1955    19     0.145
1955    20     0.274
1955    21     0.444
1955    22     0.641
1955    23     0.846
1955    24     1.043
1955    25     1.232
1955    26     1.406
1955    27     1.570
1955    28     1.722
1955    29     1.859
1955    30     1.988
1955    31     2.105
1955    32     2.210
1955    33     2.307
1955    34     2.394
1955    35     2.470
1955    36     2.536
1955    37     2.594
1955    38     2.641
1955    39     2.684
1955    40     2.717
1955    41     2.749
1955    42     2.769
1955    43     2.785
1955    44     2.795
1955    45     2.801
1955    46     2.805
1955    47     2.807
1955    48     2.807
1955    49     2.807
1955    50     2.807
1955    51     2.808
1955    52     2.808
1955    53     2.808
1955    54     2.808
1955    55     2.808
1956    12     0.000
1956    13     0.000
1956    14     0.000
1956    15     0.001
1956    16     0.005
1956    17     0.021
1956    18     0.062
1956    19     0.146
1956    20     0.279
1956    21     0.448
1956    22     0.639
1956    23     0.837
1956    24     1.031
1956    25     1.211
1956    26     1.375
1956    27     1.527
1956    28     1.663
1956    29     1.785
1956    30     1.898
1956    31     2.000
1956    32     2.092
1956    33     2.177
1956    34     2.252
1956    35     2.318
1956    36     2.375
1956    37     2.425
1956    38     2.467
1956    39     2.503
1956    40     2.532
1956    41     2.553
1956    42     2.572
1956    43     2.585
1956    44     2.593
1956    45     2.598
1956    46     2.601
1956    47     2.602
1956    48     2.603
1956    49     2.603
1956    50     2.603
1956    51     2.603
1956    52     2.603
1956    53     2.603
1956    54     2.603
1956    55     2.603
1957    12     0.000
1957    13     0.000
1957    14     0.000
1957    15     0.001
1957    16     0.005
1957    17     0.020
1957    18     0.065
1957    19     0.150
1957    20     0.284
1957    21     0.451
1957    22     0.638
1957    23     0.824
1957    24     1.001
1957    25     1.159
1957    26     1.301
1957    27     1.431
1957    28     1.544
1957    29     1.647
1957    30     1.738
1957    31     1.822
1957    32     1.894
1957    33     1.960
1957    34     2.018
1957    35     2.072
1957    36     2.117
1957    37     2.156
1957    38     2.189
1957    39     2.217
1957    40     2.238
1957    41     2.256
1957    42     2.269
1957    43     2.279
1957    44     2.286
1957    45     2.291
1957    46     2.293
1957    47     2.294
1957    48     2.294
1957    49     2.294
1957    50     2.294
1957    51     2.294
1957    52     2.294
1957    53     2.294
1957    54     2.295
1957    55     2.295
1958    12     0.000
1958    13     0.000
1958    14     0.000
1958    15     0.001
1958    16     0.005
1958    17     0.020
1958    18     0.062
1958    19     0.148
1958    20     0.279
1958    21     0.443
1958    22     0.625
1958    23     0.804
1958    24     0.973
1958    25     1.128
1958    26     1.268
1958    27     1.391
1958    28     1.498
1958    29     1.596
1958    30     1.683
1958    31     1.761
1958    32     1.828
1958    33     1.888
1958    34     1.941
1958    35     1.988
1958    36     2.031
1958    37     2.064
1958    38     2.094
1958    39     2.118
1958    40     2.138
1958    41     2.155
1958    42     2.165
1958    43     2.173
1958    44     2.179
1958    45     2.182
1958    46     2.184
1958    47     2.185
1958    48     2.186
1958    49     2.186
1958    50     2.186
1958    51     2.186
1958    52     2.186
1958    53     2.186
1958    54     2.186
1958    55     2.186
1959    12     0.000
1959    13     0.000
1959    14     0.000
1959    15     0.001
1959    16     0.006
1959    17     0.021
1959    18     0.063
1959    19     0.145
1959    20     0.274
1959    21     0.433
1959    22     0.604
1959    23     0.778
1959    24     0.941
1959    25     1.088
1959    26     1.227
1959    27     1.346
1959    28     1.452
1959    29     1.544
1959    30     1.627
1959    31     1.700
1959    32     1.763
1959    33     1.818
1959    34     1.866
1959    35     1.910
1959    36     1.948
1959    37     1.980
1959    38     2.007
1959    39     2.029
1959    40     2.047
1959    41     2.059
1959    42     2.070
1959    43     2.078
1959    44     2.082
1959    45     2.086
1959    46     2.087
1959    47     2.088
1959    48     2.088
1959    49     2.088
1959    50     2.089
1959    51     2.089
1959    52     2.089
1959    53     2.089
1959    54     2.089
1959    55     2.089
1960    12     0.000
1960    13     0.000
1960    14     0.000
1960    15     0.001
1960    16     0.005
1960    17     0.021
1960    18     0.062
1960    19     0.143
1960    20     0.266
1960    21     0.420
1960    22     0.590
1960    23     0.758
1960    24     0.917
1960    25     1.066
1960    26     1.198
1960    27     1.319
1960    28     1.423
1960    29     1.513
1960    30     1.595
1960    31     1.664
1960    32     1.723
1960    33     1.776
1960    34     1.821
1960    35     1.860
1960    36     1.895
1960    37     1.926
1960    38     1.950
1960    39     1.970
1960    40     1.986
1960    41     1.999
1960    42     2.008
1960    43     2.014
1960    44     2.019
1960    45     2.021
1960    46     2.023
1960    47     2.023
1960    48     2.024
1960    49     2.024
1960    50     2.024
1960    51     2.024
1960    52     2.024
1960    53     2.024
1960    54     2.024
1960    55     2.024
1961    12     0.000
1961    13     0.000
1961    14     0.000
1961    15     0.001
1961    16     0.005
1961    17     0.020
1961    18     0.059
1961    19     0.137
1961    20     0.259
1961    21     0.406
1961    22     0.571
1961    23     0.733
1961    24     0.886
1961    25     1.030
1961    26     1.161
1961    27     1.273
1961    28     1.374
1961    29     1.462
1961    30     1.538
1961    31     1.603
1961    32     1.661
1961    33     1.709
1961    34     1.753
1961    35     1.789
1961    36     1.820
1961    37     1.846
1961    38     1.870
1961    39     1.889
1961    40     1.904
1961    41     1.915
1961    42     1.924
1961    43     1.931
1961    44     1.935
1961    45     1.937
1961    46     1.938
1961    47     1.939
1961    48     1.939
1961    49     1.939
1961    50     1.939
1961    51     1.939
1961    52     1.939
1961    53     1.939
1961    54     1.939
1961    55     1.939
1962    12     0.000
1962    13     0.000
1962    14     0.000
1962    15     0.001
1962    16     0.004
1962    17     0.016
1962    18     0.051
1962    19     0.121
1962    20     0.231
1962    21     0.368
1962    22     0.516
1962    23     0.670
1962    24     0.813
1962    25     0.948
1962    26     1.070
1962    27     1.178
1962    28     1.270
1962    29     1.355
1962    30     1.425
1962    31     1.488
1962    32     1.543
1962    33     1.588
1962    34     1.627
1962    35     1.661
1962    36     1.689
1962    37     1.712
1962    38     1.733
1962    39     1.749
1962    40     1.763
1962    41     1.773
1962    42     1.781
1962    43     1.787
1962    44     1.791
1962    45     1.793
1962    46     1.794
1962    47     1.795
1962    48     1.795
1962    49     1.795
1962    50     1.795
1962    51     1.795
1962    52     1.795
1962    53     1.795
1962    54     1.795
1962    55     1.795
1963    12     0.000
1963    13     0.000
1963    14     0.000
1963    15     0.001
1963    16     0.004
1963    17     0.015
1963    18     0.046
1963    19     0.110
1963    20     0.218
1963    21     0.358
1963    22     0.505
1963    23     0.656
1963    24     0.805
1963    25     0.941
1963    26     1.068
1963    27     1.181
1963    28     1.280
1963    29     1.369
1963    30     1.446
1963    31     1.512
1963    32     1.569
1963    33     1.615
1963    34     1.655
1963    35     1.689
1963    36     1.719
1963    37     1.744
1963    38     1.764
1963    39     1.782
1963    40     1.795
1963    41     1.805
1963    42     1.813
1963    43     1.818
1963    44     1.822
1963    45     1.823
1963    46     1.824
1963    47     1.824
1963    48     1.825
1963    49     1.825
1963    50     1.825
1963    51     1.825
1963    52     1.825
1963    53     1.825
1963    54     1.825
1963    55     1.825
1964    12     0.000
1964    13     0.000
1964    14     0.000
1964    15     0.001
1964    16     0.005
1964    17     0.017
1964    18     0.047
1964    19     0.115
1964    20     0.221
1964    21     0.360
1964    22     0.510
1964    23     0.664
1964    24     0.810
1964    25     0.948
1964    26     1.074
1964    27     1.190
1964    28     1.292
1964    29     1.380
1964    30     1.456
1964    31     1.522
1964    32     1.579
1964    33     1.625
1964    34     1.664
1964    35     1.698
1964    36     1.725
1964    37     1.748
1964    38     1.767
1964    39     1.781
1964    40     1.794
1964    41     1.803
1964    42     1.810
1964    43     1.815
1964    44     1.818
1964    45     1.820
1964    46     1.821
1964    47     1.821
1964    48     1.821
1964    49     1.822
1964    50     1.822
1964    51     1.822
1964    52     1.822
1964    53     1.822
1964    54     1.822
1964    55     1.822
1965    12     0.000
1965    13     0.000
1965    14     0.000
1965    15     0.001
1965    16     0.005
1965    17     0.017
1965    18     0.050
1965    19     0.116
1965    20     0.229
1965    21     0.369
1965    22     0.526
1965    23     0.682
1965    24     0.832
1965    25     0.968
1965    26     1.095
1965    27     1.206
1965    28     1.307
1965    29     1.397
1965    30     1.474
1965    31     1.541
1965    32     1.596
1965    33     1.642
1965    34     1.681
1965    35     1.714
1965    36     1.741
1965    37     1.762
1965    38     1.779
1965    39     1.794
1965    40     1.805
1965    41     1.814
1965    42     1.821
1965    43     1.825
1965    44     1.828
1965    45     1.829
1965    46     1.830
1965    47     1.831
1965    48     1.831
1965    49     1.831
1965    50     1.831
1965    51     1.831
1965    52     1.831
1965    53     1.831
1965    54     1.831
1965    55     1.831
1966    12     0.000
1966    13     0.000
1966    14     0.000
1966    15     0.001
1966    16     0.005
1966    17     0.019
1966    18     0.054
1966    19     0.124
1966    20     0.240
1966    21     0.388
1966    22     0.550
1966    23     0.714
1966    24     0.865
1966    25     1.009
1966    26     1.139
1966    27     1.258
1966    28     1.364
1966    29     1.454
1966    30     1.535
1966    31     1.601
1966    32     1.659
1966    33     1.706
1966    34     1.745
1966    35     1.780
1966    36     1.807
1966    37     1.830
1966    38     1.848
1966    39     1.863
1966    40     1.874
1966    41     1.882
1966    42     1.888
1966    43     1.893
1966    44     1.895
1966    45     1.897
1966    46     1.898
1966    47     1.899
1966    48     1.899
1966    49     1.899
1966    50     1.899
1966    51     1.899
1966    52     1.899
1966    53     1.899
1966    54     1.899
1966    55     1.899
1967    12     0.000
1967    13     0.000
1967    14     0.000
1967    15     0.001
1967    16     0.006
1967    17     0.019
1967    18     0.056
1967    19     0.132
1967    20     0.259
1967    21     0.415
1967    22     0.583
1967    23     0.751
1967    24     0.919
1967    25     1.071
1967    26     1.212
1967    27     1.338
1967    28     1.451
1967    29     1.549
1967    30     1.635
1967    31     1.711
1967    32     1.773
1967    33     1.825
1967    34     1.868
1967    35     1.903
1967    36     1.933
1967    37     1.956
1967    38     1.975
1967    39     1.990
1967    40     2.002
1967    41     2.011
1967    42     2.017
1967    43     2.021
1967    44     2.024
1967    45     2.025
1967    46     2.026
1967    47     2.027
1967    48     2.027
1967    49     2.027
1967    50     2.027
1967    51     2.027
1967    52     2.027
1967    53     2.027
1967    54     2.027
1967    55     2.027
1968    12     0.000
1968    13     0.000
1968    14     0.000
1968    15     0.001
1968    16     0.005
1968    17     0.020
1968    18     0.058
1968    19     0.138
1968    20     0.266
1968    21     0.429
1968    22     0.602
1968    23     0.775
1968    24     0.941
1968    25     1.098
1968    26     1.242
1968    27     1.374
1968    28     1.491
1968    29     1.594
1968    30     1.684
1968    31     1.759
1968    32     1.824
1968    33     1.877
1968    34     1.921
1968    35     1.957
1968    36     1.987
1968    37     2.011
1968    38     2.030
1968    39     2.045
1968    40     2.057
1968    41     2.065
1968    42     2.072
1968    43     2.076
1968    44     2.078
1968    45     2.079
1968    46     2.080
1968    47     2.080
1968    48     2.081
1968    49     2.081
1968    50     2.081
1968    51     2.081
1968    52     2.081
1968    53     2.081
1968    54     2.081
1968    55     2.081
1969    12     0.000
1969    13     0.000
1969    14     0.000
1969    15     0.001
1969    16     0.006
1969    17     0.019
1969    18     0.056
1969    19     0.136
1969    20     0.273
1969    21     0.437
1969    22     0.609
1969    23     0.777
1969    24     0.941
1969    25     1.092
1969    26     1.234
1969    27     1.359
1969    28     1.471
1969    29     1.571
1969    30     1.658
1969    31     1.732
1969    32     1.795
1969    33     1.849
1969    34     1.893
1969    35     1.928
1969    36     1.958
1969    37     1.981
1969    38     2.001
1969    39     2.015
1969    40     2.027
1969    41     2.036
1969    42     2.042
1969    43     2.046
1969    44     2.048
1969    45     2.050
1969    46     2.051
1969    47     2.051
1969    48     2.051
1969    49     2.051
1969    50     2.051
1969    51     2.052
1969    52     2.052
1969    53     2.052
1969    54     2.052
1969    55     2.052
1970    12     0.000
1970    13     0.000
1970    14     0.000
1970    15     0.002
1970    16     0.007
1970    17     0.020
1970    18     0.057
1970    19     0.137
1970    20     0.266
1970    21     0.429
1970    22     0.598
1970    23     0.765
1970    24     0.921
1970    25     1.067
1970    26     1.204
1970    27     1.328
1970    28     1.438
1970    29     1.534
1970    30     1.615
1970    31     1.685
1970    32     1.747
1970    33     1.797
1970    34     1.838
1970    35     1.873
1970    36     1.901
1970    37     1.922
1970    38     1.941
1970    39     1.955
1970    40     1.966
1970    41     1.974
1970    42     1.979
1970    43     1.983
1970    44     1.986
1970    45     1.987
1970    46     1.988
1970    47     1.988
1970    48     1.989
1970    49     1.989
1970    50     1.989
1970    51     1.989
1970    52     1.989
1970    53     1.989
1970    54     1.989
1970    55     1.989
1971    12     0.000
1971    13     0.000
1971    14     0.001
1971    15     0.002
1971    16     0.008
1971    17     0.024
1971    18     0.061
1971    19     0.138
1971    20     0.266
1971    21     0.427
1971    22     0.595
1971    23     0.761
1971    24     0.914
1971    25     1.056
1971    26     1.186
1971    27     1.302
1971    28     1.409
1971    29     1.502
1971    30     1.580
1971    31     1.647
1971    32     1.705
1971    33     1.755
1971    34     1.795
1971    35     1.829
1971    36     1.855
1971    37     1.878
1971    38     1.894
1971    39     1.908
1971    40     1.919
1971    41     1.927
1971    42     1.933
1971    43     1.936
1971    44     1.938
1971    45     1.940
1971    46     1.940
1971    47     1.940
1971    48     1.941
1971    49     1.941
1971    50     1.941
1971    51     1.941
1971    52     1.941
1971    53     1.941
1971    54     1.941
1971    55     1.941
1972    12     0.000
1972    13     0.000
1972    14     0.001
1972    15     0.002
1972    16     0.009
1972    17     0.026
1972    18     0.066
1972    19     0.139
1972    20     0.267
1972    21     0.425
1972    22     0.593
1972    23     0.760
1972    24     0.916
1972    25     1.061
1972    26     1.195
1972    27     1.313
1972    28     1.420
1972    29     1.512
1972    30     1.591
1972    31     1.657
1972    32     1.713
1972    33     1.760
1972    34     1.799
1972    35     1.830
1972    36     1.855
1972    37     1.877
1972    38     1.893
1972    39     1.908
1972    40     1.918
1972    41     1.926
1972    42     1.931
1972    43     1.935
1972    44     1.937
1972    45     1.938
1972    46     1.939
1972    47     1.939
1972    48     1.940
1972    49     1.940
1972    50     1.940
1972    51     1.940
1972    52     1.940
1972    53     1.940
1972    54     1.940
1972    55     1.940
1973    12     0.000
1973    13     0.000
1973    14     0.000
1973    15     0.002
1973    16     0.009
1973    17     0.028
1973    18     0.069
1973    19     0.149
1973    20     0.271
1973    21     0.422
1973    22     0.589
1973    23     0.756
1973    24     0.914
1973    25     1.063
1973    26     1.197
1973    27     1.315
1973    28     1.421
1973    29     1.510
1973    30     1.591
1973    31     1.657
1973    32     1.713
1973    33     1.760
1973    34     1.800
1973    35     1.832
1973    36     1.859
1973    37     1.880
1973    38     1.898
1973    39     1.911
1973    40     1.921
1973    41     1.929
1973    42     1.934
1973    43     1.938
1973    44     1.940
1973    45     1.941
1973    46     1.942
1973    47     1.942
1973    48     1.942
1973    49     1.942
1973    50     1.942
1973    51     1.942
1973    52     1.942
1973    53     1.942
1973    54     1.942
1973    55     1.942
1974    12     0.000
1974    13     0.000
1974    14     0.000
1974    15     0.003
1974    16     0.010
1974    17     0.032
1974    18     0.081
1974    19     0.169
1974    20     0.309
1974    21     0.477
1974    22     0.663
1974    23     0.859
1974    24     1.046
1974    25     1.220
1974    26     1.384
1974    27     1.528
1974    28     1.658
1974    29     1.770
1974    30     1.866
1974    31     1.949
1974    32     2.018
1974    33     2.077
1974    34     2.123
1974    35     2.164
1974    36     2.195
1974    37     2.219
1974    38     2.238
1974    39     2.253
1974    40     2.265
1974    41     2.273
1974    42     2.279
1974    43     2.283
1974    44     2.286
1974    45     2.287
1974    46     2.288
1974    47     2.288
1974    48     2.288
1974    49     2.288
1974    50     2.288
1974    51     2.288
1974    52     2.288
1974    53     2.288
1974    54     2.288
1974    55     2.288
1975    12     0.000
1975    13     0.000
1975    14     0.000
1975    15     0.003
1975    16     0.012
1975    17     0.037
1975    18     0.092
1975    19     0.194
1975    20     0.339
1975    21     0.514
1975    22     0.698
1975    23     0.891
1975    24     1.083
1975    25     1.263
1975    26     1.432
1975    27     1.584
1975    28     1.717
1975    29     1.831
1975    30     1.933
1975    31     2.019
1975    32     2.092
1975    33     2.153
1975    34     2.204
1975    35     2.242
1975    36     2.274
1975    37     2.299
1975    38     2.318
1975    39     2.333
1975    40     2.343
1975    41     2.352
1975    42     2.358
1975    43     2.361
1975    44     2.363
1975    45     2.365
1975    46     2.365
1975    47     2.366
1975    48     2.366
1975    49     2.366
1975    50     2.366
1975    51     2.366
1975    52     2.366
1975    53     2.366
1975    54     2.366
1975    55     2.366
1976    12     0.000
1976    13     0.000
1976    14     0.000
1976    15     0.003
1976    16     0.012
1976    17     0.040
1976    18     0.100
1976    19     0.206
1976    20     0.357
1976    21     0.532
1976    22     0.718
1976    23     0.903
1976    24     1.082
1976    25     1.252
1976    26     1.406
1976    27     1.544
1976    28     1.665
1976    29     1.771
1976    30     1.862
1976    31     1.939
1976    32     2.003
1976    33     2.058
1976    34     2.102
1976    35     2.138
1976    36     2.165
1976    37     2.188
1976    38     2.205
1976    39     2.219
1976    40     2.229
1976    41     2.237
1976    42     2.242
1976    43     2.246
1976    44     2.247
1976    45     2.249
1976    46     2.249
1976    47     2.249
1976    48     2.250
1976    49     2.250
1976    50     2.250
1976    51     2.250
1976    52     2.250
1976    53     2.250
1976    54     2.250
1976    55     2.250
1977    12     0.000
1977    13     0.000
1977    14     0.000
1977    15     0.003
1977    16     0.013
1977    17     0.041
1977    18     0.105
1977    19     0.208
1977    20     0.355
1977    21     0.530
1977    22     0.710
1977    23     0.890
1977    24     1.063
1977    25     1.222
1977    26     1.372
1977    27     1.503
1977    28     1.618
1977    29     1.718
1977    30     1.802
1977    31     1.874
1977    32     1.935
1977    33     1.986
1977    34     2.027
1977    35     2.061
1977    36     2.089
1977    37     2.110
1977    38     2.125
1977    39     2.138
1977    40     2.147
1977    41     2.154
1977    42     2.160
1977    43     2.163
1977    44     2.166
1977    45     2.167
1977    46     2.168
1977    47     2.168
1977    48     2.168
1977    49     2.168
1977    50     2.168
1977    51     2.168
1977    52     2.168
1977    53     2.168
1977    54     2.168
1977    55     2.168
1978    12     0.000
1978    13     0.000
1978    14     0.001
1978    15     0.003
1978    16     0.013
1978    17     0.043
1978    18     0.106
1978    19     0.211
1978    20     0.356
1978    21     0.527
1978    22     0.707
1978    23     0.884
1978    24     1.051
1978    25     1.207
1978    26     1.347
1978    27     1.470
1978    28     1.577
1978    29     1.668
1978    30     1.744
1978    31     1.812
1978    32     1.868
1978    33     1.914
1978    34     1.952
1978    35     1.982
1978    36     2.006
1978    37     2.026
1978    38     2.040
1978    39     2.052
1978    40     2.061
1978    41     2.067
1978    42     2.071
1978    43     2.075
1978    44     2.077
1978    45     2.077
1978    46     2.078
1978    47     2.078
1978    48     2.078
1978    49     2.078
1978    50     2.078
1978    51     2.078
1978    52     2.078
1978    53     2.078
1978    54     2.078
1978    55     2.078
1979    12     0.000
1979    13     0.000
1979    14     0.001
1979    15     0.003
1979    16     0.013
1979    17     0.042
1979    18     0.107
1979    19     0.211
1979    20     0.356
1979    21     0.525
1979    22     0.701
1979    23     0.875
1979    24     1.040
1979    25     1.191
1979    26     1.329
1979    27     1.450
1979    28     1.552
1979    29     1.639
1979    30     1.714
1979    31     1.774
1979    32     1.825
1979    33     1.866
1979    34     1.901
1979    35     1.927
1979    36     1.951
1979    37     1.969
1979    38     1.983
1979    39     1.993
1979    40     2.001
1979    41     2.007
1979    42     2.011
1979    43     2.014
1979    44     2.015
1979    45     2.017
1979    46     2.017
1979    47     2.017
1979    48     2.018
1979    49     2.018
1979    50     2.018
1979    51     2.018
1979    52     2.018
1979    53     2.018
1979    54     2.018
1979    55     2.018
1980    12     0.000
1980    13     0.000
1980    14     0.001
1980    15     0.004
1980    16     0.014
1980    17     0.043
1980    18     0.103
1980    19     0.204
1980    20     0.340
1980    21     0.499
1980    22     0.667
1980    23     0.833
1980    24     0.991
1980    25     1.138
1980    26     1.265
1980    27     1.380
1980    28     1.477
1980    29     1.560
1980    30     1.631
1980    31     1.687
1980    32     1.734
1980    33     1.774
1980    34     1.805
1980    35     1.832
1980    36     1.853
1980    37     1.870
1980    38     1.882
1980    39     1.892
1980    40     1.899
1980    41     1.905
1980    42     1.909
1980    43     1.911
1980    44     1.913
1980    45     1.914
1980    46     1.914
1980    47     1.915
1980    48     1.915
1980    49     1.915
1980    50     1.915
1980    51     1.915
1980    52     1.915
1980    53     1.915
1980    54     1.915
1980    55     1.915
1981    12     0.000
1981    13     0.000
1981    14     0.000
1981    15     0.003
1981    16     0.012
1981    17     0.038
1981    18     0.095
1981    19     0.186
1981    20     0.318
1981    21     0.471
1981    22     0.635
1981    23     0.798
1981    24     0.955
1981    25     1.101
1981    26     1.233
1981    27     1.348
1981    28     1.448
1981    29     1.532
1981    30     1.602
1981    31     1.659
1981    32     1.706
1981    33     1.746
1981    34     1.777
1981    35     1.802
1981    36     1.822
1981    37     1.838
1981    38     1.850
1981    39     1.859
1981    40     1.867
1981    41     1.872
1981    42     1.876
1981    43     1.879
1981    44     1.880
1981    45     1.881
1981    46     1.882
1981    47     1.882
1981    48     1.882
1981    49     1.882
1981    50     1.882
1981    51     1.882
1981    52     1.882
1981    53     1.882
1981    54     1.882
1981    55     1.882
1982    12     0.000
1982    13     0.000
1982    14     0.000
1982    15     0.003
1982    16     0.012
1982    17     0.037
1982    18     0.090
1982    19     0.178
1982    20     0.303
1982    21     0.450
1982    22     0.604
1982    23     0.761
1982    24     0.911
1982    25     1.054
1982    26     1.182
1982    27     1.293
1982    28     1.388
1982    29     1.470
1982    30     1.537
1982    31     1.594
1982    32     1.639
1982    33     1.675
1982    34     1.705
1982    35     1.730
1982    36     1.750
1982    37     1.765
1982    38     1.776
1982    39     1.785
1982    40     1.792
1982    41     1.797
1982    42     1.800
1982    43     1.803
1982    44     1.804
1982    45     1.805
1982    46     1.805
1982    47     1.806
1982    48     1.806
1982    49     1.806
1982    50     1.806
1982    51     1.806
1982    52     1.806
1982    53     1.806
1982    54     1.806
1982    55     1.806
1983    12     0.000
1983    13     0.000
1983    14     0.000
1983    15     0.003
1983    16     0.012
1983    17     0.036
1983    18     0.083
1983    19     0.164
1983    20     0.281
1983    21     0.420
1983    22     0.573
1983    23     0.723
1983    24     0.873
1983    25     1.014
1983    26     1.143
1983    27     1.256
1983    28     1.352
1983    29     1.432
1983    30     1.499
1983    31     1.554
1983    32     1.599
1983    33     1.635
1983    34     1.664
1983    35     1.688
1983    36     1.707
1983    37     1.722
1983    38     1.733
1983    39     1.742
1983    40     1.748
1983    41     1.753
1983    42     1.756
1983    43     1.759
1983    44     1.760
1983    45     1.761
1983    46     1.761
1983    47     1.761
1983    48     1.761
1983    49     1.761
1983    50     1.761
1983    51     1.761
1983    52     1.761
1983    53     1.761
1983    54     1.761
1983    55     1.761
1984    12     0.000
1984    13     0.000
1984    14     0.000
1984    15     0.003
1984    16     0.012
1984    17     0.038
1984    18     0.086
1984    19     0.165
1984    20     0.278
1984    21     0.416
1984    22     0.567
1984    23     0.723
1984    24     0.874
1984    25     1.017
1984    26     1.146
1984    27     1.261
1984    28     1.359
1984    29     1.440
1984    30     1.507
1984    31     1.564
1984    32     1.610
1984    33     1.648
1984    34     1.678
1984    35     1.702
1984    36     1.721
1984    37     1.736
1984    38     1.747
1984    39     1.756
1984    40     1.762
1984    41     1.766
1984    42     1.770
1984    43     1.772
1984    44     1.773
1984    45     1.774
1984    46     1.774
1984    47     1.774
1984    48     1.774
1984    49     1.774
1984    50     1.774
1984    51     1.774
1984    52     1.774
1984    53     1.774
1984    54     1.774
1984    55     1.774
1985    12     0.000
1985    13     0.000
1985    14     0.000
1985    15     0.003
1985    16     0.013
1985    17     0.037
1985    18     0.084
1985    19     0.161
1985    20     0.273
1985    21     0.411
1985    22     0.567
1985    23     0.732
1985    24     0.893
1985    25     1.047
1985    26     1.188
1985    27     1.312
1985    28     1.418
1985    29     1.507
1985    30     1.580
1985    31     1.641
1985    32     1.690
1985    33     1.732
1985    34     1.766
1985    35     1.794
1985    36     1.815
1985    37     1.832
1985    38     1.845
1985    39     1.854
1985    40     1.861
1985    41     1.866
1985    42     1.869
1985    43     1.871
1985    44     1.873
1985    45     1.873
1985    46     1.874
1985    47     1.874
1985    48     1.874
1985    49     1.874
1985    50     1.874
1985    51     1.874
1985    52     1.874
1985    53     1.874
1985    54     1.874
1985    55     1.874
1986    12     0.000
1986    13     0.000
1986    14     0.000
1986    15     0.003
1986    16     0.012
1986    17     0.033
1986    18     0.075
1986    19     0.146
1986    20     0.253
1986    21     0.387
1986    22     0.538
1986    23     0.696
1986    24     0.855
1986    25     1.011
1986    26     1.153
1986    27     1.280
1986    28     1.391
1986    29     1.484
1986    30     1.562
1986    31     1.626
1986    32     1.678
1986    33     1.720
1986    34     1.754
1986    35     1.782
1986    36     1.805
1986    37     1.823
1986    38     1.837
1986    39     1.847
1986    40     1.855
1986    41     1.860
1986    42     1.864
1986    43     1.866
1986    44     1.867
1986    45     1.868
1986    46     1.868
1986    47     1.868
1986    48     1.869
1986    49     1.869
1986    50     1.869
1986    51     1.869
1986    52     1.869
1986    53     1.869
1986    54     1.869
1986    55     1.869
1987    12     0.000
1987    13     0.000
1987    14     0.000
1987    15     0.002
1987    16     0.010
1987    17     0.031
1987    18     0.071
1987    19     0.139
1987    20     0.240
1987    21     0.367
1987    22     0.513
1987    23     0.671
1987    24     0.831
1987    25     0.986
1987    26     1.130
1987    27     1.255
1987    28     1.365
1987    29     1.460
1987    30     1.537
1987    31     1.603
1987    32     1.657
1987    33     1.700
1987    34     1.735
1987    35     1.765
1987    36     1.788
1987    37     1.806
1987    38     1.820
1987    39     1.831
1987    40     1.839
1987    41     1.844
1987    42     1.849
1987    43     1.851
1987    44     1.852
1987    45     1.853
1987    46     1.853
1987    47     1.853
1987    48     1.853
1987    49     1.854
1987    50     1.854
1987    51     1.854
1987    52     1.854
1987    53     1.854
1987    54     1.854
1987    55     1.854
1988    12     0.000
1988    13     0.000
1988    14     0.000
1988    15     0.002
1988    16     0.009
1988    17     0.029
1988    18     0.067
1988    19     0.128
1988    20     0.226
1988    21     0.351
1988    22     0.494
1988    23     0.651
1988    24     0.811
1988    25     0.963
1988    26     1.109
1988    27     1.240
1988    28     1.354
1988    29     1.449
1988    30     1.529
1988    31     1.596
1988    32     1.650
1988    33     1.693
1988    34     1.728
1988    35     1.757
1988    36     1.780
1988    37     1.799
1988    38     1.812
1988    39     1.823
1988    40     1.831
1988    41     1.837
1988    42     1.840
1988    43     1.843
1988    44     1.844
1988    45     1.845
1988    46     1.845
1988    47     1.846
1988    48     1.846
1988    49     1.846
1988    50     1.846
1988    51     1.846
1988    52     1.846
1988    53     1.846
1988    54     1.846
1988    55     1.846
1989    12     0.000
1989    13     0.000
1989    14     0.000
1989    15     0.002
1989    16     0.009
1989    17     0.027
1989    18     0.061
1989    19     0.120
1989    20     0.213
1989    21     0.333
1989    22     0.472
1989    23     0.626
1989    24     0.786
1989    25     0.942
1989    26     1.089
1989    27     1.221
1989    28     1.336
1989    29     1.435
1989    30     1.514
1989    31     1.582
1989    32     1.637
1989    33     1.681
1989    34     1.717
1989    35     1.746
1989    36     1.771
1989    37     1.790
1989    38     1.804
1989    39     1.815
1989    40     1.823
1989    41     1.829
1989    42     1.833
1989    43     1.835
1989    44     1.837
1989    45     1.838
1989    46     1.838
1989    47     1.838
1989    48     1.838
1989    49     1.838
1989    50     1.838
1989    51     1.838
1989    52     1.838
1989    53     1.838
1989    54     1.838
1989    55     1.838
1990    12     0.000
1990    13     0.000
1990    14     0.000
1990    15     0.003
1990    16     0.009
1990    17     0.027
1990    18     0.061
1990    19     0.120
1990    20     0.215
1990    21     0.338
1990    22     0.480
1990    23     0.633
1990    24     0.793
1990    25     0.952
1990    26     1.102
1990    27     1.235
1990    28     1.350
1990    29     1.450
1990    30     1.532
1990    31     1.602
1990    32     1.659
1990    33     1.705
1990    34     1.743
1990    35     1.773
1990    36     1.797
1990    37     1.817
1990    38     1.833
1990    39     1.844
1990    40     1.853
1990    41     1.859
1990    42     1.863
1990    43     1.865
1990    44     1.866
1990    45     1.867
1990    46     1.868
1990    47     1.868
1990    48     1.868
1990    49     1.868
1990    50     1.868
1990    51     1.868
1990    52     1.868
1990    53     1.868
1990    54     1.868
1990    55     1.868
1991    12     0.000
1991    13     0.000
1991    14     0.000
1991    15     0.003
1991    16     0.010
1991    17     0.026
1991    18     0.060
1991    19     0.117
1991    20     0.209
1991    21     0.328
1991    22     0.466
1991    23     0.620
1991    24     0.781
1991    25     0.938
1991    26     1.091
1991    27     1.223
1991    28     1.341
1991    29     1.440
1991    30     1.524
1991    31     1.597
1991    32     1.656
1991    33     1.705
1991    34     1.744
1991    35     1.776
1991    36     1.802
1991    37     1.822
1991    38     1.837
1991    39     1.850
1991    40     1.859
1991    41     1.865
1991    42     1.869
1991    43     1.872
1991    44     1.874
1991    45     1.875
1991    46     1.875
1991    47     1.875
1991    48     1.875
1991    49     1.875
1991    50     1.875
1991    51     1.875
1991    52     1.875
1991    53     1.875
1991    54     1.875
1991    55     1.875
1992    12     0.000
1992    13     0.000
1992    14     0.001
1992    15     0.003
1992    16     0.009
1992    17     0.025
1992    18     0.053
1992    19     0.107
1992    20     0.191
1992    21     0.304
1992    22     0.433
1992    23     0.575
1992    24     0.723
1992    25     0.871
1992    26     1.014
1992    27     1.142
1992    28     1.256
1992    29     1.352
1992    30     1.434
1992    31     1.504
1992    32     1.560
1992    33     1.607
1992    34     1.645
1992    35     1.676
1992    36     1.703
1992    37     1.723
1992    38     1.738
1992    39     1.750
1992    40     1.759
1992    41     1.766
1992    42     1.770
1992    43     1.773
1992    44     1.774
1992    45     1.775
1992    46     1.775
1992    47     1.776
1992    48     1.776
1992    49     1.776
1992    50     1.776
1992    51     1.776
1992    52     1.776
1992    53     1.776
1992    54     1.776
1992    55     1.776
1993    12     0.000
1993    13     0.000
1993    14     0.000
1993    15     0.003
1993    16     0.009
1993    17     0.024
1993    18     0.052
1993    19     0.098
1993    20     0.175
1993    21     0.276
1993    22     0.390
1993    23     0.521
1993    24     0.655
1993    25     0.792
1993    26     0.927
1993    27     1.051
1993    28     1.164
1993    29     1.262
1993    30     1.344
1993    31     1.414
1993    32     1.470
1993    33     1.517
1993    34     1.555
1993    35     1.587
1993    36     1.613
1993    37     1.633
1993    38     1.649
1993    39     1.660
1993    40     1.669
1993    41     1.676
1993    42     1.681
1993    43     1.683
1993    44     1.685
1993    45     1.686
1993    46     1.686
1993    47     1.686
1993    48     1.686
1993    49     1.687
1993    50     1.687
1993    51     1.687
1993    52     1.687
1993    53     1.687
1993    54     1.687
1993    55     1.687
1994    12     0.000
1994    13     0.000
1994    14     0.000
1994    15     0.003
1994    16     0.010
1994    17     0.025
1994    18     0.052
1994    19     0.098
1994    20     0.165
1994    21     0.256
1994    22     0.363
1994    23     0.483
1994    24     0.612
1994    25     0.742
1994    26     0.875
1994    27     0.997
1994    28     1.106
1994    29     1.203
1994    30     1.284
1994    31     1.354
1994    32     1.411
1994    33     1.460
1994    34     1.502
1994    35     1.535
1994    36     1.563
1994    37     1.585
1994    38     1.602
1994    39     1.615
1994    40     1.624
1994    41     1.631
1994    42     1.636
1994    43     1.638
1994    44     1.640
1994    45     1.641
1994    46     1.641
1994    47     1.641
1994    48     1.641
1994    49     1.642
1994    50     1.642
1994    51     1.642
1994    52     1.642
1994    53     1.642
1994    54     1.642
1994    55     1.642
1995    12     0.000
1995    13     0.000
1995    14     0.000
1995    15     0.003
1995    16     0.009
1995    17     0.025
1995    18     0.051
1995    19     0.092
1995    20     0.154
1995    21     0.234
1995    22     0.331
1995    23     0.442
1995    24     0.561
1995    25     0.686
1995    26     0.811
1995    27     0.932
1995    28     1.043
1995    29     1.138
1995    30     1.220
1995    31     1.290
1995    32     1.348
1995    33     1.396
1995    34     1.435
1995    35     1.468
1995    36     1.494
1995    37     1.516
1995    38     1.533
1995    39     1.545
1995    40     1.554
1995    41     1.561
1995    42     1.565
1995    43     1.568
1995    44     1.570
1995    45     1.571
1995    46     1.571
1995    47     1.571
1995    48     1.571
1995    49     1.571
1995    50     1.571
1995    51     1.571
1995    52     1.571
1995    53     1.571
1995    54     1.571
1995    55     1.571
1996    12     0.000
1996    13     0.000
1996    14     0.000
1996    15     0.003
1996    16     0.009
1996    17     0.023
1996    18     0.048
1996    19     0.088
1996    20     0.144
1996    21     0.214
1996    22     0.300
1996    23     0.398
1996    24     0.507
1996    25     0.621
1996    26     0.733
1996    27     0.843
1996    28     0.944
1996    29     1.036
1996    30     1.116
1996    31     1.184
1996    32     1.240
1996    33     1.285
1996    34     1.324
1996    35     1.356
1996    36     1.383
1996    37     1.404
1996    38     1.420
1996    39     1.432
1996    40     1.441
1996    41     1.448
1996    42     1.452
1996    43     1.455
1996    44     1.457
1996    45     1.458
1996    46     1.458
1996    47     1.458
1996    48     1.458
1996    49     1.458
1996    50     1.458
1996    51     1.458
1996    52     1.458
1996    53     1.458
1996    54     1.458
1996    55     1.458
1997    12     0.000
1997    13     0.000
1997    14     0.001
1997    15     0.002
1997    16     0.008
1997    17     0.023
1997    18     0.046
1997    19     0.082
1997    20     0.133
1997    21     0.197
1997    22     0.275
1997    23     0.361
1997    24     0.459
1997    25     0.563
1997    26     0.669
1997    27     0.772
1997    28     0.871
1997    29     0.960
1997    30     1.038
1997    31     1.104
1997    32     1.160
1997    33     1.205
1997    34     1.243
1997    35     1.274
1997    36     1.302
1997    37     1.323
1997    38     1.338
1997    39     1.351
1997    40     1.360
1997    41     1.367
1997    42     1.371
1997    43     1.374
1997    44     1.376
1997    45     1.377
1997    46     1.377
1997    47     1.377
1997    48     1.377
1997    49     1.377
1997    50     1.377
1997    51     1.377
1997    52     1.377
1997    53     1.377
1997    54     1.377
1997    55     1.377
1998    12     0.000
1998    13     0.000
1998    14     0.000
1998    15     0.002
1998    16     0.007
1998    17     0.020
1998    18     0.042
1998    19     0.077
1998    20     0.125
1998    21     0.182
1998    22     0.252
1998    23     0.331
1998    24     0.420
1998    25     0.517
1998    26     0.618
1998    27     0.721
1998    28     0.817
1998    29     0.906
1998    30     0.984
1998    31     1.052
1998    32     1.108
1998    33     1.155
1998    34     1.193
1998    35     1.225
1998    36     1.251
1998    37     1.272
1998    38     1.287
1998    39     1.301
1998    40     1.310
1998    41     1.317
1998    42     1.321
1998    43     1.324
1998    44     1.325
1998    45     1.326
1998    46     1.326
1998    47     1.326
1998    48     1.327
1998    49     1.327
1998    50     1.327
1998    51     1.327
1998    52     1.327
1998    53     1.327
1998    54     1.327
1998    55     1.327
1999    12     0.000
1999    13     0.000
1999    14     0.000
1999    15     0.002
1999    16     0.007
1999    17     0.019
1999    18     0.039
1999    19     0.071
1999    20     0.113
1999    21     0.168
1999    22     0.231
1999    23     0.304
1999    24     0.386
1999    25     0.476
1999    26     0.573
1999    27     0.669
1999    28     0.765
1999    29     0.853
1999    30     0.932
1999    31     1.001
1999    32     1.058
1999    33     1.107
1999    34     1.147
1999    35     1.180
1999    36     1.206
1999    37     1.228
1999    38     1.245
1999    39     1.258
1999    40     1.267
1999    41     1.274
1999    42     1.278
1999    43     1.281
1999    44     1.283
1999    45     1.283
1999    46     1.284
1999    47     1.284
1999    48     1.284
1999    49     1.284
1999    50     1.284
1999    51     1.284
1999    52     1.284
1999    53     1.284
1999    54     1.284
1999    55     1.284
2000    12     0.000
2000    13     0.000
2000    14     0.000
2000    15     0.002
2000    16     0.007
2000    17     0.019
2000    18     0.039
2000    19     0.071
2000    20     0.115
2000    21     0.167
2000    22     0.228
2000    23     0.297
2000    24     0.376
2000    25     0.463
2000    26     0.556
2000    27     0.657
2000    28     0.756
2000    29     0.850
2000    30     0.936
2000    31     1.010
2000    32     1.073
2000    33     1.126
2000    34     1.170
2000    35     1.205
2000    36     1.236
2000    37     1.259
2000    38     1.278
2000    39     1.292
2000    40     1.303
2000    41     1.310
2000    42     1.315
2000    43     1.318
2000    44     1.320
2000    45     1.320
2000    46     1.321
2000    47     1.321
2000    48     1.321
2000    49     1.321
2000    50     1.321
2000    51     1.321
2000    52     1.321
2000    53     1.321
2000    54     1.321
2000    55     1.321
2001    12     0.000
2001    13     0.000
2001    14     0.000
2001    15     0.002
2001    16     0.007
2001    17     0.019
2001    18     0.039
2001    19     0.070
2001    20     0.110
2001    21     0.158
2001    22     0.213
2001    23     0.277
2001    24     0.351
2001    25     0.432
2001    26     0.523
2001    27     0.618
2001    28     0.715
2001    29     0.809
2001    30     0.895
2001    31     0.973
2001    32     1.040
2001    33     1.098
2001    34     1.145
2001    35     1.185
2001    36     1.217
2001    37     1.243
2001    38     1.263
2001    39     1.278
2001    40     1.290
2001    41     1.298
2001    42     1.303
2001    43     1.306
2001    44     1.308
2001    45     1.309
2001    46     1.310
2001    47     1.310
2001    48     1.310
2001    49     1.310
2001    50     1.310
2001    51     1.310
2001    52     1.310
2001    53     1.310
2001    54     1.310
2001    55     1.310
2002    12     0.000
2002    13     0.000
2002    14     0.000
2002    15     0.002
2002    16     0.007
2002    17     0.019
2002    18     0.040
2002    19     0.070
2002    20     0.108
2002    21     0.155
2002    22     0.207
2002    23     0.265
2002    24     0.332
2002    25     0.409
2002    26     0.493
2002    27     0.587
2002    28     0.683
2002    29     0.779
2002    30     0.870
2002    31     0.952
2002    32     1.022
2002    33     1.081
2002    34     1.130
2002    35     1.171
2002    36     1.205
2002    37     1.232
2002    38     1.253
2002    39     1.270
2002    40     1.282
2002    41     1.291
2002    42     1.296
2002    43     1.300
2002    44     1.302
2002    45     1.303
2002    46     1.303
2002    47     1.303
2002    48     1.303
2002    49     1.303
2002    50     1.303
2002    51     1.303
2002    52     1.303
2002    53     1.303
2002    54     1.303
2002    55     1.303
2003    12     0.000
2003    13     0.000
2003    14     0.000
2003    15     0.002
2003    16     0.007
2003    17     0.020
2003    18     0.038
2003    19     0.067
2003    20     0.104
2003    21     0.148
2003    22     0.196
2003    23     0.252
2003    24     0.314
2003    25     0.384
2003    26     0.463
2003    27     0.551
2003    28     0.643
2003    29     0.737
2003    30     0.826
2003    31     0.908
2003    32     0.978
2003    33     1.039
2003    34     1.093
2003    35     1.137
2003    36     1.173
2003    37     1.201
2003    38     1.223
2003    39     1.239
2003    40     1.251
2003    41     1.260
2003    42     1.265
2003    43     1.269
2003    44     1.271
2003    45     1.272
2003    46     1.272
2003    47     1.272
2003    48     1.272
2003    49     1.272
2003    50     1.272
2003    51     1.272
2003    52     1.272
2003    53     1.272
2003    54     1.272
2003    55     1.272
2004    12     0.000
2004    13     0.000
2004    14     0.000
2004    15     0.002
2004    16     0.008
2004    17     0.020
2004    18     0.040
2004    19     0.067
2004    20     0.104
2004    21     0.143
2004    22     0.188
2004    23     0.237
2004    24     0.293
2004    25     0.360
2004    26     0.435
2004    27     0.521
2004    28     0.612
2004    29     0.708
2004    30     0.799
2004    31     0.886
2004    32     0.963
2004    33     1.030
2004    34     1.084
2004    35     1.130
2004    36     1.169
2004    37     1.199
2004    38     1.222
2004    39     1.240
2004    40     1.253
2004    41     1.263
2004    42     1.269
2004    43     1.273
2004    44     1.275
2004    45     1.276
2004    46     1.276
2004    47     1.276
2004    48     1.276
2004    49     1.276
2004    50     1.276
2004    51     1.276
2004    52     1.276
2004    53     1.276
2004    54     1.276
2004    55     1.276
2005    12     0.000
2005    13     0.000
2005    14     0.000
2005    15     0.002
2005    16     0.008
2005    17     0.020
2005    18     0.040
2005    19     0.067
2005    20     0.100
2005    21     0.140
2005    22     0.182
2005    23     0.231
2005    24     0.286
2005    25     0.349
2005    26     0.423
2005    27     0.506
2005    28     0.598
2005    29     0.696
2005    30     0.793
2005    31     0.884
2005    32     0.965
2005    33     1.036
2005    34     1.095
2005    35     1.148
2005    36     1.190
2005    37     1.222
2005    38     1.248
2005    39     1.268
2005    40     1.282
2005    41     1.292
2005    42     1.299
2005    43     1.303
2005    44     1.305
2005    45     1.306
2005    46     1.306
2005    47     1.307
2005    48     1.307
2005    49     1.307
2005    50     1.307
2005    51     1.307
2005    52     1.307
2005    53     1.307
2005    54     1.307
2005    55     1.307
2006    12     0.000
2006    13     0.000
2006    14     0.000
2006    15     0.001
2006    16     0.007
2006    17     0.019
2006    18     0.039
2006    19     0.066
2006    20     0.100
2006    21     0.139
2006    22     0.180
2006    23     0.226
2006    24     0.279
2006    25     0.341
2006    26     0.413
2006    27     0.496
2006    28     0.590
2006    29     0.687
2006    30     0.786
2006    31     0.881
2006    32     0.969
2006    33     1.047
2006    34     1.114
2006    35     1.170
2006    36     1.215
2006    37     1.252
2006    38     1.279
2006    39     1.300
2006    40     1.315
2006    41     1.326
2006    42     1.332
2006    43     1.336
2006    44     1.338
2006    45     1.339
2006    46     1.340
2006    47     1.340
2006    48     1.340
2006    49     1.340
2006    50     1.340
2006    51     1.340
2006    52     1.340
2006    53     1.340
2006    54     1.340
2006    55     1.340
2007    12     0.000
2007    13     0.000
2007    14     0.000
2007    15     0.002
2007    16     0.007
2007    17     0.019
2007    18     0.038
2007    19     0.065
2007    20     0.099
2007    21     0.135
2007    22     0.173
2007    23     0.218
2007    24     0.268
2007    25     0.325
2007    26     0.392
2007    27     0.470
2007    28     0.557
2007    29     0.653
2007    30     0.750
2007    31     0.844
2007    32     0.934
2007    33     1.012
2007    34     1.080
2007    35     1.139
2007    36     1.185
2007    37     1.221
2007    38     1.251
2007    39     1.272
2007    40     1.288
2007    41     1.299
2007    42     1.306
2007    43     1.311
2007    44     1.314
2007    45     1.315
2007    46     1.316
2007    47     1.316
2007    48     1.316
2007    49     1.316
2007    50     1.316
2007    51     1.316
2007    52     1.316
2007    53     1.316
2007    54     1.316
2007    55     1.316
2008    12     0.000
2008    13     0.000
2008    14     0.000
2008    15     0.002
2008    16     0.007
2008    17     0.020
2008    18     0.040
2008    19     0.068
2008    20     0.101
2008    21     0.140
2008    22     0.181
2008    23     0.225
2008    24     0.276
2008    25     0.332
2008    26     0.398
2008    27     0.476
2008    28     0.564
2008    29     0.658
2008    30     0.755
2008    31     0.852
2008    32     0.943
2008    33     1.024
2008    34     1.095
2008    35     1.157
2008    36     1.205
2008    37     1.245
2008    38     1.276
2008    39     1.300
2008    40     1.318
2008    41     1.329
2008    42     1.337
2008    43     1.343
2008    44     1.345
2008    45     1.347
2008    46     1.347
2008    47     1.348
2008    48     1.348
2008    49     1.348
2008    50     1.348
2008    51     1.348
2008    52     1.348
2008    53     1.348
2008    54     1.348
2008    55     1.348
2009    12     0.000
2009    13     0.000
2009    14     0.000
2009    15     0.002
2009    16     0.007
2009    17     0.020
2009    18     0.039
2009    19     0.065
2009    20     0.097
2009    21     0.133
2009    22     0.174
2009    23     0.217
2009    24     0.265
2009    25     0.318
2009    26     0.381
2009    27     0.452
2009    28     0.535
2009    29     0.627
2009    30     0.722
2009    31     0.815
2009    32     0.905
2009    33     0.988
2009    34     1.060
2009    35     1.122
2009    36     1.175
2009    37     1.215
2009    38     1.247
2009    39     1.272
2009    40     1.290
2009    41     1.302
2009    42     1.310
2009    43     1.316
2009    44     1.319
2009    45     1.320
2009    46     1.321
2009    47     1.321
2009    48     1.322
2009    49     1.322
2009    50     1.322
2009    51     1.322
2009    52     1.322
2009    53     1.322
2009    54     1.322
2009    55     1.322
2010    12     0.000
2010    13     0.000
2010    14     0.000
2010    15     0.001
2010    16     0.006
2010    17     0.018
2010    18     0.035
2010    19     0.060
2010    20     0.089
2010    21     0.123
2010    22     0.159
2010    23     0.199
2010    24     0.242
2010    25     0.289
2010    26     0.346
2010    27     0.410
2010    28     0.486
2010    29     0.570
2010    30     0.657
2010    31     0.747
2010    32     0.832
2010    33     0.913
2010    34     0.984
2010    35     1.045
2010    36     1.097
2010    37     1.139
2010    38     1.173
2010    39     1.198
2010    40     1.217
2010    41     1.230
2010    42     1.239
2010    43     1.244
2010    44     1.247
2010    45     1.249
2010    46     1.250
2010    47     1.250
2010    48     1.250
2010    49     1.250
2010    50     1.250
2010    51     1.250
2010    52     1.250
2010    53     1.250
2010    54     1.250
2010    55     1.250
2011    12     0.000
2011    13     0.000
2011    14     0.000
2011    15     0.002
2011    16     0.006
2011    17     0.018
2011    18     0.035
2011    19     0.058
2011    20     0.088
2011    21     0.120
2011    22     0.156
2011    23     0.194
2011    24     0.237
2011    25     0.286
2011    26     0.341
2011    27     0.405
2011    28     0.479
2011    29     0.562
2011    30     0.651
2011    31     0.740
2011    32     0.826
2011    33     0.906
2011    34     0.978
2011    35     1.042
2011    36     1.096
2011    37     1.141
2011    38     1.175
2011    39     1.202
2011    40     1.221
2011    41     1.236
2011    42     1.246
2011    43     1.252
2011    44     1.255
2011    45     1.257
2011    46     1.257
2011    47     1.258
2011    48     1.258
2011    49     1.258
2011    50     1.258
2011    51     1.258
2011    52     1.258
2011    53     1.258
2011    54     1.258
2011    55     1.258
2012    12     0.000
2012    13     0.000
2012    14     0.000
2012    15     0.002
2012    16     0.007
2012    17     0.019
2012    18     0.038
2012    19     0.064
2012    20     0.095
2012    21     0.130
2012    22     0.168
2012    23     0.208
2012    24     0.254
2012    25     0.305
2012    26     0.365
2012    27     0.434
2012    28     0.514
2012    29     0.602
2012    30     0.695
2012    31     0.789
2012    32     0.882
2012    33     0.963
2012    34     1.039
2012    35     1.107
2012    36     1.165
2012    37     1.213
2012    38     1.249
2012    39     1.278
2012    40     1.299
2012    41     1.314
2012    42     1.325
2012    43     1.332
2012    44     1.335
2012    45     1.337
2012    46     1.337
2012    47     1.338
2012    48     1.338
2012    49     1.338
2012    50     1.338
2012    51     1.338
2012    52     1.338
2012    53     1.338
2012    54     1.338
2012    55     1.338
2013    12     0.000
2013    13     0.000
2013    14     0.000
2013    15     0.002
2013    16     0.008
2013    17     0.021
2013    18     0.041
2013    19     0.070
2013    20     0.104
2013    21     0.139
2013    22     0.177
2013    23     0.218
2013    24     0.263
2013    25     0.313
2013    26     0.372
2013    27     0.442
2013    28     0.519
2013    29     0.604
2013    30     0.694
2013    31     0.786
2013    32     0.875
2013    33     0.955
2013    34     1.031
2013    35     1.099
2013    36     1.158
2013    37     1.206
2013    38     1.245
2013    39     1.275
2013    40     1.299
2013    41     1.316
2013    42     1.326
2013    43     1.333
2013    44     1.337
2013    45     1.339
2013    46     1.340
2013    47     1.340
2013    48     1.341
2013    49     1.341
2013    50     1.341
2013    51     1.341
2013    52     1.341
2013    53     1.341
2013    54     1.341
2013    55     1.341
2014    12     0.000
2014    13     0.000
2014    14     0.000
2014    15     0.001
2014    16     0.008
2014    17     0.022
2014    18     0.047
2014    19     0.077
2014    20     0.113
2014    21     0.152
2014    22     0.192
2014    23     0.234
2014    24     0.280
2014    25     0.330
2014    26     0.388
2014    27     0.457
2014    28     0.536
2014    29     0.624
2014    30     0.718
2014    31     0.816
2014    32     0.911
2014    33     0.999
2014    34     1.080
2014    35     1.152
2014    36     1.214
2014    37     1.268
2014    38     1.309
2014    39     1.342
2014    40     1.367
2014    41     1.385
2014    42     1.397
2014    43     1.404
2014    44     1.409
2014    45     1.411
2014    46     1.411
2014    47     1.412
2014    48     1.412
2014    49     1.412
2014    50     1.412
2014    51     1.412
2014    52     1.412
2014    53     1.412
2014    54     1.412
2014    55     1.412
2015    12     0.000
2015    13     0.000
2015    14     0.000
2015    15     0.002
2015    16     0.008
2015    17     0.022
2015    18     0.045
2015    19     0.077
2015    20     0.112
2015    21     0.151
2015    22     0.192
2015    23     0.234
2015    24     0.280
2015    25     0.334
2015    26     0.392
2015    27     0.459
2015    28     0.538
2015    29     0.626
2015    30     0.721
2015    31     0.819
2015    32     0.914
2015    33     1.006
2015    34     1.090
2015    35     1.164
2015    36     1.230
2015    37     1.284
2015    38     1.330
2015    39     1.365
2015    40     1.392
2015    41     1.411
2015    42     1.424
2015    43     1.433
2015    44     1.437
2015    45     1.439
2015    46     1.441
2015    47     1.441
2015    48     1.441
2015    49     1.441
2015    50     1.441
2015    51     1.441
2015    52     1.441
2015    53     1.441
2015    54     1.441
2015    55     1.441
2016    12     0.000
2016    13     0.000
2016    14     0.000
2016    15     0.002
2016    16     0.008
2016    17     0.024
2016    18     0.048
2016    19     0.084
2016    20     0.124
2016    21     0.163
2016    22     0.205
2016    23     0.250
2016    24     0.299
2016    25     0.355
2016    26     0.417
2016    27     0.486
2016    28     0.565
2016    29     0.654
2016    30     0.751
2016    31     0.850
2016    32     0.951
2016    33     1.044
2016    34     1.130
2016    35     1.207
2016    36     1.276
2016    37     1.333
2016    38     1.379
2016    39     1.416
2016    40     1.444
2016    41     1.464
2016    42     1.478
2016    43     1.487
2016    44     1.491
2016    45     1.494
2016    46     1.495
2016    47     1.496
2016    48     1.496
2016    49     1.496
2016    50     1.496
2016    51     1.496
2016    52     1.496
2016    53     1.496
2016    54     1.496
2016    55     1.496
2017    12     0.000
2017    13     0.000
2017    14     0.000
2017    15     0.001
2017    16     0.007
2017    17     0.021
2017    18     0.044
2017    19     0.076
2017    20     0.116
2017    21     0.157
2017    22     0.199
2017    23     0.244
2017    24     0.292
2017    25     0.346
2017    26     0.408
2017    27     0.479
2017    28     0.559
2017    29     0.645
2017    30     0.739
2017    31     0.837
2017    32     0.936
2017    33     1.029
2017    34     1.117
2017    35     1.196
2017    36     1.267
2017    37     1.325
2017    38     1.374
2017    39     1.412
2017    40     1.441
2017    41     1.463
2017    42     1.477
2017    43     1.486
2017    44     1.491
2017    45     1.494
2017    46     1.495
2017    47     1.496
2017    48     1.496
2017    49     1.496
2017    50     1.496
2017    51     1.496
2017    52     1.496
2017    53     1.496
2017    54     1.496
2017    55     1.496
2018    12     0.000
2018    13     0.000
2018    14     0.000
2018    15     0.002
2018    16     0.007
2018    17     0.020
2018    18     0.042
2018    19     0.074
2018    20     0.111
2018    21     0.154
2018    22     0.196
2018    23     0.238
2018    24     0.287
2018    25     0.342
2018    26     0.402
2018    27     0.471
2018    28     0.549
2018    29     0.636
2018    30     0.727
2018    31     0.825
2018    32     0.923
2018    33     1.018
2018    34     1.105
2018    35     1.186
2018    36     1.255
2018    37     1.316
2018    38     1.365
2018    39     1.401
2018    40     1.430
2018    41     1.452
2018    42     1.468
2018    43     1.477
2018    44     1.482
2018    45     1.485
2018    46     1.486
2018    47     1.487
2018    48     1.487
2018    49     1.487
2018    50     1.487
2018    51     1.487
2018    52     1.487
2018    53     1.487
2018    54     1.487
2018    55     1.487
2019    12     0.000
2019    13     0.000
2019    14     0.000
2019    15     0.001
2019    16     0.006
2019    17     0.018
2019    18     0.039
2019    19     0.070
2019    20     0.105
2019    21     0.144
2019    22     0.188
2019    23     0.236
2019    24     0.287
2019    25     0.342
2019    26     0.405
2019    27     0.474
2019    28     0.554
2019    29     0.641
2019    30     0.737
2019    31     0.832
2019    32     0.927
2019    33     1.019
2019    34     1.104
2019    35     1.182
2019    36     1.254
2019    37     1.314
2019    38     1.364
2019    39     1.403
2019    40     1.433
2019    41     1.455
2019    42     1.471
2019    43     1.480
2019    44     1.486
2019    45     1.489
2019    46     1.491
2019    47     1.491
2019    48     1.491
2019    49     1.492
2019    50     1.492
2019    51     1.492
2019    52     1.492
2019    53     1.492
2019    54     1.492
2019    55     1.492
2020    12     0.000
2020    13     0.000
2020    14     0.000
2020    15     0.001
2020    16     0.007
2020    17     0.019
2020    18     0.039
2020    19     0.070
2020    20     0.107
2020    21     0.147
2020    22     0.192
2020    23     0.240
2020    24     0.293
2020    25     0.352
2020    26     0.419
2020    27     0.495
2020    28     0.579
2020    29     0.668
2020    30     0.765
2020    31     0.864
2020    32     0.964
2020    33     1.063
2020    34     1.154
2020    35     1.238
2020    36     1.314
2020    37     1.377
2020    38     1.427
2020    39     1.469
2020    40     1.501
2020    41     1.525
2020    42     1.540
2020    43     1.550
2020    44     1.556
2020    45     1.559
2020    46     1.561
2020    47     1.561
2020    48     1.562
2020    49     1.562
2020    50     1.562
2020    51     1.562
2020    52     1.563
2020    53     1.563
2020    54     1.563
2020    55     1.563
