Bulgaria, Period fertility rates by calendar year and age (Lexis squares, age in completed years (ACY))
Last modified: 01/12/2022
Year    Age        ASFR
1947     12-    0.00000
1947     13     0.00009
1947     14     0.00148
1947     15     0.00579
1947     16     0.01747
1947     17     0.03915
1947     18     0.06974
1947     19     0.10710
1947     20     0.14818
1947     21     0.17945
1947     22     0.19836
1947     23     0.20687
1947     24     0.21029
1947     25     0.19504
1947     26     0.17450
1947     27     0.15670
1947     28     0.14374
1947     29     0.13567
1947     30     0.12946
1947     31     0.11090
1947     32     0.09723
1947     33     0.08711
1947     34     0.07915
1947     35     0.06818
1947     36     0.05814
1947     37     0.04814
1947     38     0.03884
1947     39     0.03064
1947     40     0.02276
1947     41     0.01720
1947     42     0.01374
1947     43     0.01129
1947     44     0.00922
1947     45     0.00703
1947     46     0.00515
1947     47     0.00277
1947     48     0.00123
1947     49     0.00048
1947     50     0.00018
1947     51     0.00007
1947     52     0.00003
1947     53     0.00001
1947     54     0.00000
1947     55+    0.00000
1948     12-    0.00000
1948     13     0.00010
1948     14     0.00155
1948     15     0.00625
1948     16     0.01852
1948     17     0.04084
1948     18     0.07210
1948     19     0.11121
1948     20     0.15428
1948     21     0.18830
1948     22     0.20854
1948     23     0.21582
1948     24     0.21511
1948     25     0.19864
1948     26     0.17555
1948     27     0.15594
1948     28     0.14183
1948     29     0.13315
1948     30     0.12593
1948     31     0.10711
1948     32     0.09421
1948     33     0.08550
1948     34     0.07922
1948     35     0.06963
1948     36     0.06025
1948     37     0.05022
1948     38     0.04055
1948     39     0.03187
1948     40     0.02360
1948     41     0.01784
1948     42     0.01415
1948     43     0.01149
1948     44     0.00925
1948     45     0.00708
1948     46     0.00513
1948     47     0.00276
1948     48     0.00122
1948     49     0.00048
1948     50     0.00018
1948     51     0.00007
1948     52     0.00003
1948     53     0.00001
1948     54     0.00000
1948     55+    0.00000
1949     12-    0.00000
1949     13     0.00010
1949     14     0.00169
1949     15     0.00698
1949     16     0.02049
1949     17     0.04462
1949     18     0.07757
1949     19     0.11740
1949     20     0.15853
1949     21     0.18940
1949     22     0.20653
1949     23     0.21244
1949     24     0.21285
1949     25     0.20038
1949     26     0.17774
1949     27     0.15803
1949     28     0.14324
1949     29     0.13337
1949     30     0.12160
1949     31     0.10305
1949     32     0.09024
1949     33     0.08150
1949     34     0.07515
1949     35     0.06747
1949     36     0.05818
1949     37     0.04844
1949     38     0.03912
1949     39     0.03079
1949     40     0.02280
1949     41     0.01725
1949     42     0.01377
1949     43     0.01130
1949     44     0.00920
1949     45     0.00720
1949     46     0.00528
1949     47     0.00284
1949     48     0.00126
1949     49     0.00050
1949     50     0.00019
1949     51     0.00007
1949     52     0.00003
1949     53     0.00001
1949     54     0.00000
1949     55+    0.00000
1950     12-    0.00000
1950     13     0.00012
1950     14     0.00196
1950     15     0.00750
1950     16     0.02158
1950     17     0.04620
1950     18     0.07944
1950     19     0.12023
1950     20     0.16320
1950     21     0.19642
1950     22     0.21485
1950     23     0.21987
1950     24     0.21688
1950     25     0.20012
1950     26     0.17536
1950     27     0.15574
1950     28     0.14294
1950     29     0.13647
1950     30     0.12227
1950     31     0.10599
1950     32     0.09323
1950     33     0.08312
1950     34     0.07475
1950     35     0.06724
1950     36     0.05708
1950     37     0.04789
1950     38     0.03970
1950     39     0.03247
1950     40     0.02521
1950     41     0.01951
1950     42     0.01579
1950     43     0.01302
1950     44     0.01061
1950     45     0.00834
1950     46     0.00612
1950     47     0.00327
1950     48     0.00143
1950     49     0.00056
1950     50     0.00020
1950     51     0.00007
1950     52     0.00003
1950     53     0.00001
1950     54     0.00000
1950     55+    0.00000
1951     12-    0.00000
1951     13     0.00011
1951     14     0.00190
1951     15     0.00731
1951     16     0.02126
1951     17     0.04560
1951     18     0.07727
1951     19     0.11247
1951     20     0.14872
1951     21     0.17060
1951     22     0.17953
1951     23     0.17974
1951     24     0.17719
1951     25     0.16479
1951     26     0.14395
1951     27     0.12750
1951     28     0.11648
1951     29     0.11030
1951     30     0.09555
1951     31     0.08237
1951     32     0.07215
1951     33     0.06411
1951     34     0.05745
1951     35     0.05330
1951     36     0.04506
1951     37     0.03756
1951     38     0.03085
1951     39     0.02496
1951     40     0.01906
1951     41     0.01465
1951     42     0.01166
1951     43     0.00939
1951     44     0.00745
1951     45     0.00561
1951     46     0.00405
1951     47     0.00218
1951     48     0.00097
1951     49     0.00039
1951     50     0.00015
1951     51     0.00006
1951     52     0.00002
1951     53     0.00001
1951     54     0.00000
1951     55+    0.00000
1952     12-    0.00000
1952     13     0.00011
1952     14     0.00193
1952     15     0.00712
1952     16     0.02074
1952     17     0.04458
1952     18     0.07590
1952     19     0.11153
1952     20     0.15182
1952     21     0.17488
1952     22     0.18457
1952     23     0.18520
1952     24     0.18287
1952     25     0.17051
1952     26     0.14888
1952     27     0.13101
1952     28     0.11806
1952     29     0.10957
1952     30     0.09346
1952     31     0.07930
1952     32     0.06870
1952     33     0.06065
1952     34     0.05423
1952     35     0.05117
1952     36     0.04299
1952     37     0.03578
1952     38     0.02945
1952     39     0.02391
1952     40     0.01780
1952     41     0.01371
1952     42     0.01081
1952     43     0.00854
1952     44     0.00662
1952     45     0.00487
1952     46     0.00347
1952     47     0.00188
1952     48     0.00085
1952     49     0.00034
1952     50     0.00013
1952     51     0.00005
1952     52     0.00002
1952     53     0.00001
1952     54     0.00000
1952     55+    0.00000
1953     12-    0.00000
1953     13     0.00012
1953     14     0.00203
1953     15     0.00737
1953     16     0.02173
1953     17     0.04707
1953     18     0.08005
1953     19     0.11593
1953     20     0.15612
1953     21     0.17623
1953     22     0.18305
1953     23     0.18224
1953     24     0.18027
1953     25     0.16950
1953     26     0.14828
1953     27     0.13005
1953     28     0.11600
1953     29     0.10587
1953     30     0.09052
1953     31     0.07613
1953     32     0.06557
1953     33     0.05777
1953     34     0.05172
1953     35     0.04854
1953     36     0.04071
1953     37     0.03425
1953     38     0.02876
1953     39     0.02396
1953     40     0.01827
1953     41     0.01434
1953     42     0.01130
1953     43     0.00881
1953     44     0.00668
1953     45     0.00486
1953     46     0.00343
1953     47     0.00184
1953     48     0.00083
1953     49     0.00034
1953     50     0.00013
1953     51     0.00005
1953     52     0.00002
1953     53     0.00001
1953     54     0.00000
1953     55+    0.00000
1954     12-    0.00000
1954     13     0.00012
1954     14     0.00204
1954     15     0.00762
1954     16     0.02287
1954     17     0.05014
1954     18     0.08512
1954     19     0.12040
1954     20     0.15613
1954     21     0.17152
1954     22     0.17473
1954     23     0.17278
1954     24     0.17234
1954     25     0.16424
1954     26     0.14438
1954     27     0.12710
1954     28     0.11350
1954     29     0.10339
1954     30     0.08907
1954     31     0.07473
1954     32     0.06450
1954     33     0.05715
1954     34     0.05155
1954     35     0.04702
1954     36     0.03956
1954     37     0.03314
1954     38     0.02752
1954     39     0.02255
1954     40     0.01752
1954     41     0.01358
1954     42     0.01043
1954     43     0.00785
1954     44     0.00574
1954     45     0.00407
1954     46     0.00280
1954     47     0.00151
1954     48     0.00069
1954     49     0.00029
1954     50     0.00011
1954     51     0.00005
1954     52     0.00002
1954     53     0.00001
1954     54     0.00000
1954     55+    0.00000
1955     12-    0.00000
1955     13     0.00011
1955     14     0.00190
1955     15     0.00742
1955     16     0.02249
1955     17     0.04988
1955     18     0.08608
1955     19     0.12471
1955     20     0.16196
1955     21     0.18127
1955     22     0.18640
1955     23     0.18378
1955     24     0.18033
1955     25     0.16879
1955     26     0.14677
1955     27     0.12745
1955     28     0.11203
1955     29     0.10038
1955     30     0.08501
1955     31     0.07023
1955     32     0.06045
1955     33     0.05408
1955     34     0.04971
1955     35     0.04308
1955     36     0.03673
1955     37     0.03086
1955     38     0.02549
1955     39     0.02066
1955     40     0.01672
1955     41     0.01291
1955     42     0.00993
1955     43     0.00752
1955     44     0.00555
1955     45     0.00402
1955     46     0.00279
1955     47     0.00150
1955     48     0.00069
1955     49     0.00029
1955     50     0.00011
1955     51     0.00005
1955     52     0.00002
1955     53     0.00001
1955     54     0.00000
1955     55+    0.00000
1956     12-    0.00000
1956     13     0.00011
1956     14     0.00196
1956     15     0.00757
1956     16     0.02299
1956     17     0.05109
1956     18     0.08840
1956     19     0.12868
1956     20     0.16624
1956     21     0.18631
1956     22     0.19081
1956     23     0.18612
1956     24     0.17939
1956     25     0.16503
1956     26     0.14132
1956     27     0.12157
1956     28     0.10659
1956     29     0.09585
1956     30     0.08205
1956     31     0.06790
1956     32     0.05826
1956     33     0.05168
1956     34     0.04692
1956     35     0.03867
1956     36     0.03268
1956     37     0.02736
1956     38     0.02263
1956     39     0.01843
1956     40     0.01580
1956     41     0.01223
1956     42     0.00939
1956     43     0.00708
1956     44     0.00519
1956     45     0.00372
1956     46     0.00258
1956     47     0.00140
1956     48     0.00065
1956     49     0.00027
1956     50     0.00011
1956     51     0.00004
1956     52     0.00002
1956     53     0.00001
1956     54     0.00000
1956     55+    0.00000
1957     12-    0.00000
1957     13     0.00011
1957     14     0.00195
1957     15     0.00777
1957     16     0.02392
1957     17     0.05368
1957     18     0.09313
1957     19     0.13461
1957     20     0.16978
1957     21     0.18696
1957     22     0.18843
1957     23     0.18172
1957     24     0.17421
1957     25     0.15868
1957     26     0.13458
1957     27     0.11469
1957     28     0.09956
1957     29     0.08853
1957     30     0.07538
1957     31     0.06182
1957     32     0.05244
1957     33     0.04585
1957     34     0.04093
1957     35     0.03344
1957     36     0.02793
1957     37     0.02295
1957     38     0.01856
1957     39     0.01475
1957     40     0.01279
1957     41     0.00973
1957     42     0.00748
1957     43     0.00572
1957     44     0.00429
1957     45     0.00303
1957     46     0.00214
1957     47     0.00118
1957     48     0.00056
1957     49     0.00024
1957     50     0.00010
1957     51     0.00004
1957     52     0.00002
1957     53     0.00001
1957     54     0.00000
1957     55+    0.00000
1958     12-    0.00000
1958     13     0.00011
1958     14     0.00197
1958     15     0.00765
1958     16     0.02398
1958     17     0.05460
1958     18     0.09540
1958     19     0.13710
1958     20     0.16970
1958     21     0.18475
1958     22     0.18484
1958     23     0.17824
1958     24     0.17230
1958     25     0.15729
1958     26     0.13343
1958     27     0.11390
1958     28     0.09913
1958     29     0.08833
1958     30     0.07644
1958     31     0.06305
1958     32     0.05278
1958     33     0.04477
1958     34     0.03833
1958     35     0.03058
1958     36     0.02470
1958     37     0.02033
1958     38     0.01691
1958     39     0.01404
1958     40     0.01285
1958     41     0.01001
1958     42     0.00760
1958     43     0.00559
1958     44     0.00399
1958     45     0.00271
1958     46     0.00186
1958     47     0.00103
1958     48     0.00049
1958     49     0.00021
1958     50     0.00009
1958     51     0.00004
1958     52     0.00002
1958     53     0.00001
1958     54     0.00000
1958     55+    0.00000
1959     12-    0.00000
1959     13     0.00012
1959     14     0.00214
1959     15     0.00849
1959     16     0.02706
1959     17     0.06217
1959     18     0.10808
1959     19     0.15153
1959     20     0.18098
1959     21     0.19072
1959     22     0.18588
1959     23     0.17661
1959     24     0.17033
1959     25     0.15525
1959     26     0.13129
1959     27     0.11120
1959     28     0.09541
1959     29     0.08330
1959     30     0.07084
1959     31     0.05758
1959     32     0.04804
1959     33     0.04104
1959     34     0.03563
1959     35     0.02958
1959     36     0.02423
1959     37     0.01968
1959     38     0.01584
1959     39     0.01259
1959     40     0.01026
1959     41     0.00780
1959     42     0.00605
1959     43     0.00471
1959     44     0.00361
1959     45     0.00283
1959     46     0.00204
1959     47     0.00115
1959     48     0.00055
1959     49     0.00024
1959     50     0.00010
1959     51     0.00004
1959     52     0.00002
1959     53     0.00001
1959     54     0.00000
1959     55+    0.00000
1960     12-    0.00000
1960     13     0.00011
1960     14     0.00196
1960     15     0.00785
1960     16     0.02524
1960     17     0.06522
1960     18     0.11539
1960     19     0.16660
1960     20     0.19485
1960     21     0.19783
1960     22     0.19672
1960     23     0.17999
1960     24     0.17011
1960     25     0.15102
1960     26     0.13620
1960     27     0.11731
1960     28     0.10212
1960     29     0.08944
1960     30     0.07287
1960     31     0.05935
1960     32     0.04942
1960     33     0.04195
1960     34     0.03490
1960     35     0.02715
1960     36     0.02481
1960     37     0.01721
1960     38     0.01566
1960     39     0.01246
1960     40     0.01096
1960     41     0.00802
1960     42     0.00635
1960     43     0.00521
1960     44     0.00283
1960     45     0.00173
1960     46     0.00093
1960     47     0.00079
1960     48     0.00043
1960     49     0.00049
1960     50     0.00043
1960     51     0.00023
1960     52     0.00008
1960     53     0.00002
1960     54     0.00001
1960     55+    0.00000
1961     12-    0.00000
1961     13     0.00010
1961     14     0.00177
1961     15     0.00793
1961     16     0.02734
1961     17     0.06320
1961     18     0.11365
1961     19     0.16352
1961     20     0.19008
1961     21     0.19724
1961     22     0.18618
1961     23     0.18237
1961     24     0.16605
1961     25     0.15649
1961     26     0.13450
1961     27     0.12079
1961     28     0.10021
1961     29     0.08749
1961     30     0.07573
1961     31     0.06068
1961     32     0.05044
1961     33     0.04147
1961     34     0.03364
1961     35     0.02859
1961     36     0.02219
1961     37     0.01831
1961     38     0.01528
1961     39     0.01179
1961     40     0.00941
1961     41     0.00690
1961     42     0.00515
1961     43     0.00450
1961     44     0.00291
1961     45     0.00172
1961     46     0.00098
1961     47     0.00055
1961     48     0.00061
1961     49     0.00031
1961     50     0.00042
1961     51     0.00027
1961     52     0.00010
1961     53     0.00003
1961     54     0.00001
1961     55+    0.00000
1962     12-    0.00000
1962     13     0.00010
1962     14     0.00172
1962     15     0.00680
1962     16     0.02244
1962     17     0.06169
1962     18     0.10838
1962     19     0.16068
1962     20     0.19075
1962     21     0.19281
1962     22     0.18839
1962     23     0.17506
1962     24     0.16431
1962     25     0.15037
1962     26     0.13020
1962     27     0.11428
1962     28     0.09995
1962     29     0.08484
1962     30     0.07180
1962     31     0.06241
1962     32     0.04859
1962     33     0.04102
1962     34     0.03480
1962     35     0.02841
1962     36     0.02359
1962     37     0.01736
1962     38     0.01495
1962     39     0.01145
1962     40     0.00915
1962     41     0.00776
1962     42     0.00530
1962     43     0.00337
1962     44     0.00325
1962     45     0.00216
1962     46     0.00101
1962     47     0.00058
1962     48     0.00060
1962     49     0.00031
1962     50     0.00035
1962     51     0.00022
1962     52     0.00008
1962     53     0.00002
1962     54     0.00001
1962     55+    0.00000
1963     12-    0.00000
1963     13     0.00011
1963     14     0.00192
1963     15     0.00718
1963     16     0.02194
1963     17     0.05651
1963     18     0.11167
1963     19     0.15936
1963     20     0.19046
1963     21     0.19518
1963     22     0.18861
1963     23     0.17482
1963     24     0.15855
1963     25     0.14790
1963     26     0.13099
1963     27     0.11617
1963     28     0.09578
1963     29     0.08433
1963     30     0.07141
1963     31     0.05765
1963     32     0.05025
1963     33     0.03876
1963     34     0.03066
1963     35     0.02670
1963     36     0.02085
1963     37     0.01773
1963     38     0.01397
1963     39     0.01158
1963     40     0.00812
1963     41     0.00651
1963     42     0.00516
1963     43     0.00359
1963     44     0.00216
1963     45     0.00182
1963     46     0.00069
1963     47     0.00069
1963     48     0.00029
1963     49     0.00019
1963     50     0.00033
1963     51     0.00024
1963     52     0.00009
1963     53     0.00003
1963     54     0.00001
1963     55+    0.00000
1964     12-    0.00000
1964     13     0.00012
1964     14     0.00195
1964     15     0.00731
1964     16     0.02383
1964     17     0.05538
1964     18     0.11094
1964     19     0.16554
1964     20     0.19398
1964     21     0.19990
1964     22     0.19044
1964     23     0.17590
1964     24     0.16044
1964     25     0.13991
1964     26     0.12519
1964     27     0.10825
1964     28     0.09299
1964     29     0.07762
1964     30     0.06759
1964     31     0.05452
1964     32     0.04769
1964     33     0.03825
1964     34     0.03187
1964     35     0.02479
1964     36     0.02034
1964     37     0.01699
1964     38     0.01299
1964     39     0.01022
1964     40     0.00811
1964     41     0.00618
1964     42     0.00442
1964     43     0.00318
1964     44     0.00268
1964     45     0.00150
1964     46     0.00123
1964     47     0.00059
1964     48     0.00049
1964     49     0.00016
1964     50     0.00021
1964     51     0.00015
1964     52     0.00006
1964     53     0.00002
1964     54     0.00001
1964     55+    0.00000
1965     12-    0.00000
1965     13     0.00013
1965     14     0.00227
1965     15     0.00880
1965     16     0.02471
1965     17     0.05684
1965     18     0.10069
1965     19     0.15424
1965     20     0.18693
1965     21     0.18944
1965     22     0.18129
1965     23     0.17136
1965     24     0.15025
1965     25     0.13810
1965     26     0.11834
1965     27     0.10541
1965     28     0.08801
1965     29     0.07656
1965     30     0.06224
1965     31     0.05211
1965     32     0.04380
1965     33     0.03565
1965     34     0.02972
1965     35     0.02358
1965     36     0.01978
1965     37     0.01645
1965     38     0.01320
1965     39     0.01088
1965     40     0.00743
1965     41     0.00560
1965     42     0.00409
1965     43     0.00289
1965     44     0.00168
1965     45     0.00129
1965     46     0.00072
1965     47     0.00064
1965     48     0.00038
1965     49     0.00017
1965     50     0.00029
1965     51     0.00022
1965     52     0.00008
1965     53     0.00003
1965     54     0.00001
1965     55+    0.00000
1966     12-    0.00000
1966     13     0.00012
1966     14     0.00218
1966     15     0.00859
1966     16     0.02431
1966     17     0.05517
1966     18     0.09810
1966     19     0.14528
1966     20     0.18719
1966     21     0.19164
1966     22     0.18128
1966     23     0.16128
1966     24     0.15095
1966     25     0.13358
1966     26     0.11669
1966     27     0.10260
1966     28     0.08517
1966     29     0.07108
1966     30     0.06068
1966     31     0.04988
1966     32     0.03991
1966     33     0.03212
1966     34     0.02750
1966     35     0.02442
1966     36     0.01744
1966     37     0.01443
1966     38     0.01097
1966     39     0.00978
1966     40     0.00693
1966     41     0.00480
1966     42     0.00351
1966     43     0.00219
1966     44     0.00159
1966     45     0.00093
1966     46     0.00086
1966     47     0.00053
1966     48     0.00046
1966     49     0.00014
1966     50     0.00024
1966     51     0.00018
1966     52     0.00007
1966     53     0.00002
1966     54     0.00001
1966     55+    0.00000
1967     12-    0.00000
1967     13     0.00013
1967     14     0.00229
1967     15     0.00896
1967     16     0.02334
1967     17     0.05625
1967     18     0.09973
1967     19     0.14879
1967     20     0.18540
1967     21     0.19349
1967     22     0.18218
1967     23     0.16701
1967     24     0.14916
1967     25     0.13412
1967     26     0.11857
1967     27     0.09969
1967     28     0.08151
1967     29     0.07219
1967     30     0.05980
1967     31     0.04843
1967     32     0.03780
1967     33     0.03298
1967     34     0.02514
1967     35     0.02215
1967     36     0.01814
1967     37     0.01405
1967     38     0.01027
1967     39     0.00830
1967     40     0.00669
1967     41     0.00525
1967     42     0.00351
1967     43     0.00213
1967     44     0.00149
1967     45     0.00096
1967     46     0.00097
1967     47     0.00023
1967     48     0.00025
1967     49     0.00014
1967     50     0.00019
1967     51     0.00013
1967     52     0.00006
1967     53     0.00002
1967     54     0.00000
1967     55+    0.00000
1968     12-    0.00000
1968     13     0.00013
1968     14     0.00247
1968     15     0.01030
1968     16     0.02739
1968     17     0.05701
1968     18     0.10930
1968     19     0.16285
1968     20     0.20072
1968     21     0.20712
1968     22     0.20673
1968     23     0.19161
1968     24     0.17375
1968     25     0.15268
1968     26     0.13495
1968     27     0.11851
1968     28     0.10071
1968     29     0.08323
1968     30     0.06762
1968     31     0.05417
1968     32     0.04404
1968     33     0.03425
1968     34     0.02981
1968     35     0.02285
1968     36     0.01942
1968     37     0.01487
1968     38     0.01151
1968     39     0.00882
1968     40     0.00684
1968     41     0.00516
1968     42     0.00374
1968     43     0.00241
1968     44     0.00158
1968     45     0.00081
1968     46     0.00047
1968     47     0.00034
1968     48     0.00035
1968     49     0.00015
1968     50     0.00014
1968     51     0.00009
1968     52     0.00004
1968     53     0.00002
1968     54     0.00000
1968     55+    0.00000
1969     12-    0.00000
1969     13     0.00017
1969     14     0.00282
1969     15     0.00916
1969     16     0.02835
1969     17     0.05778
1969     18     0.10577
1969     19     0.15853
1969     20     0.19849
1969     21     0.21016
1969     22     0.19725
1969     23     0.18908
1969     24     0.17050
1969     25     0.15395
1969     26     0.13485
1969     27     0.12329
1969     28     0.10279
1969     29     0.08653
1969     30     0.07033
1969     31     0.05764
1969     32     0.04537
1969     33     0.03753
1969     34     0.02843
1969     35     0.02311
1969     36     0.01850
1969     37     0.01541
1969     38     0.01253
1969     39     0.00919
1969     40     0.00615
1969     41     0.00442
1969     42     0.00321
1969     43     0.00223
1969     44     0.00134
1969     45     0.00108
1969     46     0.00064
1969     47     0.00040
1969     48     0.00019
1969     49     0.00018
1969     50     0.00020
1969     51     0.00013
1969     52     0.00005
1969     53     0.00002
1969     54     0.00000
1969     55+    0.00000
1970     12-    0.00000
1970     13     0.00018
1970     14     0.00300
1970     15     0.00994
1970     16     0.02764
1970     17     0.05885
1970     18     0.10056
1970     19     0.15522
1970     20     0.19781
1970     21     0.20393
1970     22     0.19364
1970     23     0.18080
1970     24     0.16480
1970     25     0.14510
1970     26     0.12726
1970     27     0.11099
1970     28     0.09359
1970     29     0.08110
1970     30     0.06797
1970     31     0.05249
1970     32     0.04293
1970     33     0.03596
1970     34     0.02762
1970     35     0.02239
1970     36     0.01782
1970     37     0.01382
1970     38     0.01080
1970     39     0.00835
1970     40     0.00640
1970     41     0.00408
1970     42     0.00290
1970     43     0.00168
1970     44     0.00104
1970     45     0.00083
1970     46     0.00037
1970     47     0.00033
1970     48     0.00011
1970     49     0.00005
1970     50     0.00008
1970     51     0.00007
1970     52     0.00004
1970     53     0.00001
1970     54     0.00000
1970     55+    0.00000
1971     12-    0.00000
1971     13     0.00019
1971     14     0.00323
1971     15     0.01036
1971     16     0.02899
1971     17     0.05780
1971     18     0.10054
1971     19     0.15084
1971     20     0.19307
1971     21     0.20425
1971     22     0.19542
1971     23     0.17705
1971     24     0.16021
1971     25     0.13897
1971     26     0.12106
1971     27     0.10164
1971     28     0.08789
1971     29     0.07363
1971     30     0.06121
1971     31     0.05174
1971     32     0.03919
1971     33     0.03259
1971     34     0.02635
1971     35     0.02125
1971     36     0.01568
1971     37     0.01313
1971     38     0.01008
1971     39     0.00781
1971     40     0.00605
1971     41     0.00378
1971     42     0.00300
1971     43     0.00170
1971     44     0.00125
1971     45     0.00080
1971     46     0.00048
1971     47     0.00025
1971     48     0.00020
1971     49     0.00006
1971     50     0.00010
1971     51     0.00008
1971     52     0.00004
1971     53     0.00001
1971     54     0.00000
1971     55+    0.00000
1972     12-    0.00000
1972     13     0.00019
1972     14     0.00317
1972     15     0.01026
1972     16     0.02806
1972     17     0.05456
1972     18     0.09740
1972     19     0.15157
1972     20     0.18976
1972     21     0.19697
1972     22     0.19449
1972     23     0.16805
1972     24     0.15672
1972     25     0.13348
1972     26     0.11670
1972     27     0.09693
1972     28     0.08429
1972     29     0.06893
1972     30     0.05742
1972     31     0.04563
1972     32     0.03794
1972     33     0.03081
1972     34     0.02460
1972     35     0.01972
1972     36     0.01542
1972     37     0.01156
1972     38     0.00917
1972     39     0.00707
1972     40     0.00567
1972     41     0.00430
1972     42     0.00272
1972     43     0.00165
1972     44     0.00093
1972     45     0.00075
1972     46     0.00032
1972     47     0.00009
1972     48     0.00005
1972     49     0.00005
1972     50     0.00006
1972     51     0.00005
1972     52     0.00003
1972     53     0.00001
1972     54     0.00000
1972     55+    0.00000
1973     12-    0.00000
1973     13     0.00020
1973     14     0.00347
1973     15     0.01160
1973     16     0.02903
1973     17     0.05688
1973     18     0.10066
1973     19     0.16093
1973     20     0.20122
1973     21     0.21161
1973     22     0.20146
1973     23     0.18816
1973     24     0.16854
1973     25     0.14612
1973     26     0.12285
1973     27     0.10638
1973     28     0.08571
1973     29     0.07316
1973     30     0.05821
1973     31     0.04703
1973     32     0.03843
1973     33     0.02937
1973     34     0.02453
1973     35     0.02113
1973     36     0.01584
1973     37     0.01222
1973     38     0.00928
1973     39     0.00762
1973     40     0.00528
1973     41     0.00408
1973     42     0.00286
1973     43     0.00173
1973     44     0.00099
1973     45     0.00061
1973     46     0.00034
1973     47     0.00015
1973     48     0.00013
1973     49     0.00006
1973     50     0.00007
1973     51     0.00005
1973     52     0.00003
1973     53     0.00001
1973     54     0.00000
1973     55+    0.00000
1974     12-    0.00000
1974     13     0.00020
1974     14     0.00347
1974     15     0.01181
1974     16     0.03040
1974     17     0.05835
1974     18     0.10111
1974     19     0.16352
1974     20     0.21037
1974     21     0.21620
1974     22     0.21518
1974     23     0.20211
1974     24     0.18181
1974     25     0.16067
1974     26     0.13980
1974     27     0.11635
1974     28     0.09706
1974     29     0.07849
1974     30     0.06511
1974     31     0.05247
1974     32     0.04068
1974     33     0.03327
1974     34     0.02676
1974     35     0.02153
1974     36     0.01635
1974     37     0.01311
1974     38     0.00958
1974     39     0.00760
1974     40     0.00537
1974     41     0.00379
1974     42     0.00296
1974     43     0.00152
1974     44     0.00097
1974     45     0.00043
1974     46     0.00028
1974     47     0.00014
1974     48     0.00009
1974     49     0.00003
1974     50     0.00004
1974     51     0.00004
1974     52     0.00002
1974     53     0.00001
1974     54     0.00000
1974     55+    0.00000
1975     12-    0.00000
1975     13     0.00021
1975     14     0.00360
1975     15     0.01163
1975     16     0.03203
1975     17     0.05911
1975     18     0.10173
1975     19     0.16351
1975     20     0.20368
1975     21     0.21588
1975     22     0.20764
1975     23     0.19258
1975     24     0.17343
1975     25     0.15471
1975     26     0.13226
1975     27     0.11223
1975     28     0.09331
1975     29     0.07687
1975     30     0.06130
1975     31     0.05089
1975     32     0.04168
1975     33     0.03206
1975     34     0.02526
1975     35     0.01952
1975     36     0.01631
1975     37     0.01258
1975     38     0.00953
1975     39     0.00702
1975     40     0.00503
1975     41     0.00383
1975     42     0.00273
1975     43     0.00164
1975     44     0.00087
1975     45     0.00062
1975     46     0.00027
1975     47     0.00011
1975     48     0.00008
1975     49     0.00002
1975     50     0.00004
1975     51     0.00004
1975     52     0.00003
1975     53     0.00001
1975     54     0.00000
1975     55+    0.00000
1976     12-    0.00000
1976     13     0.00025
1976     14     0.00403
1976     15     0.01177
1976     16     0.03227
1976     17     0.05982
1976     18     0.10800
1976     19     0.17337
1976     20     0.21271
1976     21     0.22328
1976     22     0.21406
1976     23     0.19152
1976     24     0.17309
1976     25     0.14908
1976     26     0.13329
1976     27     0.10879
1976     28     0.09128
1976     29     0.07525
1976     30     0.05980
1976     31     0.04738
1976     32     0.03996
1976     33     0.03057
1976     34     0.02292
1976     35     0.02053
1976     36     0.01611
1976     37     0.01146
1976     38     0.00974
1976     39     0.00753
1976     40     0.00508
1976     41     0.00377
1976     42     0.00225
1976     43     0.00138
1976     44     0.00095
1976     45     0.00074
1976     46     0.00024
1976     47     0.00007
1976     48     0.00005
1976     49     0.00000
1976     50     0.00003
1976     51     0.00005
1976     52     0.00003
1976     53     0.00001
1976     54     0.00000
1976     55+    0.00000
1977     12-    0.00000
1977     13     0.00024
1977     14     0.00395
1977     15     0.01163
1977     16     0.03163
1977     17     0.06017
1977     18     0.10765
1977     19     0.17819
1977     20     0.22187
1977     21     0.22456
1977     22     0.21157
1977     23     0.19184
1977     24     0.16677
1977     25     0.14400
1977     26     0.12354
1977     27     0.10599
1977     28     0.08542
1977     29     0.07159
1977     30     0.05864
1977     31     0.04436
1977     32     0.03502
1977     33     0.02918
1977     34     0.02340
1977     35     0.01846
1977     36     0.01433
1977     37     0.01237
1977     38     0.00885
1977     39     0.00676
1977     40     0.00453
1977     41     0.00375
1977     42     0.00177
1977     43     0.00164
1977     44     0.00088
1977     45     0.00055
1977     46     0.00023
1977     47     0.00014
1977     48     0.00000
1977     49     0.00002
1977     50     0.00005
1977     51     0.00006
1977     52     0.00003
1977     53     0.00001
1977     54     0.00000
1977     55+    0.00000
1978     12-    0.00003
1978     13     0.00056
1978     14     0.00320
1978     15     0.01290
1978     16     0.03037
1978     17     0.05807
1978     18     0.10744
1978     19     0.17895
1978     20     0.21790
1978     21     0.22414
1978     22     0.20992
1978     23     0.18920
1978     24     0.16361
1978     25     0.14210
1978     26     0.11809
1978     27     0.09632
1978     28     0.08341
1978     29     0.06702
1978     30     0.05381
1978     31     0.04232
1978     32     0.03424
1978     33     0.02618
1978     34     0.02161
1978     35     0.01686
1978     36     0.01355
1978     37     0.01038
1978     38     0.00871
1978     39     0.00594
1978     40     0.00392
1978     41     0.00294
1978     42     0.00207
1978     43     0.00105
1978     44     0.00098
1978     45     0.00042
1978     46     0.00018
1978     47     0.00003
1978     48     0.00006
1978     49     0.00003
1978     50     0.00004
1978     51     0.00004
1978     52     0.00002
1978     53     0.00001
1978     54     0.00000
1978     55+    0.00000
1979     12-    0.00005
1979     13     0.00065
1979     14     0.00429
1979     15     0.01359
1979     16     0.03348
1979     17     0.06010
1979     18     0.11160
1979     19     0.18174
1979     20     0.22146
1979     21     0.22469
1979     22     0.21403
1979     23     0.19042
1979     24     0.16263
1979     25     0.13992
1979     26     0.11657
1979     27     0.09658
1979     28     0.07960
1979     29     0.06523
1979     30     0.05182
1979     31     0.04324
1979     32     0.03277
1979     33     0.02608
1979     34     0.01981
1979     35     0.01548
1979     36     0.01272
1979     37     0.00978
1979     38     0.00843
1979     39     0.00653
1979     40     0.00382
1979     41     0.00322
1979     42     0.00169
1979     43     0.00146
1979     44     0.00087
1979     45     0.00039
1979     46     0.00020
1979     47     0.00018
1979     48     0.00010
1979     49     0.00003
1979     50     0.00008
1979     51     0.00008
1979     52     0.00004
1979     53     0.00002
1979     54     0.00000
1979     55+    0.00000
1980     12-    0.00008
1980     13     0.00064
1980     14     0.00389
1980     15     0.01384
1980     16     0.03410
1980     17     0.05941
1980     18     0.10876
1980     19     0.18014
1980     20     0.21231
1980     21     0.21726
1980     22     0.20495
1980     23     0.17684
1980     24     0.15627
1980     25     0.13173
1980     26     0.11014
1980     27     0.08926
1980     28     0.07612
1980     29     0.05873
1980     30     0.04809
1980     31     0.03813
1980     32     0.03125
1980     33     0.02343
1980     34     0.01816
1980     35     0.01486
1980     36     0.01148
1980     37     0.00934
1980     38     0.00671
1980     39     0.00607
1980     40     0.00398
1980     41     0.00295
1980     42     0.00199
1980     43     0.00119
1980     44     0.00073
1980     45     0.00028
1980     46     0.00014
1980     47     0.00016
1980     48     0.00008
1980     49     0.00002
1980     50     0.00004
1980     51     0.00005
1980     52     0.00003
1980     53     0.00001
1980     54     0.00000
1980     55+    0.00000
1981     12-    0.00003
1981     13     0.00061
1981     14     0.00386
1981     15     0.01294
1981     16     0.03278
1981     17     0.06068
1981     18     0.10718
1981     19     0.16911
1981     20     0.20529
1981     21     0.21187
1981     22     0.19647
1981     23     0.17578
1981     24     0.15490
1981     25     0.12867
1981     26     0.10761
1981     27     0.08631
1981     28     0.07050
1981     29     0.05792
1981     30     0.04696
1981     31     0.03871
1981     32     0.03054
1981     33     0.02532
1981     34     0.01889
1981     35     0.01459
1981     36     0.01046
1981     37     0.00990
1981     38     0.00740
1981     39     0.00642
1981     40     0.00353
1981     41     0.00330
1981     42     0.00174
1981     43     0.00105
1981     44     0.00059
1981     45     0.00035
1981     46     0.00016
1981     47     0.00003
1981     48     0.00005
1981     49     0.00003
1981     50     0.00003
1981     51     0.00003
1981     52     0.00001
1981     53     0.00001
1981     54     0.00000
1981     55+    0.00000
1982     12-    0.00005
1982     13     0.00083
1982     14     0.00558
1982     15     0.01723
1982     16     0.03567
1982     17     0.06394
1982     18     0.11393
1982     19     0.17668
1982     20     0.20494
1982     21     0.20563
1982     22     0.19277
1982     23     0.17257
1982     24     0.15220
1982     25     0.13142
1982     26     0.10726
1982     27     0.08832
1982     28     0.07247
1982     29     0.05682
1982     30     0.04680
1982     31     0.03694
1982     32     0.02981
1982     33     0.02395
1982     34     0.01891
1982     35     0.01440
1982     36     0.01178
1982     37     0.00903
1982     38     0.00678
1982     39     0.00493
1982     40     0.00381
1982     41     0.00261
1982     42     0.00181
1982     43     0.00110
1982     44     0.00038
1982     45     0.00035
1982     46     0.00019
1982     47     0.00012
1982     48     0.00003
1982     49     0.00003
1982     50     0.00004
1982     51     0.00004
1982     52     0.00002
1982     53     0.00001
1982     54     0.00000
1982     55+    0.00000
1983     12-    0.00003
1983     13     0.00080
1983     14     0.00506
1983     15     0.01511
1983     16     0.03591
1983     17     0.06204
1983     18     0.11149
1983     19     0.17496
1983     20     0.20107
1983     21     0.20256
1983     22     0.18713
1983     23     0.17327
1983     24     0.15251
1983     25     0.13115
1983     26     0.11046
1983     27     0.08873
1983     28     0.07424
1983     29     0.05972
1983     30     0.04918
1983     31     0.03898
1983     32     0.03067
1983     33     0.02432
1983     34     0.01947
1983     35     0.01485
1983     36     0.01189
1983     37     0.00865
1983     38     0.00663
1983     39     0.00502
1983     40     0.00378
1983     41     0.00266
1983     42     0.00156
1983     43     0.00111
1983     44     0.00056
1983     45     0.00029
1983     46     0.00007
1983     47     0.00010
1983     48     0.00000
1983     49     0.00002
1983     50     0.00004
1983     51     0.00004
1983     52     0.00002
1983     53     0.00001
1983     54     0.00000
1983     55+    0.00000
1984     12-    0.00010
1984     13     0.00070
1984     14     0.00499
1984     15     0.01540
1984     16     0.03444
1984     17     0.06214
1984     18     0.11102
1984     19     0.17735
1984     20     0.20577
1984     21     0.19956
1984     22     0.18749
1984     23     0.16869
1984     24     0.14982
1984     25     0.12940
1984     26     0.11246
1984     27     0.09045
1984     28     0.07414
1984     29     0.06113
1984     30     0.05101
1984     31     0.03888
1984     32     0.03296
1984     33     0.02370
1984     34     0.02010
1984     35     0.01460
1984     36     0.01161
1984     37     0.00881
1984     38     0.00733
1984     39     0.00504
1984     40     0.00389
1984     41     0.00229
1984     42     0.00168
1984     43     0.00095
1984     44     0.00054
1984     45     0.00030
1984     46     0.00013
1984     47     0.00000
1984     48     0.00002
1984     49     0.00003
1984     50     0.00002
1984     51     0.00001
1984     52     0.00001
1984     53     0.00000
1984     54     0.00000
1984     55+    0.00000
1985     12-    0.00010
1985     13     0.00080
1985     14     0.00557
1985     15     0.01635
1985     16     0.03657
1985     17     0.06293
1985     18     0.11280
1985     19     0.16881
1985     20     0.19913
1985     21     0.19932
1985     22     0.18058
1985     23     0.16637
1985     24     0.14469
1985     25     0.12853
1985     26     0.10668
1985     27     0.09157
1985     28     0.07227
1985     29     0.06111
1985     30     0.04946
1985     31     0.03937
1985     32     0.03205
1985     33     0.02633
1985     34     0.01979
1985     35     0.01468
1985     36     0.01137
1985     37     0.00899
1985     38     0.00709
1985     39     0.00510
1985     40     0.00353
1985     41     0.00258
1985     42     0.00160
1985     43     0.00092
1985     44     0.00066
1985     45     0.00028
1985     46     0.00008
1985     47     0.00005
1985     48     0.00002
1985     49     0.00002
1985     50     0.00002
1985     51     0.00001
1985     52     0.00001
1985     53     0.00001
1985     54     0.00000
1985     55+    0.00000
1986     12-    0.00013
1986     13     0.00107
1986     14     0.00450
1986     15     0.01409
1986     16     0.03325
1986     17     0.06347
1986     18     0.11339
1986     19     0.17512
1986     20     0.20546
1986     21     0.20370
1986     22     0.19049
1986     23     0.16964
1986     24     0.15072
1986     25     0.12821
1986     26     0.10875
1986     27     0.09099
1986     28     0.07260
1986     29     0.06175
1986     30     0.05082
1986     31     0.04110
1986     32     0.03189
1986     33     0.02565
1986     34     0.02119
1986     35     0.01478
1986     36     0.01334
1986     37     0.00986
1986     38     0.00751
1986     39     0.00551
1986     40     0.00409
1986     41     0.00257
1986     42     0.00157
1986     43     0.00101
1986     44     0.00058
1986     45     0.00031
1986     46     0.00015
1986     47     0.00009
1986     48     0.00004
1986     49     0.00000
1986     50     0.00007
1986     51     0.00000
1986     52     0.00000
1986     53     0.00000
1986     54     0.00000
1986     55+    0.00000
1987     12-    0.00007
1987     13     0.00076
1987     14     0.00463
1987     15     0.01439
1987     16     0.03420
1987     17     0.05868
1987     18     0.10825
1987     19     0.16982
1987     20     0.19406
1987     21     0.20081
1987     22     0.18784
1987     23     0.16871
1987     24     0.14547
1987     25     0.12572
1987     26     0.10678
1987     27     0.08910
1987     28     0.07322
1987     29     0.06001
1987     30     0.04760
1987     31     0.03870
1987     32     0.03185
1987     33     0.02483
1987     34     0.01924
1987     35     0.01643
1987     36     0.01215
1987     37     0.00905
1987     38     0.00687
1987     39     0.00534
1987     40     0.00363
1987     41     0.00273
1987     42     0.00171
1987     43     0.00116
1987     44     0.00062
1987     45     0.00021
1987     46     0.00013
1987     47     0.00002
1987     48     0.00002
1987     49     0.00004
1987     50     0.00002
1987     51     0.00001
1987     52     0.00001
1987     53     0.00001
1987     54     0.00000
1987     55+    0.00000
1988     12-    0.00006
1988     13     0.00081
1988     14     0.00476
1988     15     0.01538
1988     16     0.03336
1988     17     0.05822
1988     18     0.10269
1988     19     0.16835
1988     20     0.19995
1988     21     0.20106
1988     22     0.19194
1988     23     0.16992
1988     24     0.14800
1988     25     0.12646
1988     26     0.10934
1988     27     0.08979
1988     28     0.07150
1988     29     0.05963
1988     30     0.04903
1988     31     0.03748
1988     32     0.03000
1988     33     0.02568
1988     34     0.01943
1988     35     0.01514
1988     36     0.01307
1988     37     0.00915
1988     38     0.00660
1988     39     0.00511
1988     40     0.00368
1988     41     0.00254
1988     42     0.00186
1988     43     0.00092
1988     44     0.00035
1988     45     0.00020
1988     46     0.00011
1988     47     0.00006
1988     48     0.00006
1988     49     0.00000
1988     50     0.00000
1988     51     0.00001
1988     52     0.00002
1988     53     0.00001
1988     54     0.00001
1988     55+    0.00000
1989     12-    0.00009
1989     13     0.00103
1989     14     0.00548
1989     15     0.01600
1989     16     0.03679
1989     17     0.05812
1989     18     0.09976
1989     19     0.15855
1989     20     0.18744
1989     21     0.19550
1989     22     0.17910
1989     23     0.16473
1989     24     0.14030
1989     25     0.11913
1989     26     0.10051
1989     27     0.08380
1989     28     0.06880
1989     29     0.05781
1989     30     0.04606
1989     31     0.03606
1989     32     0.03195
1989     33     0.02352
1989     34     0.01903
1989     35     0.01540
1989     36     0.01289
1989     37     0.00965
1989     38     0.00702
1989     39     0.00517
1989     40     0.00366
1989     41     0.00265
1989     42     0.00146
1989     43     0.00080
1989     44     0.00052
1989     45     0.00042
1989     46     0.00004
1989     47     0.00000
1989     48     0.00000
1989     49     0.00000
1989     50     0.00000
1989     51     0.00001
1989     52     0.00003
1989     53     0.00002
1989     54     0.00001
1989     55+    0.00000
1990     12-    0.00013
1990     13     0.00118
1990     14     0.00634
1990     15     0.01679
1990     16     0.03500
1990     17     0.06078
1990     18     0.09633
1990     19     0.15128
1990     20     0.17562
1990     21     0.18101
1990     22     0.16943
1990     23     0.15094
1990     24     0.13078
1990     25     0.11195
1990     26     0.09427
1990     27     0.08063
1990     28     0.06515
1990     29     0.05303
1990     30     0.04234
1990     31     0.03525
1990     32     0.02898
1990     33     0.02316
1990     34     0.01906
1990     35     0.01550
1990     36     0.01160
1990     37     0.00960
1990     38     0.00668
1990     39     0.00481
1990     40     0.00350
1990     41     0.00238
1990     42     0.00190
1990     43     0.00091
1990     44     0.00039
1990     45     0.00016
1990     46     0.00013
1990     47     0.00004
1990     48     0.00002
1990     49     0.00002
1990     50     0.00000
1990     51     0.00000
1990     52     0.00001
1990     53     0.00001
1990     54     0.00000
1990     55+    0.00000
1991     12-    0.00013
1991     13     0.00167
1991     14     0.00756
1991     15     0.01926
1991     16     0.03734
1991     17     0.06077
1991     18     0.10057
1991     19     0.14526
1991     20     0.16983
1991     21     0.16492
1991     22     0.15540
1991     23     0.13513
1991     24     0.11516
1991     25     0.09842
1991     26     0.08448
1991     27     0.06836
1991     28     0.05613
1991     29     0.04483
1991     30     0.03736
1991     31     0.03003
1991     32     0.02483
1991     33     0.02008
1991     34     0.01573
1991     35     0.01343
1991     36     0.01080
1991     37     0.00740
1991     38     0.00613
1991     39     0.00458
1991     40     0.00354
1991     41     0.00215
1991     42     0.00148
1991     43     0.00081
1991     44     0.00049
1991     45     0.00024
1991     46     0.00005
1991     47     0.00004
1991     48     0.00002
1991     49     0.00000
1991     50     0.00000
1991     51     0.00000
1991     52     0.00001
1991     53     0.00001
1991     54     0.00000
1991     55+    0.00000
1992     12-    0.00017
1992     13     0.00204
1992     14     0.00766
1992     15     0.02033
1992     16     0.03825
1992     17     0.06010
1992     18     0.09241
1992     19     0.13724
1992     20     0.15176
1992     21     0.15397
1992     22     0.14185
1992     23     0.12497
1992     24     0.11087
1992     25     0.09459
1992     26     0.07742
1992     27     0.06265
1992     28     0.05179
1992     29     0.04245
1992     30     0.03597
1992     31     0.02802
1992     32     0.02506
1992     33     0.01877
1992     34     0.01544
1992     35     0.01252
1992     36     0.00910
1992     37     0.00799
1992     38     0.00625
1992     39     0.00437
1992     40     0.00360
1992     41     0.00250
1992     42     0.00191
1992     43     0.00085
1992     44     0.00044
1992     45     0.00018
1992     46     0.00011
1992     47     0.00007
1992     48     0.00000
1992     49     0.00000
1992     50     0.00000
1992     51     0.00000
1992     52     0.00000
1992     53     0.00000
1992     54     0.00000
1992     55+    0.00000
1993     12-    0.00025
1993     13     0.00179
1993     14     0.00826
1993     15     0.02055
1993     16     0.03732
1993     17     0.05800
1993     18     0.08507
1993     19     0.12421
1993     20     0.13988
1993     21     0.13892
1993     22     0.13002
1993     23     0.11910
1993     24     0.10570
1993     25     0.09265
1993     26     0.07532
1993     27     0.06238
1993     28     0.05331
1993     29     0.04169
1993     30     0.03506
1993     31     0.02758
1993     32     0.02285
1993     33     0.01942
1993     34     0.01549
1993     35     0.01222
1993     36     0.00963
1993     37     0.00781
1993     38     0.00647
1993     39     0.00510
1993     40     0.00349
1993     41     0.00260
1993     42     0.00164
1993     43     0.00075
1993     44     0.00050
1993     45     0.00036
1993     46     0.00011
1993     47     0.00003
1993     48     0.00002
1993     49     0.00002
1993     50     0.00000
1993     51     0.00000
1993     52     0.00000
1993     53     0.00000
1993     54     0.00000
1993     55+    0.00000
1994     12-    0.00009
1994     13     0.00166
1994     14     0.00793
1994     15     0.01977
1994     16     0.03724
1994     17     0.05477
1994     18     0.07836
1994     19     0.10602
1994     20     0.12020
1994     21     0.12594
1994     22     0.11915
1994     23     0.11161
1994     24     0.09851
1994     25     0.08802
1994     26     0.07715
1994     27     0.06417
1994     28     0.05308
1994     29     0.04408
1994     30     0.03589
1994     31     0.02824
1994     32     0.02381
1994     33     0.01852
1994     34     0.01467
1994     35     0.01284
1994     36     0.01050
1994     37     0.00745
1994     38     0.00584
1994     39     0.00415
1994     40     0.00338
1994     41     0.00194
1994     42     0.00140
1994     43     0.00094
1994     44     0.00047
1994     45     0.00019
1994     46     0.00011
1994     47     0.00005
1994     48     0.00003
1994     49     0.00000
1994     50     0.00000
1994     51     0.00000
1994     52     0.00000
1994     53     0.00000
1994     54     0.00000
1994     55+    0.00000
1995     12-    0.00004
1995     13     0.00142
1995     14     0.00695
1995     15     0.01778
1995     16     0.03284
1995     17     0.04727
1995     18     0.06991
1995     19     0.09332
1995     20     0.10465
1995     21     0.10705
1995     22     0.10554
1995     23     0.09928
1995     24     0.09484
1995     25     0.08310
1995     26     0.07254
1995     27     0.06089
1995     28     0.04931
1995     29     0.04166
1995     30     0.03430
1995     31     0.02651
1995     32     0.02223
1995     33     0.01679
1995     34     0.01424
1995     35     0.01167
1995     36     0.00943
1995     37     0.00729
1995     38     0.00589
1995     39     0.00392
1995     40     0.00309
1995     41     0.00231
1995     42     0.00101
1995     43     0.00082
1995     44     0.00037
1995     45     0.00017
1995     46     0.00011
1995     47     0.00005
1995     48     0.00000
1995     49     0.00002
1995     50     0.00000
1995     51     0.00001
1995     52     0.00001
1995     53     0.00001
1995     54     0.00001
1995     55+    0.00000
1996     12-    0.00019
1996     13     0.00150
1996     14     0.00702
1996     15     0.01701
1996     16     0.03204
1996     17     0.04826
1996     18     0.06582
1996     19     0.08721
1996     20     0.10031
1996     21     0.10416
1996     22     0.10429
1996     23     0.10051
1996     24     0.09468
1996     25     0.08594
1996     26     0.07436
1996     27     0.06445
1996     28     0.05436
1996     29     0.04597
1996     30     0.03723
1996     31     0.02813
1996     32     0.02273
1996     33     0.01816
1996     34     0.01483
1996     35     0.01147
1996     36     0.00978
1996     37     0.00800
1996     38     0.00571
1996     39     0.00425
1996     40     0.00325
1996     41     0.00238
1996     42     0.00157
1996     43     0.00077
1996     44     0.00033
1996     45     0.00021
1996     46     0.00014
1996     47     0.00002
1996     48     0.00000
1996     49     0.00003
1996     50     0.00000
1996     51     0.00000
1996     52     0.00000
1996     53     0.00000
1996     54     0.00000
1996     55+    0.00000
1997     12-    0.00002
1997     13     0.00124
1997     14     0.00622
1997     15     0.01502
1997     16     0.02712
1997     17     0.04109
1997     18     0.05849
1997     19     0.07938
1997     20     0.09042
1997     21     0.08992
1997     22     0.08904
1997     23     0.08686
1997     24     0.08426
1997     25     0.07742
1997     26     0.06760
1997     27     0.05830
1997     28     0.04757
1997     29     0.04124
1997     30     0.03391
1997     31     0.02840
1997     32     0.02230
1997     33     0.01623
1997     34     0.01443
1997     35     0.01202
1997     36     0.00893
1997     37     0.00719
1997     38     0.00560
1997     39     0.00334
1997     40     0.00307
1997     41     0.00235
1997     42     0.00151
1997     43     0.00088
1997     44     0.00040
1997     45     0.00021
1997     46     0.00011
1997     47     0.00002
1997     48     0.00005
1997     49     0.00002
1997     50     0.00000
1997     51     0.00000
1997     52     0.00000
1997     53     0.00000
1997     54     0.00000
1997     55+    0.00000
1998     12-    0.00013
1998     13     0.00101
1998     14     0.00547
1998     15     0.01521
1998     16     0.02868
1998     17     0.04153
1998     18     0.05947
1998     19     0.07742
1998     20     0.08716
1998     21     0.08835
1998     22     0.09093
1998     23     0.08860
1998     24     0.08679
1998     25     0.08095
1998     26     0.07361
1998     27     0.06129
1998     28     0.05306
1998     29     0.04226
1998     30     0.03845
1998     31     0.03026
1998     32     0.02256
1998     33     0.01961
1998     34     0.01420
1998     35     0.01108
1998     36     0.00907
1998     37     0.00722
1998     38     0.00567
1998     39     0.00406
1998     40     0.00325
1998     41     0.00202
1998     42     0.00110
1998     43     0.00096
1998     44     0.00024
1998     45     0.00019
1998     46     0.00007
1998     47     0.00002
1998     48     0.00000
1998     49     0.00000
1998     50     0.00000
1998     51     0.00000
1998     52     0.00000
1998     53     0.00000
1998     54     0.00000
1998     55+    0.00000
1999     12-    0.00018
1999     13     0.00101
1999     14     0.00569
1999     15     0.01695
1999     16     0.03231
1999     17     0.04521
1999     18     0.06272
1999     19     0.08563
1999     20     0.09507
1999     21     0.09529
1999     22     0.09706
1999     23     0.09576
1999     24     0.09531
1999     25     0.09068
1999     26     0.08281
1999     27     0.07135
1999     28     0.06137
1999     29     0.05281
1999     30     0.04334
1999     31     0.03493
1999     32     0.02913
1999     33     0.02112
1999     34     0.01717
1999     35     0.01327
1999     36     0.01060
1999     37     0.00771
1999     38     0.00673
1999     39     0.00490
1999     40     0.00354
1999     41     0.00199
1999     42     0.00151
1999     43     0.00072
1999     44     0.00041
1999     45     0.00017
1999     46     0.00005
1999     47     0.00000
1999     48     0.00000
1999     49     0.00000
1999     50     0.00002
1999     51     0.00000
1999     52     0.00000
1999     53     0.00000
1999     54     0.00000
1999     55+    0.00000
2000     12-    0.00014
2000     13     0.00098
2000     14     0.00686
2000     15     0.01599
2000     16     0.03050
2000     17     0.04464
2000     18     0.06118
2000     19     0.08008
2000     20     0.09297
2000     21     0.09529
2000     22     0.09641
2000     23     0.09628
2000     24     0.09450
2000     25     0.09209
2000     26     0.08613
2000     27     0.07792
2000     28     0.06695
2000     29     0.05932
2000     30     0.04801
2000     31     0.03792
2000     32     0.03167
2000     33     0.02661
2000     34     0.01994
2000     35     0.01468
2000     36     0.01230
2000     37     0.01021
2000     38     0.00729
2000     39     0.00489
2000     40     0.00390
2000     41     0.00253
2000     42     0.00196
2000     43     0.00085
2000     44     0.00060
2000     45     0.00022
2000     46     0.00010
2000     47     0.00005
2000     48     0.00007
2000     49     0.00002
2000     50     0.00002
2000     51     0.00001
2000     52     0.00000
2000     53     0.00000
2000     54     0.00000
2000     55+    0.00000
2001     12-    0.00010
2001     13     0.00125
2001     14     0.00603
2001     15     0.01557
2001     16     0.02954
2001     17     0.04046
2001     18     0.05532
2001     19     0.07386
2001     20     0.08426
2001     21     0.08774
2001     22     0.08714
2001     23     0.08640
2001     24     0.08648
2001     25     0.08445
2001     26     0.07963
2001     27     0.07521
2001     28     0.06464
2001     29     0.05530
2001     30     0.04772
2001     31     0.03872
2001     32     0.03064
2001     33     0.02609
2001     34     0.01993
2001     35     0.01569
2001     36     0.01183
2001     37     0.01047
2001     38     0.00689
2001     39     0.00512
2001     40     0.00385
2001     41     0.00219
2001     42     0.00167
2001     43     0.00096
2001     44     0.00030
2001     45     0.00014
2001     46     0.00016
2001     47     0.00004
2001     48     0.00000
2001     49     0.00005
2001     50     0.00002
2001     51     0.00000
2001     52     0.00000
2001     53     0.00000
2001     54     0.00000
2001     55+    0.00000
2002     12-    0.00008
2002     13     0.00118
2002     14     0.00500
2002     15     0.01487
2002     16     0.02749
2002     17     0.03845
2002     18     0.05097
2002     19     0.07035
2002     20     0.07632
2002     21     0.08473
2002     22     0.08235
2002     23     0.08375
2002     24     0.08620
2002     25     0.08613
2002     26     0.07980
2002     27     0.07320
2002     28     0.06861
2002     29     0.05751
2002     30     0.05001
2002     31     0.04150
2002     32     0.03215
2002     33     0.02611
2002     34     0.02147
2002     35     0.01683
2002     36     0.01239
2002     37     0.00879
2002     38     0.00715
2002     39     0.00497
2002     40     0.00398
2002     41     0.00211
2002     42     0.00131
2002     43     0.00088
2002     44     0.00025
2002     45     0.00016
2002     46     0.00007
2002     47     0.00003
2002     48     0.00002
2002     49     0.00000
2002     50     0.00002
2002     51     0.00000
2002     52     0.00000
2002     53     0.00000
2002     54     0.00000
2002     55+    0.00000
2003     12-    0.00011
2003     13     0.00108
2003     14     0.00548
2003     15     0.01480
2003     16     0.02828
2003     17     0.04024
2003     18     0.04892
2003     19     0.06474
2003     20     0.07948
2003     21     0.07846
2003     22     0.08113
2003     23     0.08440
2003     24     0.08517
2003     25     0.08586
2003     26     0.08385
2003     27     0.07522
2003     28     0.07123
2003     29     0.06281
2003     30     0.05414
2003     31     0.04585
2003     32     0.03516
2003     33     0.03037
2003     34     0.02321
2003     35     0.01863
2003     36     0.01444
2003     37     0.01051
2003     38     0.00779
2003     39     0.00583
2003     40     0.00393
2003     41     0.00218
2003     42     0.00151
2003     43     0.00084
2003     44     0.00059
2003     45     0.00024
2003     46     0.00007
2003     47     0.00004
2003     48     0.00000
2003     49     0.00000
2003     50     0.00002
2003     51     0.00000
2003     52     0.00000
2003     53     0.00000
2003     54     0.00000
2003     55+    0.00000
2004     12-    0.00005
2004     13     0.00107
2004     14     0.00614
2004     15     0.01693
2004     16     0.02954
2004     17     0.04127
2004     18     0.05085
2004     19     0.06588
2004     20     0.07908
2004     21     0.08044
2004     22     0.08394
2004     23     0.08686
2004     24     0.08642
2004     25     0.08796
2004     26     0.08562
2004     27     0.08006
2004     28     0.07582
2004     29     0.06616
2004     30     0.05753
2004     31     0.05257
2004     32     0.04035
2004     33     0.03382
2004     34     0.02633
2004     35     0.01997
2004     36     0.01719
2004     37     0.01211
2004     38     0.00862
2004     39     0.00580
2004     40     0.00442
2004     41     0.00284
2004     42     0.00200
2004     43     0.00089
2004     44     0.00062
2004     45     0.00018
2004     46     0.00002
2004     47     0.00002
2004     48     0.00000
2004     49     0.00000
2004     50     0.00000
2004     51     0.00000
2004     52     0.00001
2004     53     0.00000
2004     54     0.00000
2004     55+    0.00000
2005     12-    0.00015
2005     13     0.00133
2005     14     0.00759
2005     15     0.01838
2005     16     0.02995
2005     17     0.03967
2005     18     0.04639
2005     19     0.05953
2005     20     0.07432
2005     21     0.08042
2005     22     0.08068
2005     23     0.08494
2005     24     0.08636
2005     25     0.08797
2005     26     0.08938
2005     27     0.08596
2005     28     0.08022
2005     29     0.07216
2005     30     0.06639
2005     31     0.05593
2005     32     0.04678
2005     33     0.03953
2005     34     0.02984
2005     35     0.02471
2005     36     0.01797
2005     37     0.01291
2005     38     0.01003
2005     39     0.00614
2005     40     0.00392
2005     41     0.00311
2005     42     0.00203
2005     43     0.00132
2005     44     0.00041
2005     45     0.00027
2005     46     0.00004
2005     47     0.00004
2005     48     0.00000
2005     49     0.00000
2005     50     0.00000
2005     51     0.00000
2005     52     0.00001
2005     53     0.00001
2005     54     0.00000
2005     55+    0.00000
2006     12-    0.00016
2006     13     0.00139
2006     14     0.00795
2006     15     0.01936
2006     16     0.03249
2006     17     0.04141
2006     18     0.04929
2006     19     0.05995
2006     20     0.07403
2006     21     0.08053
2006     22     0.08363
2006     23     0.08684
2006     24     0.08922
2006     25     0.09119
2006     26     0.09073
2006     27     0.08982
2006     28     0.08714
2006     29     0.07820
2006     30     0.07076
2006     31     0.06273
2006     32     0.05300
2006     33     0.04309
2006     34     0.03445
2006     35     0.02714
2006     36     0.02080
2006     37     0.01464
2006     38     0.01106
2006     39     0.00843
2006     40     0.00494
2006     41     0.00354
2006     42     0.00184
2006     43     0.00086
2006     44     0.00045
2006     45     0.00032
2006     46     0.00006
2006     47     0.00007
2006     48     0.00002
2006     49     0.00000
2006     50     0.00000
2006     51     0.00000
2006     52     0.00000
2006     53     0.00000
2006     54     0.00000
2006     55+    0.00000
2007     12-    0.00015
2007     13     0.00222
2007     14     0.00830
2007     15     0.01963
2007     16     0.03215
2007     17     0.04412
2007     18     0.04866
2007     19     0.06026
2007     20     0.07144
2007     21     0.07780
2007     22     0.08104
2007     23     0.08781
2007     24     0.08970
2007     25     0.09400
2007     26     0.09395
2007     27     0.09305
2007     28     0.08889
2007     29     0.08065
2007     30     0.07428
2007     31     0.06824
2007     32     0.05565
2007     33     0.04905
2007     34     0.03957
2007     35     0.03095
2007     36     0.02372
2007     37     0.01749
2007     38     0.01292
2007     39     0.00957
2007     40     0.00613
2007     41     0.00404
2007     42     0.00232
2007     43     0.00112
2007     44     0.00096
2007     45     0.00034
2007     46     0.00013
2007     47     0.00006
2007     48     0.00004
2007     49     0.00002
2007     50     0.00000
2007     51     0.00002
2007     52     0.00003
2007     53     0.00002
2007     54     0.00001
2007     55+    0.00000
2008     12-    0.00025
2008     13     0.00245
2008     14     0.01007
2008     15     0.02161
2008     16     0.03375
2008     17     0.04532
2008     18     0.05132
2008     19     0.06211
2008     20     0.07410
2008     21     0.07931
2008     22     0.08164
2008     23     0.08771
2008     24     0.09170
2008     25     0.09551
2008     26     0.09617
2008     27     0.09501
2008     28     0.09173
2008     29     0.08654
2008     30     0.08010
2008     31     0.07413
2008     32     0.06437
2008     33     0.05273
2008     34     0.04331
2008     35     0.03496
2008     36     0.02795
2008     37     0.01853
2008     38     0.01433
2008     39     0.00987
2008     40     0.00747
2008     41     0.00429
2008     42     0.00256
2008     43     0.00137
2008     44     0.00066
2008     45     0.00036
2008     46     0.00013
2008     47     0.00011
2008     48     0.00008
2008     49     0.00000
2008     50     0.00001
2008     51     0.00002
2008     52     0.00001
2008     53     0.00001
2008     54     0.00000
2008     55+    0.00000
2009     12-    0.00020
2009     13     0.00242
2009     14     0.01142
2009     15     0.02516
2009     16     0.03640
2009     17     0.04879
2009     18     0.05454
2009     19     0.06556
2009     20     0.07364
2009     21     0.08069
2009     22     0.08243
2009     23     0.08799
2009     24     0.09473
2009     25     0.09909
2009     26     0.10165
2009     27     0.10074
2009     28     0.09876
2009     29     0.09000
2009     30     0.08714
2009     31     0.07697
2009     32     0.06762
2009     33     0.05951
2009     34     0.04947
2009     35     0.04074
2009     36     0.03155
2009     37     0.02394
2009     38     0.01707
2009     39     0.01217
2009     40     0.00779
2009     41     0.00556
2009     42     0.00309
2009     43     0.00146
2009     44     0.00107
2009     45     0.00063
2009     46     0.00032
2009     47     0.00006
2009     48     0.00004
2009     49     0.00002
2009     50     0.00000
2009     51     0.00000
2009     52     0.00000
2009     53     0.00000
2009     54     0.00000
2009     55+    0.00000
2010     12-    0.00018
2010     13     0.00182
2010     14     0.00913
2010     15     0.02248
2010     16     0.03566
2010     17     0.04149
2010     18     0.04711
2010     19     0.05737
2010     20     0.06700
2010     21     0.06808
2010     22     0.07452
2010     23     0.07997
2010     24     0.08848
2010     25     0.09211
2010     26     0.09521
2010     27     0.09599
2010     28     0.09344
2010     29     0.08956
2010     30     0.08613
2010     31     0.07756
2010     32     0.06736
2010     33     0.05947
2010     34     0.05342
2010     35     0.04219
2010     36     0.03353
2010     37     0.02500
2010     38     0.01906
2010     39     0.01309
2010     40     0.00882
2010     41     0.00564
2010     42     0.00325
2010     43     0.00167
2010     44     0.00086
2010     45     0.00056
2010     46     0.00012
2010     47     0.00014
2010     48     0.00019
2010     49     0.00008
2010     50     0.00008
2010     51     0.00000
2010     52     0.00000
2010     53     0.00000
2010     54     0.00000
2010     55+    0.00004
2011     12-    0.00016
2011     13     0.00202
2011     14     0.00908
2011     15     0.02194
2011     16     0.03483
2011     17     0.04419
2011     18     0.04644
2011     19     0.05589
2011     20     0.06479
2011     21     0.06578
2011     22     0.06787
2011     23     0.07302
2011     24     0.07860
2011     25     0.08717
2011     26     0.09210
2011     27     0.08982
2011     28     0.09000
2011     29     0.08680
2011     30     0.08274
2011     31     0.07182
2011     32     0.06865
2011     33     0.05934
2011     34     0.05014
2011     35     0.04002
2011     36     0.03277
2011     37     0.02626
2011     38     0.01897
2011     39     0.01401
2011     40     0.00959
2011     41     0.00574
2011     42     0.00353
2011     43     0.00191
2011     44     0.00098
2011     45     0.00061
2011     46     0.00036
2011     47     0.00006
2011     48     0.00014
2011     49     0.00006
2011     50     0.00002
2011     51     0.00002
2011     52     0.00000
2011     53     0.00004
2011     54     0.00000
2011     55+    0.00000
2012     12-    0.00009
2012     13     0.00144
2012     14     0.00716
2012     15     0.02081
2012     16     0.03449
2012     17     0.04495
2012     18     0.04965
2012     19     0.05693
2012     20     0.06234
2012     21     0.06566
2012     22     0.07066
2012     23     0.07198
2012     24     0.07806
2012     25     0.08651
2012     26     0.09024
2012     27     0.09222
2012     28     0.08848
2012     29     0.08590
2012     30     0.08119
2012     31     0.07351
2012     32     0.06587
2012     33     0.05803
2012     34     0.05154
2012     35     0.04317
2012     36     0.03407
2012     37     0.02647
2012     38     0.01848
2012     39     0.01461
2012     40     0.00960
2012     41     0.00565
2012     42     0.00391
2012     43     0.00226
2012     44     0.00066
2012     45     0.00086
2012     46     0.00035
2012     47     0.00015
2012     48     0.00017
2012     49     0.00006
2012     50     0.00006
2012     51     0.00012
2012     52     0.00000
2012     53     0.00000
2012     54     0.00000
2012     55+    0.00004
2013     12-    0.00016
2013     13     0.00135
2013     14     0.00799
2013     15     0.01937
2013     16     0.03311
2013     17     0.04519
2013     18     0.04923
2013     19     0.05830
2013     20     0.06392
2013     21     0.06693
2013     22     0.06783
2013     23     0.07157
2013     24     0.07506
2013     25     0.08228
2013     26     0.08556
2013     27     0.08975
2013     28     0.09088
2013     29     0.08463
2013     30     0.07914
2013     31     0.07463
2013     32     0.06442
2013     33     0.05655
2013     34     0.05082
2013     35     0.04164
2013     36     0.03419
2013     37     0.02569
2013     38     0.02029
2013     39     0.01451
2013     40     0.01057
2013     41     0.00581
2013     42     0.00390
2013     43     0.00246
2013     44     0.00104
2013     45     0.00058
2013     46     0.00049
2013     47     0.00022
2013     48     0.00006
2013     49     0.00012
2013     50     0.00006
2013     51     0.00002
2013     52     0.00000
2013     53     0.00000
2013     54     0.00000
2013     55+    0.00002
2014     12-    0.00007
2014     13     0.00164
2014     14     0.00835
2014     15     0.02084
2014     16     0.03039
2014     17     0.04396
2014     18     0.05051
2014     19     0.05896
2014     20     0.06682
2014     21     0.06684
2014     22     0.06903
2014     23     0.07279
2014     24     0.07843
2014     25     0.08300
2014     26     0.08802
2014     27     0.08891
2014     28     0.09241
2014     29     0.08829
2014     30     0.08243
2014     31     0.07732
2014     32     0.06872
2014     33     0.06103
2014     34     0.05372
2014     35     0.04638
2014     36     0.03855
2014     37     0.02894
2014     38     0.02169
2014     39     0.01696
2014     40     0.01146
2014     41     0.00657
2014     42     0.00470
2014     43     0.00277
2014     44     0.00123
2014     45     0.00083
2014     46     0.00050
2014     47     0.00035
2014     48     0.00024
2014     49     0.00019
2014     50     0.00010
2014     51     0.00008
2014     52     0.00000
2014     53     0.00004
2014     54     0.00000
2014     55+    0.00000
2015     12-    0.00007
2015     13     0.00115
2015     14     0.00831
2015     15     0.02023
2015     16     0.03215
2015     17     0.04037
2015     18     0.04672
2015     19     0.05844
2015     20     0.06458
2015     21     0.06736
2015     22     0.06862
2015     23     0.07234
2015     24     0.07431
2015     25     0.08216
2015     26     0.08801
2015     27     0.08913
2015     28     0.08993
2015     29     0.08985
2015     30     0.08459
2015     31     0.07933
2015     32     0.07106
2015     33     0.06145
2015     34     0.05344
2015     35     0.04526
2015     36     0.03831
2015     37     0.03050
2015     38     0.02376
2015     39     0.01702
2015     40     0.01199
2015     41     0.00792
2015     42     0.00439
2015     43     0.00263
2015     44     0.00163
2015     45     0.00112
2015     46     0.00074
2015     47     0.00065
2015     48     0.00033
2015     49     0.00018
2015     50     0.00009
2015     51     0.00010
2015     52     0.00004
2015     53     0.00004
2015     54     0.00000
2015     55+    0.00000
2016     12-    0.00016
2016     13     0.00142
2016     14     0.00715
2016     15     0.02071
2016     16     0.03164
2016     17     0.04153
2016     18     0.04442
2016     19     0.05439
2016     20     0.06128
2016     21     0.06566
2016     22     0.07187
2016     23     0.07372
2016     24     0.07744
2016     25     0.08425
2016     26     0.08875
2016     27     0.08863
2016     28     0.09029
2016     29     0.08966
2016     30     0.08567
2016     31     0.08026
2016     32     0.07145
2016     33     0.06397
2016     34     0.05470
2016     35     0.04570
2016     36     0.03811
2016     37     0.03198
2016     38     0.02414
2016     39     0.01788
2016     40     0.01330
2016     41     0.00864
2016     42     0.00535
2016     43     0.00326
2016     44     0.00178
2016     45     0.00144
2016     46     0.00076
2016     47     0.00058
2016     48     0.00048
2016     49     0.00033
2016     50     0.00002
2016     51     0.00017
2016     52     0.00013
2016     53     0.00002
2016     54     0.00002
2016     55+    0.00000
2017     12-    0.00003
2017     13     0.00139
2017     14     0.00745
2017     15     0.01806
2017     16     0.03395
2017     17     0.04252
2017     18     0.04604
2017     19     0.05155
2017     20     0.06162
2017     21     0.06806
2017     22     0.06986
2017     23     0.07498
2017     24     0.07989
2017     25     0.08323
2017     26     0.08664
2017     27     0.09026
2017     28     0.09091
2017     29     0.09056
2017     30     0.08434
2017     31     0.07963
2017     32     0.07138
2017     33     0.06515
2017     34     0.05718
2017     35     0.04912
2017     36     0.03983
2017     37     0.03371
2017     38     0.02400
2017     39     0.01910
2017     40     0.01386
2017     41     0.00955
2017     42     0.00555
2017     43     0.00417
2017     44     0.00195
2017     45     0.00109
2017     46     0.00123
2017     47     0.00072
2017     48     0.00054
2017     49     0.00019
2017     50     0.00033
2017     51     0.00009
2017     52     0.00006
2017     53     0.00000
2017     54     0.00000
2017     55+    0.00006
2018     12-    0.00013
2018     13     0.00149
2018     14     0.00652
2018     15     0.01824
2018     16     0.03168
2018     17     0.04288
2018     18     0.04871
2018     19     0.05144
2018     20     0.05664
2018     21     0.06390
2018     22     0.07166
2018     23     0.07228
2018     24     0.08031
2018     25     0.08533
2018     26     0.09114
2018     27     0.08996
2018     28     0.09003
2018     29     0.08712
2018     30     0.08552
2018     31     0.08065
2018     32     0.07213
2018     33     0.06487
2018     34     0.05778
2018     35     0.04654
2018     36     0.04105
2018     37     0.03407
2018     38     0.02458
2018     39     0.02002
2018     40     0.01454
2018     41     0.01013
2018     42     0.00586
2018     43     0.00404
2018     44     0.00186
2018     45     0.00147
2018     46     0.00074
2018     47     0.00081
2018     48     0.00049
2018     49     0.00032
2018     50     0.00034
2018     51     0.00011
2018     52     0.00004
2018     53     0.00009
2018     54     0.00000
2018     55+    0.00006
2019     12-    0.00003
2019     13     0.00126
2019     14     0.00673
2019     15     0.01863
2019     16     0.03156
2019     17     0.03948
2019     18     0.04933
2019     19     0.05667
2019     20     0.06148
2019     21     0.06228
2019     22     0.06715
2019     23     0.07202
2019     24     0.08291
2019     25     0.08637
2019     26     0.09185
2019     27     0.09422
2019     28     0.09237
2019     29     0.09098
2019     30     0.08482
2019     31     0.08158
2019     32     0.07379
2019     33     0.06633
2019     34     0.05722
2019     35     0.04917
2019     36     0.03963
2019     37     0.03465
2019     38     0.02660
2019     39     0.02041
2019     40     0.01567
2019     41     0.01013
2019     42     0.00694
2019     43     0.00399
2019     44     0.00275
2019     45     0.00159
2019     46     0.00093
2019     47     0.00072
2019     48     0.00048
2019     49     0.00041
2019     50     0.00013
2019     51     0.00023
2019     52     0.00007
2019     53     0.00009
2019     54     0.00000
2019     55+    0.00002
2020     12-    0.00009
2020     13     0.00117
2020     14     0.00546
2020     15     0.01730
2020     16     0.02873
2020     17     0.04122
2020     18     0.04757
2020     19     0.05572
2020     20     0.05970
2020     21     0.06071
2020     22     0.06361
2020     23     0.07004
2020     24     0.08397
2020     25     0.08806
2020     26     0.08966
2020     27     0.09389
2020     28     0.09173
2020     29     0.08660
2020     30     0.08632
2020     31     0.07776
2020     32     0.07090
2020     33     0.06393
2020     34     0.05692
2020     35     0.05090
2020     36     0.04065
2020     37     0.03291
2020     38     0.02610
2020     39     0.02039
2020     40     0.01543
2020     41     0.01086
2020     42     0.00650
2020     43     0.00393
2020     44     0.00290
2020     45     0.00171
2020     46     0.00139
2020     47     0.00095
2020     48     0.00087
2020     49     0.00030
2020     50     0.00022
2020     51     0.00023
2020     52     0.00017
2020     53     0.00005
2020     54     0.00002
2020     55+    0.00002
2021     12-    0.00009
2021     13     0.00111
2021     14     0.00669
2021     15     0.01705
2021     16     0.03034
2021     17     0.03988
2021     18     0.04586
2021     19     0.05166
2021     20     0.05952
2021     21     0.06340
2021     22     0.06539
2021     23     0.07058
2021     24     0.07862
2021     25     0.08585
2021     26     0.09433
2021     27     0.09734
2021     28     0.09406
2021     29     0.08774
2021     30     0.08716
2021     31     0.08252
2021     32     0.07386
2021     33     0.06688
2021     34     0.05868
2021     35     0.05030
2021     36     0.04233
2021     37     0.03332
2021     38     0.02723
2021     39     0.02068
2021     40     0.01471
2021     41     0.01145
2021     42     0.00662
2021     43     0.00437
2021     44     0.00292
2021     45     0.00189
2021     46     0.00128
2021     47     0.00071
2021     48     0.00065
2021     49     0.00054
2021     50     0.00028
2021     51     0.00016
2021     52     0.00009
2021     53     0.00006
2021     54     0.00005
2021     55+    0.00011
