Bulgaria, Live births by calendar year and age (Lexis squares, age in completed years (ACY))
Last modified: 01/12/2022
Year    Age        Total
1947     12-        0.07
1947     13         6.46
1947     14       103.69
1947     15       397.17
1947     16      1180.54
1947     17      2715.85
1947     18      4799.06
1947     19      7430.88
1947     20     10643.45
1947     21     12863.54
1947     22     14751.50
1947     23     14707.94
1947     24     14720.21
1947     25     13523.40
1947     26     11240.37
1947     27      9693.64
1947     28      6398.33
1947     29      4230.30
1947     30      4081.02
1947     31      5138.83
1947     32      5794.70
1947     33      4400.30
1947     34      3918.83
1947     35      3812.51
1947     36      3082.73
1947     37      2658.50
1947     38      1991.74
1947     39      1545.97
1947     40      1186.34
1947     41       867.84
1947     42       664.15
1947     43       516.34
1947     44       395.72
1947     45       291.35
1947     46       222.88
1947     47       115.96
1947     48        43.62
1947     49        16.63
1947     50         6.26
1947     51         2.25
1947     52         0.77
1947     53         0.26
1947     54         0.07
1947     55+        0.00
1948     12-        0.06
1948     13         6.66
1948     14       108.10
1948     15       436.76
1948     16      1262.97
1948     17      2739.62
1948     18      4960.04
1948     19      7590.94
1948     20     10617.72
1948     21     13408.13
1948     22     14819.92
1948     23     15926.72
1948     24     15164.20
1948     25     13780.54
1948     26     12060.01
1948     27      9956.59
1948     28      8702.45
1948     29      5882.64
1948     30      3902.62
1948     31      3348.82
1948     32      4325.30
1948     33      5050.46
1948     34      3978.70
1948     35      3421.51
1948     36      3339.03
1948     37      2642.10
1948     38      2221.32
1948     39      1622.97
1948     40      1182.78
1948     41       922.21
1948     42       708.77
1948     43       551.70
1948     44       419.65
1948     45       301.82
1948     46       211.41
1948     47       118.29
1948     48        50.66
1948     49        17.02
1948     50         6.17
1948     51         2.33
1948     52         0.87
1948     53         0.30
1948     54         0.07
1948     55+        0.00
1949     12-        0.07
1949     13         6.35
1949     14       116.89
1949     15       484.52
1949     16      1422.96
1949     17      3023.48
1949     18      5167.50
1949     19      8010.85
1949     20     10734.21
1949     21     12937.15
1949     22     14586.12
1949     23     14967.52
1949     24     15598.23
1949     25     14015.90
1949     26     12227.66
1949     27     10763.37
1949     28      9070.89
1949     29      8123.06
1949     30      5335.29
1949     31      3176.77
1949     32      2799.75
1949     33      3708.68
1949     34      4402.52
1949     35      3367.41
1949     36      2840.10
1949     37      2661.96
1949     38      2042.32
1949     39      1674.51
1949     40      1153.45
1949     41       858.63
1949     42       706.74
1949     43       561.62
1949     44       439.03
1949     45       324.25
1949     46       223.48
1949     47       116.43
1949     48        53.71
1949     49        20.47
1949     50         6.50
1949     51         2.34
1949     52         0.91
1949     53         0.34
1949     54         0.08
1949     55+        0.00
1950     12-        0.07
1950     13         7.32
1950     14       119.49
1950     15       515.14
1950     16      1490.25
1950     17      3191.48
1950     18      5350.74
1950     19      7952.69
1950     20     11048.02
1950     21     13198.97
1950     22     14574.79
1950     23     15408.62
1950     24     15161.94
1950     25     14568.71
1950     26     12179.40
1950     27     10635.38
1950     28      9658.89
1950     29      8578.22
1950     30      7398.63
1950     31      4619.42
1950     32      2861.96
1950     33      2560.50
1950     34      3374.21
1950     35      3905.26
1950     36      2833.04
1950     37      2323.99
1950     38      2163.50
1950     39      1682.99
1950     40      1360.03
1950     41       979.93
1950     42       781.14
1950     43       663.23
1950     44       523.54
1950     45       394.65
1950     46       273.04
1950     47       137.72
1950     48        58.30
1950     49        23.49
1950     50         8.34
1950     51         2.60
1950     52         0.95
1950     53         0.36
1950     54         0.09
1950     55+        0.00
1951     12-        0.06
1951     13         6.52
1951     14       115.51
1951     15       444.53
1951     16      1453.85
1951     17      3132.59
1951     18      5306.97
1951     19      7527.42
1951     20      9767.11
1951     21     11459.56
1951     22     11978.45
1951     23     12113.94
1951     24     12323.63
1951     25     11430.50
1951     26     10413.77
1951     27      8795.36
1951     28      7895.24
1951     29      7396.85
1951     30      5965.07
1951     31      4950.26
1951     32      3125.65
1951     33      1958.60
1951     34      1757.61
1951     35      2385.39
1951     36      2594.03
1951     37      1854.04
1951     38      1487.68
1951     39      1349.07
1951     40       981.15
1951     41       784.61
1951     42       582.05
1951     43       461.65
1951     44       376.72
1951     45       274.71
1951     46       190.50
1951     47        96.58
1951     48        40.65
1951     49        15.66
1951     50         6.14
1951     51         2.24
1951     52         0.74
1951     53         0.27
1951     54         0.07
1951     55+        0.00
1952     12-        0.06
1952     13         6.49
1952     14       111.63
1952     15       431.56
1952     16      1256.52
1952     17      3034.49
1952     18      5185.78
1952     19      7616.09
1952     20     10095.68
1952     21     11405.30
1952     22     12305.46
1952     23     12275.63
1952     24     12247.86
1952     25     11775.38
1952     26     10249.76
1952     27      9421.42
1952     28      8088.78
1952     29      7374.53
1952     30      6220.39
1952     31      4915.13
1952     32      4101.30
1952     33      2611.51
1952     34      1649.68
1952     35      1555.46
1952     36      1907.82
1952     37      2042.83
1952     38      1445.70
1952     39      1145.91
1952     40       953.90
1952     41       700.50
1952     42       574.32
1952     43       423.37
1952     44       323.28
1952     45       244.14
1952     46       168.73
1952     47        87.56
1952     48        37.19
1952     49        14.25
1952     50         5.31
1952     51         2.12
1952     52         0.81
1952     53         0.27
1952     54         0.07
1952     55+        0.00
1953     12-        0.06
1953     13         6.77
1953     14       115.06
1953     15       424.87
1953     16      1310.16
1953     17      2841.00
1953     18      5424.52
1953     19      7881.14
1953     20     10600.44
1953     21     11650.80
1953     22     11861.57
1953     23     12066.49
1953     24     11871.38
1953     25     11286.13
1953     26     10170.10
1953     27      8891.67
1953     28      8294.44
1953     29      7207.51
1953     30      6049.42
1953     31      5028.71
1953     32      4035.52
1953     33      3427.43
1953     34      2213.55
1953     35      1470.71
1953     36      1229.24
1953     37      1507.39
1953     38      1627.85
1953     39      1170.22
1953     40       869.84
1953     41       761.86
1953     42       572.99
1953     43       464.58
1953     44       329.33
1953     45       235.91
1953     46       170.51
1953     47        88.89
1953     48        38.57
1953     49        14.72
1953     50         5.39
1953     51         2.02
1953     52         0.82
1953     53         0.31
1953     54         0.07
1953     55+        0.00
1954     12-        0.06
1954     13         6.80
1954     14       116.13
1954     15       430.53
1954     16      1312.04
1954     17      3009.54
1954     18      5120.04
1954     19      8124.67
1954     20     10565.75
1954     21     11590.32
1954     22     11493.45
1954     23     11130.35
1954     24     11338.30
1954     25     10751.57
1954     26      9563.81
1954     27      8664.63
1954     28      7711.81
1954     29      7355.14
1954     30      6029.39
1954     31      4961.90
1954     32      4230.46
1954     33      3494.22
1954     34      3040.46
1954     35      2001.60
1954     36      1194.04
1954     37       994.34
1954     38      1201.68
1954     39      1266.23
1954     40       851.28
1954     41       642.63
1954     42       549.61
1954     43       395.40
1954     44       300.80
1954     45       199.28
1954     46       135.15
1954     47        74.36
1954     48        33.02
1954     49        13.22
1954     50         4.94
1954     51         1.86
1954     52         0.73
1954     53         0.30
1954     54         0.09
1954     55+        0.00
1955     12-        0.06
1955     13         6.24
1955     14       109.84
1955     15       421.77
1955     16      1266.86
1955     17      2849.49
1955     18      5143.97
1955     19      7476.65
1955     20     10887.06
1955     21     12215.58
1955     22     12538.15
1955     23     12030.24
1955     24     11553.43
1955     25     11035.82
1955     26      9555.74
1955     27      8402.63
1955     28      7593.18
1955     29      6779.08
1955     30      6019.20
1955     31      4728.32
1955     32      3988.74
1955     33      3523.79
1955     34      3020.14
1955     35      2526.95
1955     36      1555.70
1955     37       927.99
1955     38       760.13
1955     39       895.05
1955     40       931.32
1955     41       624.27
1955     42       467.29
1955     43       393.35
1955     44       277.33
1955     45       209.24
1955     46       135.60
1955     47        71.99
1955     48        33.79
1955     49        13.68
1955     50         5.25
1955     51         1.96
1955     52         0.75
1955     53         0.30
1955     54         0.08
1955     55+        0.00
1956     12-        0.06
1956     13         6.58
1956     14       110.42
1956     15       434.64
1956     16      1302.39
1956     17      2868.56
1956     18      5028.52
1956     19      7657.00
1956     20      9936.99
1956     21     12477.82
1956     22     12807.82
1956     23     12465.16
1956     24     11693.16
1956     25     10516.82
1956     26      9187.77
1956     27      7874.10
1956     28      6996.12
1956     29      6459.27
1956     30      5509.55
1956     31      4786.45
1956     32      3902.12
1956     33      3389.28
1956     34      3037.21
1956     35      2334.98
1956     36      1905.72
1956     37      1152.47
1956     38       677.82
1956     39       546.02
1956     40       679.52
1956     41       676.02
1956     42       452.00
1956     43       331.03
1956     44       269.25
1956     45       184.64
1956     46       133.00
1956     47        67.46
1956     48        30.72
1956     49        13.19
1956     50         5.17
1956     51         2.00
1956     52         0.77
1956     53         0.30
1956     54         0.08
1956     55+        0.00
1957     12-        0.06
1957     13         6.49
1957     14       113.37
1957     15       435.76
1957     16      1370.10
1957     17      3037.37
1957     18      5214.28
1957     19      7641.29
1957     20     10077.78
1957     21     11169.55
1957     22     12581.10
1957     23     12189.16
1957     24     11623.87
1957     25     10327.05
1957     26      8533.69
1957     27      7440.14
1957     28      6421.30
1957     29      5802.85
1957     30      5055.66
1957     31      4145.39
1957     32      3682.44
1957     33      3062.33
1957     34      2670.34
1957     35      2158.01
1957     36      1678.70
1957     37      1334.39
1957     38       775.80
1957     39       438.59
1957     40       375.58
1957     41       417.65
1957     42       412.33
1957     43       275.25
1957     44       198.11
1957     45       157.22
1957     46       105.28
1957     47        60.82
1957     48        26.77
1957     49        11.35
1957     50         4.75
1957     51         1.90
1957     52         0.76
1957     53         0.29
1957     54         0.08
1957     55+        0.00
1958     12-        0.08
1958     13         6.80
1958     14       114.81
1958     15       443.34
1958     16      1343.82
1958     17      3124.50
1958     18      5392.16
1958     19      7667.36
1958     20      9628.58
1958     21     10966.01
1958     22     11039.36
1958     23     11901.67
1958     24     11551.45
1958     25     10483.16
1958     26      8669.20
1958     27      7211.86
1958     28      6422.74
1958     29      5689.96
1958     30      5006.45
1958     31      4225.31
1958     32      3535.62
1958     33      3139.62
1958     34      2555.08
1958     35      1991.64
1958     36      1590.66
1958     37      1218.86
1958     38       978.93
1958     39       582.04
1958     40       378.30
1958     41       293.38
1958     42       327.32
1958     43       309.01
1958     44       190.73
1958     45       124.65
1958     46        96.58
1958     47        50.37
1958     48        25.11
1958     49        10.23
1958     50         4.25
1958     51         1.81
1958     52         0.75
1958     53         0.30
1958     54         0.08
1958     55+        0.00
1959     12-        0.08
1959     13         8.09
1959     14       130.46
1959     15       494.67
1959     16      1566.58
1959     17      3481.40
1959     18      6178.72
1959     19      8553.84
1959     20     10108.96
1959     21     10814.51
1959     22     11031.65
1959     23     10545.51
1959     24     11373.34
1959     25     10403.38
1959     26      8739.47
1959     27      7212.19
1959     28      6032.05
1959     29      5391.11
1959     30      4558.46
1959     31      3767.57
1959     32      3216.40
1959     33      2746.66
1959     34      2493.99
1959     35      1967.58
1959     36      1574.57
1959     37      1264.89
1959     38       946.88
1959     39       726.21
1959     40       421.12
1959     41       227.24
1959     42       176.94
1959     43       203.73
1959     44       199.56
1959     45       134.44
1959     46        93.42
1959     47        59.30
1959     48        26.84
1959     49        12.23
1959     50         4.74
1959     51         1.94
1959     52         0.83
1959     53         0.33
1959     54         0.09
1959     55+        0.00
1960     12-        0.10
1960     13         7.65
1960     14       133.24
1960     15       477.00
1960     16      1468.00
1960     17      3774.00
1960     18      6456.00
1960     19      9515.00
1960     20     10985.00
1960     21     11037.00
1960     22     11150.00
1960     23     10683.00
1960     24     10156.00
1960     25     10085.00
1960     26      9123.00
1960     27      7800.00
1960     28      6611.00
1960     29      5646.00
1960     30      4710.00
1960     31      3815.00
1960     32      3231.00
1960     33      2806.00
1960     34      2334.00
1960     35      1897.00
1960     36      1646.00
1960     37      1116.00
1960     38      1004.00
1960     39       743.00
1960     40       629.00
1960     41       326.00
1960     42       183.00
1960     43       152.00
1960     44       123.00
1960     45        96.00
1960     46        44.00
1960     47        36.00
1960     48        22.00
1960     49        24.00
1960     50        21.74
1960     51        10.99
1960     52         3.84
1960     53         1.17
1960     54         0.25
1960     55+        0.00
1961     12-        0.09
1961     13         6.57
1961     14       119.34
1961     15       539.00
1961     16      1660.00
1961     17      3673.00
1961     18      6573.00
1961     19      9139.00
1961     20     10849.00
1961     21     11104.00
1961     22     10384.00
1961     23     10330.00
1961     24      9856.00
1961     25      9335.00
1961     26      8983.00
1961     27      8080.00
1961     28      6659.00
1961     29      5652.00
1961     30      4779.00
1961     31      3915.00
1961     32      3241.00
1961     33      2706.00
1961     34      2250.00
1961     35      1908.00
1961     36      1549.00
1961     37      1212.00
1961     38       990.00
1961     39       754.00
1961     40       560.00
1961     41       394.00
1961     42       208.00
1961     43       129.00
1961     44        85.00
1961     45        75.00
1961     46        54.00
1961     47        26.00
1961     48        28.00
1961     49        16.00
1961     50        20.11
1961     51        13.67
1961     52         4.62
1961     53         1.32
1961     54         0.29
1961     55+        0.00
1962     12-        0.10
1962     13         7.08
1962     14       116.83
1962     15       459.00
1962     16      1524.00
1962     17      3743.00
1962     18      6295.00
1962     19      9287.00
1962     20     10652.00
1962     21     10996.00
1962     22     10600.00
1962     23      9758.00
1962     24      9299.00
1962     25      8917.00
1962     26      7759.00
1962     27      7624.00
1962     28      6680.00
1962     29      5632.00
1962     30      4634.00
1962     31      3934.00
1962     32      3131.00
1962     33      2633.00
1962     34      2268.00
1962     35      1898.00
1962     36      1572.00
1962     37      1210.00
1962     38       988.00
1962     39       740.00
1962     40       584.00
1962     41       461.00
1962     42       302.00
1962     43       136.00
1962     44        93.00
1962     45        63.00
1962     46        44.00
1962     47        32.00
1962     48        28.00
1962     49        14.00
1962     50        17.96
1962     51        10.55
1962     52         4.09
1962     53         1.15
1962     54         0.25
1962     55+        0.00
1963     12-        0.10
1963     13         8.33
1963     14       134.57
1963     15       486.00
1963     16      1479.00
1963     17      3836.00
1963     18      6772.00
1963     19      9250.00
1963     20     11000.00
1963     21     10892.00
1963     22     10750.00
1963     23      9830.00
1963     24      8832.00
1963     25      8363.00
1963     26      7761.00
1963     27      6916.00
1963     28      6385.00
1963     29      5630.00
1963     30      4736.00
1963     31      3717.00
1963     32      3164.00
1963     33      2495.00
1963     34      1965.00
1963     35      1738.00
1963     36      1391.00
1963     37      1180.00
1963     38       972.00
1963     39       764.00
1963     40       524.00
1963     41       415.00
1963     42       306.00
1963     43       204.00
1963     44        87.00
1963     45        52.00
1963     46        20.00
1963     47        30.00
1963     48        16.00
1963     49         9.00
1963     50        14.83
1963     51        12.15
1963     52         4.39
1963     53         1.36
1963     54         0.27
1963     55+        0.00
1964     12-        0.10
1964     13         8.36
1964     14       142.53
1964     15       513.00
1964     16      1613.00
1964     17      3731.00
1964     18      7526.00
1964     19     10032.00
1964     20     11252.00
1964     21     11538.00
1964     22     10621.00
1964     23     10018.00
1964     24      9016.00
1964     25      7788.00
1964     26      7073.00
1964     27      6408.00
1964     28      5532.00
1964     29      5169.00
1964     30      4508.00
1964     31      3612.00
1964     32      3072.00
1964     33      2406.00
1964     34      2049.00
1964     35      1587.00
1964     36      1322.00
1964     37      1132.00
1964     38       863.00
1964     39       710.00
1964     40       534.00
1964     41       398.00
1964     42       281.00
1964     43       188.00
1964     44       152.00
1964     45        60.00
1964     46        35.00
1964     47        17.00
1964     48        21.00
1964     49         9.00
1964     50         9.94
1964     51         6.68
1964     52         3.14
1964     53         1.00
1964     54         0.25
1964     55+        0.00
1965     12-        0.11
1965     13         8.49
1965     14       158.40
1965     15       635.00
1965     16      1735.00
1965     17      3818.00
1965     18      6750.00
1965     19     10330.00
1965     20     11302.00
1965     21     10822.00
1965     22     10467.00
1965     23      9504.00
1965     24      8563.00
1965     25      7705.00
1965     26      6594.00
1965     27      5941.00
1965     28      5226.00
1965     29      4534.00
1965     30      4159.00
1965     31      3455.00
1965     32      2900.00
1965     33      2286.00
1965     34      1863.00
1965     35      1508.00
1965     36      1268.00
1965     37      1064.00
1965     38       879.00
1965     39       718.00
1965     40       516.00
1965     41       367.00
1965     42       263.00
1965     43       184.00
1965     44        99.00
1965     45        73.00
1965     46        29.00
1965     47        18.00
1965     48        11.00
1965     49         7.00
1965     50        15.73
1965     51         9.99
1965     52         3.77
1965     53         1.26
1965     54         0.26
1965     55+        0.00
1966     12-        0.10
1966     13         8.19
1966     14       140.71
1966     15       594.00
1966     16      1755.00
1966     17      3847.00
1966     18      6559.00
1966     19      9624.00
1966     20     12511.00
1966     21     11421.00
1966     22     10359.00
1966     23      9263.00
1966     24      8376.00
1966     25      7563.00
1966     26      6516.00
1966     27      5703.00
1966     28      4816.00
1966     29      4202.00
1966     30      3606.00
1966     31      3313.00
1966     32      2644.00
1966     33      2117.00
1966     34      1757.00
1966     35      1523.00
1966     36      1117.00
1966     37       920.00
1966     38       709.00
1966     39       647.00
1966     40       457.00
1966     41       332.00
1966     42       230.00
1966     43       141.00
1966     44       101.00
1966     45        55.00
1966     46        49.00
1966     47        21.00
1966     48        13.00
1966     49         4.00
1966     50        10.31
1966     51        10.01
1966     52         3.40
1966     53         1.02
1966     54         0.26
1966     55+        0.00
1967     12-        0.10
1967     13         8.53
1967     14       154.37
1967     15       579.00
1967     16      1613.00
1967     17      4059.00
1967     18      6951.00
1967     19      9941.00
1967     20     12274.00
1967     21     12925.00
1967     22     10850.00
1967     23      9538.00
1967     24      8561.00
1967     25      7438.00
1967     26      6709.00
1967     27      5563.00
1967     28      4527.00
1967     29      4079.00
1967     30      3532.00
1967     31      2875.00
1967     32      2509.00
1967     33      2183.00
1967     34      1655.00
1967     35      1414.00
1967     36      1130.00
1967     37       899.00
1967     38       654.00
1967     39       536.00
1967     40       442.00
1967     41       346.00
1967     42       242.00
1967     43       139.00
1967     44        96.00
1967     45        61.00
1967     46        57.00
1967     47        13.00
1967     48        10.00
1967     49         4.00
1967     50         5.40
1967     51         5.47
1967     52         3.02
1967     53         0.89
1967     54         0.21
1967     55+        0.00
1968     12-        0.11
1968     13         8.95
1968     14       162.94
1968     15       693.00
1968     16      1768.00
1968     17      3939.00
1968     18      7882.00
1968     19     11343.00
1968     20     13402.00
1968     21     13705.00
1968     22     13801.00
1968     23     11405.00
1968     24      9916.00
1968     25      8757.00
1968     26      7479.00
1968     27      6700.00
1968     28      5616.00
1968     29      4619.00
1968     30      3818.00
1968     31      3196.00
1968     32      2612.00
1968     33      2271.00
1968     34      1971.00
1968     35      1503.00
1968     36      1238.00
1968     37       925.00
1968     38       735.00
1968     39       561.00
1968     40       441.00
1968     41       340.00
1968     42       246.00
1968     43       166.00
1968     44       103.00
1968     45        52.00
1968     46        30.00
1968     47        20.00
1968     48        20.00
1968     49         6.00
1968     50         3.95
1968     51         2.37
1968     52         1.65
1968     53         0.85
1968     54         0.19
1968     55+        0.00
1969     12-        0.12
1969     13        11.65
1969     14       188.23
1969     15       604.00
1969     16      1906.00
1969     17      3728.00
1969     18      7300.00
1969     19     11422.00
1969     20     13814.00
1969     21     14021.00
1969     22     13042.00
1969     23     12612.00
1969     24     10140.00
1969     25      8778.00
1969     26      7727.00
1969     27      6827.00
1969     28      5807.00
1969     29      4821.00
1969     30      3900.00
1969     31      3251.00
1969     32      2674.00
1969     33      2223.00
1969     34      1883.00
1969     35      1526.00
1969     36      1215.00
1969     37       981.00
1969     38       778.00
1969     39       586.00
1969     40       390.00
1969     41       284.00
1969     42       211.00
1969     43       146.00
1969     44        92.00
1969     45        70.00
1969     46        41.00
1969     47        25.00
1969     48        11.00
1969     49        10.00
1969     50         7.88
1969     51         3.53
1969     52         1.52
1969     53         0.81
1969     54         0.26
1969     55+        0.00
1970     12-        0.12
1970     13        11.79
1970     14       201.08
1970     15       662.00
1970     16      1819.00
1970     17      3949.00
1970     18      6476.00
1970     19     10695.00
1970     20     14226.00
1970     21     14166.00
1970     22     12900.00
1970     23     11936.00
1970     24     10975.00
1970     25      8615.00
1970     26      7244.00
1970     27      6351.00
1970     28      5175.00
1970     29      4574.00
1970     30      3780.00
1970     31      2906.00
1970     32      2418.00
1970     33      2116.00
1970     34      1634.00
1970     35      1481.00
1970     36      1175.00
1970     37       906.00
1970     38       686.00
1970     39       517.00
1970     40       407.00
1970     41       258.00
1970     42       186.00
1970     43       110.00
1970     44        68.00
1970     45        57.00
1970     46        24.00
1970     47        21.00
1970     48         7.00
1970     49         3.00
1970     50         4.63
1970     51         2.83
1970     52         0.99
1970     53         0.38
1970     54         0.15
1970     55+        0.00
1971     12-        0.12
1971     13        12.44
1971     14       210.43
1971     15       693.00
1971     16      1927.00
1971     17      3797.00
1971     18      6736.00
1971     19      9693.00
1971     20     13272.00
1971     21     14655.00
1971     22     13541.00
1971     23     11770.00
1971     24     10555.00
1971     25      9237.00
1971     26      7173.00
1971     27      5774.00
1971     28      5019.00
1971     29      4063.00
1971     30      3444.00
1971     31      2872.00
1971     32      2166.00
1971     33      1832.00
1971     34      1548.00
1971     35      1255.00
1971     36      1035.00
1971     37       864.00
1971     38       659.00
1971     39       495.00
1971     40       374.00
1971     41       240.00
1971     42       189.00
1971     43       109.00
1971     44        82.00
1971     45        52.00
1971     46        33.00
1971     47        16.00
1971     48        13.00
1971     49         4.00
1971     50         5.51
1971     51         4.50
1971     52         1.51
1971     53         0.39
1971     54         0.10
1971     55+        0.00
1972     12-        0.12
1972     13        11.99
1972     14       201.89
1972     15       666.00
1972     16      1873.00
1972     17      3622.00
1972     18      6391.00
1972     19     10135.00
1972     20     12168.00
1972     21     13513.00
1972     22     13919.00
1972     23     11619.00
1972     24     10397.00
1972     25      8777.00
1972     26      7742.00
1972     27      5731.00
1972     28      4778.00
1972     29      3929.00
1972     30      3161.00
1972     31      2562.00
1972     32      2101.00
1972     33      1699.00
1972     34      1380.00
1972     35      1156.00
1972     36       909.00
1972     37       762.00
1972     38       602.00
1972     39       461.00
1972     40       358.00
1972     41       265.00
1972     42       172.00
1972     43       104.00
1972     44        59.00
1972     45        49.00
1972     46        21.00
1972     47         6.00
1972     48         3.00
1972     49         3.00
1972     50         3.93
1972     51         3.05
1972     52         1.52
1972     53         0.43
1972     54         0.08
1972     55+        0.00
1973     12-        0.12
1973     13        12.51
1973     14       220.36
1973     15       739.00
1973     16      1880.00
1973     17      3790.00
1973     18      6679.00
1973     19     10542.00
1973     20     13449.00
1973     21     13543.00
1973     22     13798.00
1973     23     13439.00
1973     24     11633.00
1973     25      9678.00
1973     26      8065.00
1973     27      7046.00
1973     28      5058.00
1973     29      4140.00
1973     30      3311.00
1973     31      2584.00
1973     32      2153.00
1973     33      1623.00
1973     34      1350.00
1973     35      1183.00
1973     36       927.00
1973     37       719.00
1973     38       610.00
1973     39       499.00
1973     40       344.00
1973     41       257.00
1973     42       176.00
1973     43       109.00
1973     44        62.00
1973     45        39.00
1973     46        22.00
1973     47        10.00
1973     48         9.00
1973     49         4.00
1973     50         4.41
1973     51         3.29
1973     52         1.56
1973     53         0.63
1973     54         0.12
1973     55+        0.00
1974     12-        0.14
1974     13        12.56
1974     14       214.31
1974     15       749.00
1974     16      1933.00
1974     17      3774.00
1974     18      6736.00
1974     19     10838.00
1974     20     13784.00
1974     21     14431.00
1974     22     13758.00
1974     23     13823.00
1974     24     12972.00
1974     25     11079.00
1974     26      9250.00
1974     27      7631.00
1974     28      6421.00
1974     29      4628.00
1974     30      3680.00
1974     31      2981.00
1974     32      2232.00
1974     33      1861.00
1974     34      1477.00
1974     35      1183.00
1974     36       914.00
1974     37       766.00
1974     38       563.00
1974     39       499.00
1974     40       351.00
1974     41       246.00
1974     42       186.00
1974     43        93.00
1974     44        61.00
1974     45        27.00
1974     46        18.00
1974     47         9.00
1974     48         6.00
1974     49         2.00
1974     50         2.68
1974     51         2.27
1974     52         1.31
1974     53         0.58
1974     54         0.16
1974     55+        0.00
1975     12-        0.14
1975     13        13.42
1975     14       224.46
1975     15       718.00
1975     16      2009.00
1975     17      3709.00
1975     18      6481.00
1975     19     10739.00
1975     20     13408.00
1975     21     14013.00
1975     22     13770.00
1975     23     12275.00
1975     24     11833.00
1975     25     11087.00
1975     26      9065.00
1975     27      7427.00
1975     28      6118.00
1975     29      5074.00
1975     30      3665.00
1975     31      2876.00
1975     32      2359.00
1975     33      1757.00
1975     34      1410.00
1975     35      1082.00
1975     36       891.00
1975     37       701.00
1975     38       560.00
1975     39       412.00
1975     40       331.00
1975     41       250.00
1975     42       177.00
1975     43       103.00
1975     44        53.00
1975     45        39.00
1975     46        17.00
1975     47         7.00
1975     48         5.00
1975     49         1.00
1975     50         2.70
1975     51         2.74
1975     52         1.63
1975     53         0.73
1975     54         0.19
1975     55+        0.00
1976     12-        0.15
1976     13        15.46
1976     14       253.40
1976     15       734.00
1976     16      1971.00
1976     17      3705.00
1976     18      6678.00
1976     19     10894.00
1976     20     13879.00
1976     21     14569.00
1976     22     13807.00
1976     23     12663.00
1976     24     11007.00
1976     25     10214.00
1976     26      9499.00
1976     27      7456.00
1976     28      6038.00
1976     29      4923.00
1976     30      3996.00
1976     31      2832.00
1976     32      2249.00
1976     33      1728.00
1976     34      1253.00
1976     35      1150.00
1976     36       888.00
1976     37       624.00
1976     38       546.00
1976     39       442.00
1976     40       299.00
1976     41       247.00
1976     42       146.00
1976     43        89.00
1976     44        59.00
1976     45        45.00
1976     46        15.00
1976     47         4.00
1976     48         3.00
1976     49         0.00
1976     50         1.85
1976     51         3.14
1976     52         1.92
1976     53         0.85
1976     54         0.24
1976     55+        0.00
1977     12-        0.14
1977     13        14.58
1977     14       243.27
1977     15       730.00
1977     16      1971.00
1977     17      3671.00
1977     18      6658.00
1977     19     11002.00
1977     20     13917.00
1977     21     14626.00
1977     22     13778.00
1977     23     12352.00
1977     24     11010.00
1977     25      9143.00
1977     26      8451.00
1977     27      7542.00
1977     28      5845.00
1977     29      4728.00
1977     30      3831.00
1977     31      2960.00
1977     32      2090.00
1977     33      1640.00
1977     34      1320.00
1977     35      1007.00
1977     36       801.00
1977     37       680.00
1977     38       481.00
1977     39       378.00
1977     40       265.00
1977     41       220.00
1977     42       116.00
1977     43       106.00
1977     44        57.00
1977     45        34.00
1977     46        14.00
1977     47         9.00
1977     48         0.00
1977     49         1.00
1977     50         3.17
1977     51         3.57
1977     52         2.15
1977     53         0.87
1977     54         0.23
1977     55+        0.00
1978     12-        2.00
1978     13        33.01
1978     14       190.05
1978     15       790.22
1978     16      1897.52
1978     17      3597.98
1978     18      6515.76
1978     19     10987.98
1978     20     13352.62
1978     21     13949.78
1978     22     13562.68
1978     23     12229.32
1978     24     10461.84
1978     25      9324.53
1978     26      7452.02
1978     27      6553.78
1978     28      5904.60
1978     29      4563.23
1978     30      3536.96
1978     31      2751.74
1978     32      2272.62
1978     33      1553.42
1978     34      1208.33
1978     35       946.26
1978     36       735.20
1978     37       577.16
1978     38       476.13
1978     39       321.08
1978     40       218.05
1978     41       171.05
1978     42       121.03
1978     43        68.02
1978     44        63.01
1978     45        27.00
1978     46        11.00
1978     47         2.00
1978     48         4.00
1978     49         2.00
1978     50         2.67
1978     51         2.24
1978     52         1.30
1978     53         0.63
1978     54         0.17
1978     55+        0.00
1979     12-        3.00
1979     13        37.02
1979     14       251.13
1979     15       803.41
1979     16      2043.04
1979     17      3737.91
1979     18      6881.51
1979     19     10954.59
1979     20     13511.89
1979     21     13677.97
1979     22     13230.74
1979     23     12227.23
1979     24     10452.32
1979     25      8901.54
1979     26      7610.88
1979     27      6067.09
1979     28      5391.75
1979     29      4599.35
1979     30      3514.80
1979     31      2831.44
1979     32      2122.08
1979     33      1722.88
1979     34      1170.59
1979     35       861.44
1979     36       710.36
1979     37       528.27
1979     38       466.24
1979     39       355.18
1979     40       205.10
1979     41       178.09
1979     42        98.05
1979     43        85.04
1979     44        56.03
1979     45        25.01
1979     46        13.00
1979     47        11.01
1979     48         6.00
1979     49         2.00
1979     50         4.64
1979     51         4.61
1979     52         2.48
1979     53         1.00
1979     54         0.27
1979     55+        0.00
1980     12-        5.01
1980     13        36.01
1980     14       221.09
1980     15       810.35
1980     16      2014.87
1980     17      3623.56
1980     18      6760.90
1980     19     11101.76
1980     20     12791.49
1980     21     13247.68
1980     22     12469.35
1980     23     10924.69
1980     24     10029.30
1980     25      8460.63
1980     26      7003.00
1980     27      5824.50
1980     28      4778.05
1980     29      3975.71
1980     30      3388.45
1980     31      2584.11
1980     32      2044.88
1980     33      1515.65
1980     34      1198.51
1980     35       877.38
1980     36       638.27
1980     37       521.23
1980     38       362.16
1980     39       335.14
1980     40       216.09
1980     41       158.07
1980     42       110.05
1980     43        69.03
1980     44        42.02
1980     45        18.01
1980     46         9.00
1980     47        10.01
1980     48         5.00
1980     49         1.00
1980     50         2.64
1980     51         2.74
1980     52         1.65
1980     53         0.75
1980     54         0.21
1980     55+        0.00
1981     12-        2.00
1981     13        36.00
1981     14       217.02
1981     15       736.06
1981     16      1918.15
1981     17      3583.29
1981     18      6533.52
1981     19     10507.85
1981     20     12646.02
1981     21     12758.03
1981     22     11972.96
1981     23     10687.86
1981     24      9564.77
1981     25      8252.66
1981     26      6906.56
1981     27      5484.44
1981     28      4597.37
1981     29      3633.29
1981     30      3176.25
1981     31      2725.22
1981     32      2068.17
1981     33      1655.13
1981     34      1221.10
1981     35       962.08
1981     36       617.05
1981     37       550.05
1981     38       412.03
1981     39       346.03
1981     40       195.02
1981     41       179.02
1981     42        93.01
1981     43        58.01
1981     44        34.00
1981     45        20.00
1981     46        10.00
1981     47         2.00
1981     48         3.00
1981     49         2.00
1981     50         2.00
1981     51         1.54
1981     52         0.87
1981     53         0.44
1981     54         0.14
1981     55+        0.00
1982     12-        3.00
1982     13        55.00
1982     14       331.01
1982     15       967.02
1982     16      2028.05
1982     17      3740.09
1982     18      6723.16
1982     19     10765.26
1982     20     12719.30
1982     21     12668.30
1982     22     11602.28
1982     23     10511.25
1982     24      9249.22
1982     25      8110.19
1982     26      6874.16
1982     27      5665.14
1982     28      4602.11
1982     29      3703.09
1982     30      2934.07
1982     31      2497.06
1982     32      2097.05
1982     33      1620.04
1982     34      1235.03
1982     35       930.03
1982     36       776.02
1982     37       532.01
1982     38       376.01
1982     39       274.00
1982     40       205.00
1982     41       144.01
1982     42        98.00
1982     43        59.00
1982     44        21.00
1982     45        20.00
1982     46        11.00
1982     47         8.00
1982     48         2.00
1982     49         2.00
1982     50         2.71
1982     51         2.24
1982     52         1.30
1982     53         0.58
1982     54         0.17
1982     55+        0.00
1983     12-        2.00
1983     13        51.00
1983     14       337.01
1983     15       896.03
1983     16      2015.07
1983     17      3526.11
1983     18      6518.22
1983     19     10319.33
1983     20     12229.40
1983     21     12560.41
1983     22     11536.37
1983     23     10423.34
1983     24      9290.30
1983     25      7966.26
1983     26      6812.22
1983     27      5683.18
1983     28      4759.15
1983     29      3790.13
1983     30      3203.11
1983     31      2442.08
1983     32      2071.06
1983     33      1709.05
1983     34      1316.04
1983     35       969.03
1983     36       767.03
1983     37       569.02
1983     38       390.01
1983     39       278.00
1983     40       210.01
1983     41       143.00
1983     42        86.00
1983     43        60.00
1983     44        30.00
1983     45        16.00
1983     46         4.00
1983     47         6.00
1983     48         0.00
1983     49         1.00
1983     50         2.37
1983     51         2.38
1983     52         1.41
1983     53         0.66
1983     54         0.18
1983     55+        0.00
1984     12-        6.01
1984     13        44.00
1984     14       318.04
1984     15      1025.12
1984     16      2042.23
1984     17      3485.40
1984     18      6306.72
1984     19     10363.19
1984     20     12095.38
1984     21     12125.38
1984     22     11645.34
1984     23     10410.19
1984     24      9018.03
1984     25      7882.90
1984     26      6829.78
1984     27      5575.64
1984     28      4745.54
1984     29      3913.45
1984     30      3235.37
1984     31      2530.29
1984     32      2063.24
1984     33      1599.19
1984     34      1411.16
1984     35       986.12
1984     36       757.08
1984     37       568.07
1984     38       482.06
1984     39       296.04
1984     40       215.03
1984     41       127.01
1984     42        90.01
1984     43        52.00
1984     44        29.01
1984     45        16.01
1984     46         7.00
1984     47         0.00
1984     48         1.00
1984     49         2.00
1984     50         1.30
1984     51         0.85
1984     52         0.49
1984     53         0.25
1984     54         0.08
1984     55+        0.00
1985     12-        6.00
1985     13        49.00
1985     14       352.02
1985     15      1041.06
1985     16      2433.12
1985     17      3667.18
1985     18      6245.31
1985     19      9418.48
1985     20     11404.57
1985     21     11635.59
1985     22     10891.55
1985     23     10184.51
1985     24      8862.44
1985     25      7699.39
1985     26      6542.33
1985     27      5598.28
1985     28      4493.22
1985     29      3950.20
1985     30      3172.16
1985     31      2509.13
1985     32      2084.11
1985     33      1646.08
1985     34      1341.07
1985     35      1026.06
1985     36       775.04
1985     37       585.03
1985     38       457.02
1985     39       337.02
1985     40       205.01
1985     41       142.01
1985     42        89.00
1985     43        49.01
1985     44        36.00
1985     45        15.00
1985     46         4.00
1985     47         3.00
1985     48         1.00
1985     49         1.00
1985     50         1.14
1985     51         0.89
1985     52         0.57
1985     53         0.30
1985     54         0.10
1985     55+        0.00
1986     12-        9.00
1986     13        66.01
1986     14       275.02
1986     15       888.09
1986     16      2116.21
1986     17      4155.42
1986     18      6528.66
1986     19      9524.95
1986     20     11264.13
1986     21     11587.16
1986     22     11034.10
1986     23     10082.01
1986     24      9157.92
1986     25      7817.78
1986     26      6554.66
1986     27      5615.56
1986     28      4476.45
1986     29      3878.39
1986     30      3290.33
1986     31      2648.27
1986     32      2031.20
1986     33      1666.17
1986     34      1330.14
1986     35       997.10
1986     36       940.10
1986     37       671.07
1986     38       489.05
1986     39       357.04
1986     40       267.03
1986     41       149.02
1986     42        87.01
1986     43        56.01
1986     44        31.00
1986     45        17.00
1986     46         8.00
1986     47         5.00
1986     48         2.00
1986     49         0.00
1986     50         4.00
1986     51         0.00
1986     52         0.00
1986     53         0.00
1986     54         0.00
1986     55+        0.00
1987     12-        5.00
1987     13        52.01
1987     14       286.04
1987     15       880.13
1987     16      2155.33
1987     17      3733.58
1987     18      7085.09
1987     19      9773.51
1987     20     10551.63
1987     21     11004.70
1987     22     10683.65
1987     23      9772.51
1987     24      8644.34
1987     25      7639.18
1987     26      6511.01
1987     27      5369.83
1987     28      4517.70
1987     29      3698.57
1987     30      2988.46
1987     31      2504.39
1987     32      2051.32
1987     33      1580.25
1987     34      1249.19
1987     35      1030.16
1987     36       819.13
1987     37       637.10
1987     38       467.08
1987     39       347.05
1987     40       235.03
1987     41       178.03
1987     42        99.01
1987     43        64.01
1987     44        34.01
1987     45        11.00
1987     46         7.00
1987     47         1.00
1987     48         1.00
1987     49         2.00
1987     50         1.00
1987     51         0.76
1987     52         0.59
1987     53         0.38
1987     54         0.21
1987     55+        0.07
1988     12-        4.00
1988     13        55.00
1988     14       326.04
1988     15       950.13
1988     16      2039.28
1988     17      3668.50
1988     18      6530.89
1988     19     11015.50
1988     20     11504.56
1988     21     10927.49
1988     22     10516.43
1988     23      9663.32
1988     24      8572.17
1988     25      7514.02
1988     26      6641.91
1988     27      5473.75
1988     28      4307.58
1988     29      3677.50
1988     30      3020.41
1988     31      2352.32
1988     32      1940.27
1988     33      1652.22
1988     34      1236.17
1988     35       982.14
1988     36       819.12
1988     37       616.08
1988     38       464.06
1988     39       347.05
1988     40       239.04
1988     41       164.03
1988     42       121.01
1988     43        53.01
1988     44        19.00
1988     45        11.00
1988     46         6.00
1988     47         3.00
1988     48         3.00
1988     49         0.00
1988     50         0.00
1988     51         0.52
1988     52         0.96
1988     53         0.87
1988     54         0.49
1988     55+        0.16
1989     12-        6.00
1989     13        69.01
1989     14       369.04
1989     15      1085.11
1989     16      2250.24
1989     17      3515.37
1989     18      6214.66
1989     19      9988.06
1989     20     12151.30
1989     21     11153.19
1989     22      9648.03
1989     23      8947.96
1989     24      7906.85
1989     25      6837.73
1989     26      5918.63
1989     27      5043.53
1989     28      4155.44
1989     29      3451.36
1989     30      2814.30
1989     31      2201.23
1989     32      1987.21
1989     33      1507.16
1989     34      1214.13
1989     35       971.11
1989     36       829.09
1989     37       600.06
1989     38       469.05
1989     39       361.03
1989     40       247.02
1989     41       171.02
1989     42        94.01
1989     43        52.01
1989     44        30.01
1989     45        23.01
1989     46         2.00
1989     47         0.00
1989     48         0.00
1989     49         0.00
1989     50         0.00
1989     51         0.77
1989     52         1.41
1989     53         1.04
1989     54         0.59
1989     55+        0.18
1990     12-        8.00
1990     13        77.00
1990     14       418.03
1990     15      1112.06
1990     16      2329.13
1990     17      3642.21
1990     18      5700.33
1990     19      9232.53
1990     20     10858.62
1990     21     11535.65
1990     22      9508.54
1990     23      7992.45
1990     24      6980.40
1990     25      6198.35
1990     26      5317.31
1990     27      4665.27
1990     28      3852.22
1990     29      3147.18
1990     30      2483.14
1990     31      2116.12
1990     32      1739.10
1990     33      1416.08
1990     34      1201.06
1990     35       973.06
1990     36       720.04
1990     37       608.03
1990     38       409.02
1990     39       317.01
1990     40       241.02
1990     41       158.01
1990     42       121.00
1990     43        58.01
1990     44        25.00
1990     45         9.00
1990     46         7.00
1990     47         2.00
1990     48         1.00
1990     49         1.00
1990     50         0.00
1990     51         0.15
1990     52         0.30
1990     53         0.29
1990     54         0.19
1990     55+        0.07
1991     12-        8.00
1991     13       104.00
1991     14       485.02
1991     15      1249.04
1991     16      2429.08
1991     17      3966.12
1991     18      5902.18
1991     19      8407.26
1991     20     10148.31
1991     21     10005.31
1991     22      9734.31
1991     23      7458.23
1991     24      5992.19
1991     25      5160.16
1991     26      4594.14
1991     27      3787.12
1991     28      3190.10
1991     29      2603.08
1991     30      2177.07
1991     31      1730.06
1991     32      1464.04
1991     33      1184.04
1991     34       945.03
1991     35       832.03
1991     36       667.02
1991     37       452.01
1991     38       382.01
1991     39       276.00
1991     40       230.01
1991     41       146.00
1991     42        97.01
1991     43        51.00
1991     44        31.00
1991     45        15.00
1991     46         3.00
1991     47         2.00
1991     48         1.00
1991     49         0.00
1991     50         0.00
1991     51         0.15
1991     52         0.31
1991     53         0.28
1991     54         0.18
1991     55+        0.07
1992     12-       10.00
1992     13       122.01
1992     14       471.02
1992     15      1285.06
1992     16      2439.11
1992     17      3838.17
1992     18      5914.27
1992     19      7884.35
1992     20      8586.39
1992     21      9003.41
1992     22      8441.38
1992     23      7692.35
1992     24      6016.27
1992     25      4835.22
1992     26      3986.18
1992     27      3344.15
1992     28      2817.13
1992     29      2369.11
1992     30      2050.09
1992     31      1603.07
1992     32      1417.07
1992     33      1087.04
1992     34       894.04
1992     35       739.03
1992     36       554.03
1992     37       485.03
1992     38       375.02
1992     39       268.01
1992     40       214.01
1992     41       160.01
1992     42       128.01
1992     43        55.00
1992     44        27.00
1992     45        11.00
1992     46         7.00
1992     47         4.00
1992     48         0.00
1992     49         0.00
1992     50         0.00
1992     51         0.00
1992     52         0.00
1992     53         0.00
1992     54         0.00
1992     55+        0.00
1993     12-       14.00
1993     13       104.01
1993     14       488.02
1993     15      1250.05
1993     16      2330.08
1993     17      3649.13
1993     18      5357.19
1993     19      7833.28
1993     20      7922.28
1993     21      7740.28
1993     22      7501.26
1993     23      6999.25
1993     24      6433.23
1993     25      4974.17
1993     26      3808.13
1993     27      3176.11
1993     28      2812.10
1993     29      2244.08
1993     30      1935.07
1993     31      1554.05
1993     32      1293.05
1993     33      1086.04
1993     34       887.03
1993     35       700.02
1993     36       562.02
1993     37       470.01
1993     38       389.01
1993     39       303.01
1993     40       212.01
1993     41       153.01
1993     42       104.00
1993     43        50.00
1993     44        32.00
1993     45        22.01
1993     46         7.00
1993     47         2.00
1993     48         1.00
1993     49         1.00
1993     50         0.00
1993     51         0.00
1993     52         0.00
1993     53         0.00
1993     54         0.00
1993     55+        0.00
1994     12-        5.00
1994     13        93.01
1994     14       459.05
1994     15      1160.13
1994     16      2247.25
1994     17      3388.38
1994     18      4883.55
1994     19      6616.75
1994     20      7520.85
1994     21      7085.81
1994     22      6592.75
1994     23      6397.73
1994     24      5753.65
1994     25      5328.60
1994     26      4124.46
1994     27      3231.37
1994     28      2690.31
1994     29      2315.26
1994     30      1924.21
1994     31      1551.18
1994     32      1336.15
1994     33      1044.12
1994     34       817.09
1994     35       732.08
1994     36       599.07
1994     37       433.05
1994     38       350.04
1994     39       248.03
1994     40       200.02
1994     41       117.01
1994     42        82.01
1994     43        59.01
1994     44        31.00
1994     45        12.01
1994     46         7.00
1994     47         3.00
1994     48         2.00
1994     49         0.00
1994     50         0.00
1994     51         0.00
1994     52         0.00
1994     53         0.00
1994     54         0.00
1994     55+        0.00
1995     12-        2.00
1995     13        77.00
1995     14       387.00
1995     15      1023.00
1995     16      1913.00
1995     17      2829.00
1995     18      4285.00
1995     19      5762.00
1995     20      6472.00
1995     21      6645.00
1995     22      5899.00
1995     23      5455.00
1995     24      5401.00
1995     25      4823.00
1995     26      4368.00
1995     27      3241.00
1995     28      2473.00
1995     29      2102.00
1995     30      1794.00
1995     31      1416.00
1995     32      1215.00
1995     33       938.00
1995     34       800.00
1995     35       647.00
1995     36       535.00
1995     37       414.00
1995     38       341.00
1995     39       234.00
1995     40       184.00
1995     41       136.00
1995     42        61.00
1995     43        48.00
1995     44        23.00
1995     45        11.00
1995     46         7.00
1995     47         3.00
1995     48         0.00
1995     49         1.00
1995     50         0.00
1995     51         0.40
1995     52         0.71
1995     53         0.52
1995     54         0.28
1995     55+        0.09
1996     12-       10.00
1996     13        80.00
1996     14       380.00
1996     15       943.00
1996     16      1832.00
1996     17      2792.00
1996     18      3907.00
1996     19      5296.00
1996     20      6135.00
1996     21      6382.00
1996     22      6422.00
1996     23      5580.00
1996     24      5166.00
1996     25      4862.00
1996     26      4289.00
1996     27      3860.00
1996     28      2881.00
1996     29      2296.00
1996     30      1870.00
1996     31      1465.00
1996     32      1209.00
1996     33       988.00
1996     34       825.00
1996     35       642.00
1996     36       540.00
1996     37       452.00
1996     38       323.00
1996     39       245.00
1996     40       193.00
1996     41       141.00
1996     42        92.00
1996     43        46.00
1996     44        19.00
1996     45        13.00
1996     46         9.00
1996     47         1.00
1996     48         0.00
1996     49         2.00
1996     50         0.00
1996     51         0.00
1996     52         0.00
1996     53         0.00
1996     54         0.00
1996     55+        0.00
1997     12-        1.00
1997     13        66.00
1997     14       330.00
1997     15       810.00
1997     16      1496.00
1997     17      2335.00
1997     18      3360.00
1997     19      4673.00
1997     20      5439.00
1997     21      5446.00
1997     22      5405.00
1997     23      5306.00
1997     24      4646.00
1997     25      4194.00
1997     26      3799.00
1997     27      3341.00
1997     28      2833.00
1997     29      2176.00
1997     30      1687.00
1997     31      1420.00
1997     32      1156.00
1997     33       860.00
1997     34       781.00
1997     35       666.00
1997     36       498.00
1997     37       395.00
1997     38       315.00
1997     39       188.00
1997     40       176.00
1997     41       139.00
1997     42        89.00
1997     43        51.00
1997     44        24.00
1997     45        12.00
1997     46         7.00
1997     47         1.00
1997     48         3.00
1997     49         1.00
1997     50         0.00
1997     51         0.00
1997     52         0.00
1997     53         0.00
1997     54         0.00
1997     55+        0.00
1998     12-        7.00
1998     13        52.00
1998     14       291.00
1998     15       804.00
1998     16      1541.00
1998     17      2279.00
1998     18      3358.00
1998     19      4415.00
1998     20      5088.00
1998     21      5263.00
1998     22      5454.00
1998     23      5328.00
1998     24      5258.00
1998     25      4433.00
1998     26      3959.00
1998     27      3421.00
1998     28      3021.00
1998     29      2503.00
1998     30      2020.00
1998     31      1499.00
1998     32      1123.00
1998     33      1012.00
1998     34       749.00
1998     35       597.00
1998     36       500.00
1998     37       401.00
1998     38       310.00
1998     39       227.00
1998     40       182.00
1998     41       115.00
1998     42        65.00
1998     43        56.00
1998     44        14.00
1998     45        11.00
1998     46         4.00
1998     47         1.00
1998     48         0.00
1998     49         0.00
1998     50         0.00
1998     51         0.00
1998     52         0.00
1998     53         0.00
1998     54         0.00
1998     55+        0.00
1999     12-        9.00
1999     13        53.00
1999     14       292.00
1999     15       898.00
1999     16      1701.00
1999     17      2420.00
1999     18      3424.00
1999     19      4804.00
1999     20      5383.00
1999     21      5516.00
1999     22      5727.00
1999     23      5688.00
1999     24      5678.00
1999     25      5449.00
1999     26      4504.00
1999     27      3810.00
1999     28      3402.00
1999     29      2987.00
1999     30      2553.00
1999     31      1827.00
1999     32      1437.00
1999     33      1046.00
1999     34       882.00
1999     35       697.00
1999     36       568.00
1999     37       423.00
1999     38       372.00
1999     39       267.00
1999     40       197.00
1999     41       111.00
1999     42        86.00
1999     43        42.00
1999     44        24.00
1999     45        10.00
1999     46         3.00
1999     47         0.00
1999     48         0.00
1999     49         0.00
1999     50         1.00
1999     51         0.00
1999     52         0.00
1999     53         0.00
1999     54         0.00
1999     55+        0.00
2000     12-        7.01
2000     13        50.04
2000     14       360.25
2000     15       817.57
2000     16      1609.12
2000     17      2341.62
2000     18      3261.25
2000     19      4349.01
2000     20      5181.59
2000     21      5356.71
2000     22      5533.83
2000     23      5625.89
2000     24      5557.85
2000     25      5433.77
2000     26      5133.56
2000     27      4208.92
2000     28      3549.46
2000     29      3266.26
2000     30      2697.87
2000     31      2220.54
2000     32      1649.14
2000     33      1306.90
2000     34       982.68
2000     35       750.52
2000     36       643.44
2000     37       544.37
2000     38       398.28
2000     39       269.18
2000     40       211.15
2000     41       140.10
2000     42       109.08
2000     43        48.03
2000     44        35.03
2000     45        13.01
2000     46         6.00
2000     47         3.00
2000     48         4.00
2000     49         1.00
2000     50         1.00
2000     51         0.45
2000     52         0.27
2000     53         0.16
2000     54         0.08
2000     55+        0.03
2001     12-        5.00
2001     13        63.03
2001     14       308.18
2001     15       815.48
2001     16      1505.88
2001     17      2126.25
2001     18      2890.69
2001     19      3921.30
2001     20      4551.67
2001     21      4858.85
2001     22      4862.85
2001     23      4916.89
2001     24      5003.94
2001     25      4916.89
2001     26      4653.73
2001     27      4445.61
2001     28      3467.03
2001     29      2910.71
2001     30      2609.53
2001     31      2161.27
2001     32      1784.05
2001     33      1351.79
2001     34       974.57
2001     35       769.46
2001     36       602.35
2001     37       545.32
2001     38       365.21
2001     39       278.16
2001     40       211.13
2001     41       118.07
2001     42        92.05
2001     43        53.03
2001     44        17.01
2001     45         8.00
2001     46         9.00
2001     47         2.00
2001     48         0.00
2001     49         3.01
2001     50         1.00
2001     51         0.00
2001     52         0.00
2001     53         0.00
2001     54         0.00
2001     55+        0.00
2002     12-        4.00
2002     13        59.02
2002     14       252.11
2002     15       757.31
2002     16      1433.58
2002     17      1947.80
2002     18      2662.08
2002     19      3651.48
2002     20      4021.63
2002     21      4537.84
2002     22      4522.84
2002     23      4633.88
2002     24      4863.98
2002     25      4941.01
2002     26      4611.87
2002     27      4245.73
2002     28      4031.64
2002     29      3066.24
2002     30      2616.06
2002     31      2255.92
2002     32      1783.72
2002     33      1512.62
2002     34      1106.45
2002     35       819.33
2002     36       604.24
2002     37       445.18
2002     38       370.15
2002     39       262.11
2002     40       215.09
2002     41       115.04
2002     42        70.03
2002     43        48.02
2002     44        14.00
2002     45         9.00
2002     46         4.00
2002     47         2.00
2002     48         1.00
2002     49         0.00
2002     50         1.01
2002     51         0.00
2002     52         0.00
2002     53         0.00
2002     54         0.00
2002     55+        0.00
2003     12-        5.00
2003     13        52.03
2003     14       273.14
2003     15       743.37
2003     16      1430.70
2003     17      2082.02
2003     18      2457.21
2003     19      3350.64
2003     20      4084.00
2003     21      4090.01
2003     22      4301.10
2003     23      4592.25
2003     24      4673.29
2003     25      4809.36
2003     26      4780.34
2003     27      4323.12
2003     28      4110.01
2003     29      3672.80
2003     30      2872.41
2003     31      2386.17
2003     32      1900.93
2003     33      1675.82
2003     34      1336.66
2003     35       954.46
2003     36       698.34
2003     37       509.25
2003     38       392.20
2003     39       300.15
2003     40       206.10
2003     41       117.06
2003     42        82.04
2003     43        45.02
2003     44        32.02
2003     45        13.00
2003     46         4.00
2003     47         2.01
2003     48         0.00
2003     49         0.00
2003     50         1.00
2003     51         0.00
2003     52         0.00
2003     53         0.00
2003     54         0.00
2003     55+        0.00
2004     12-        2.01
2004     13        48.02
2004     14       294.09
2004     15       841.25
2004     16      1476.44
2004     17      2074.62
2004     18      2610.79
2004     19      3280.98
2004     20      4055.22
2004     21      4091.23
2004     22      4329.30
2004     23      4557.37
2004     24      4658.40
2004     25      4785.44
2004     26      4759.43
2004     27      4535.36
2004     28      4333.30
2004     29      3797.14
2004     30      3347.00
2004     31      2775.83
2004     32      2088.62
2004     33      1818.55
2004     34      1444.43
2004     35      1143.34
2004     36       875.26
2004     37       582.17
2004     38       415.12
2004     39       290.09
2004     40       226.07
2004     41       148.04
2004     42       107.03
2004     43        48.01
2004     44        33.01
2004     45        10.00
2004     46         1.00
2004     47         1.00
2004     48         0.00
2004     49         0.00
2004     50         0.00
2004     51         0.15
2004     52         0.30
2004     53         0.29
2004     54         0.20
2004     55+        0.07
2005     12-        6.00
2005     13        54.01
2005     14       339.10
2005     15       877.25
2005     16      1482.41
2005     17      1972.56
2005     18      2316.65
2005     19      3032.85
2005     20      3669.03
2005     21      4086.15
2005     22      4061.15
2005     23      4333.22
2005     24      4484.26
2005     25      4697.32
2005     26      4820.35
2005     27      4742.33
2005     28      4516.27
2005     29      4101.15
2005     30      3790.07
2005     31      3237.91
2005     32      2457.69
2005     33      2035.57
2005     34      1595.45
2005     35      1348.37
2005     36      1022.28
2005     37       653.19
2005     38       479.14
2005     39       294.09
2005     40       195.05
2005     41       158.05
2005     42       105.03
2005     43        70.02
2005     44        22.01
2005     45        14.01
2005     46         2.00
2005     47         2.00
2005     48         0.00
2005     49         0.00
2005     50         0.00
2005     51         0.15
2005     52         0.31
2005     53         0.28
2005     54         0.19
2005     55+        0.07
2006     12-        6.00
2006     13        54.01
2006     14       323.05
2006     15       863.14
2006     16      1546.25
2006     17      2041.33
2006     18      2438.39
2006     19      2973.48
2006     20      3741.61
2006     21      3940.64
2006     22      4209.68
2006     23      4325.70
2006     24      4501.73
2006     25      4684.76
2006     26      4797.78
2006     27      4802.78
2006     28      4771.78
2006     29      4374.71
2006     30      3998.65
2006     31      3561.58
2006     32      3052.49
2006     33      2252.36
2006     34      1764.29
2006     35      1443.23
2006     36      1128.18
2006     37       828.14
2006     38       556.09
2006     39       400.06
2006     40       235.04
2006     41       175.03
2006     42        93.02
2006     43        44.01
2006     44        24.00
2006     45        17.00
2006     46         3.00
2006     47         4.00
2006     48         1.00
2006     49         0.00
2006     50         0.00
2006     51         0.00
2006     52         0.00
2006     53         0.00
2006     54         0.00
2006     55+        0.00
2007     12-        5.00
2007     13        81.02
2007     14       321.06
2007     15       796.15
2007     16      1430.26
2007     17      2093.39
2007     18      2389.44
2007     19      2965.55
2007     20      3519.65
2007     21      3900.72
2007     22      3930.73
2007     23      4377.81
2007     24      4421.82
2007     25      4689.87
2007     26      4774.89
2007     27      4872.91
2007     28      4710.88
2007     29      4382.81
2007     30      4128.77
2007     31      3833.71
2007     32      3142.58
2007     33      2810.52
2007     34      2057.38
2007     35      1576.29
2007     36      1254.23
2007     37       943.17
2007     38       726.14
2007     39       478.09
2007     40       289.06
2007     41       191.04
2007     42       114.02
2007     43        56.01
2007     44        49.01
2007     45        18.00
2007     46         7.00
2007     47         3.00
2007     48         2.00
2007     49         1.00
2007     50         0.00
2007     51         0.89
2007     52         1.49
2007     53         1.00
2007     54         0.48
2007     55+        0.13
2008     12-        8.00
2008     13        82.01
2008     14       366.03
2008     15       833.08
2008     16      1366.14
2008     17      2012.21
2008     18      2427.25
2008     19      3037.31
2008     20      3627.38
2008     21      3881.40
2008     22      4060.42
2008     23      4216.43
2008     24      4528.47
2008     25      4657.48
2008     26      4743.49
2008     27      4777.50
2008     28      4756.49
2008     29      4546.46
2008     30      4319.44
2008     31      4093.42
2008     32      3595.37
2008     33      2961.31
2008     34      2468.26
2008     35      1808.19
2008     36      1415.15
2008     37       974.10
2008     38       768.08
2008     39       551.06
2008     40       371.03
2008     41       201.02
2008     42       120.01
2008     43        67.01
2008     44        33.00
2008     45        18.00
2008     46         7.00
2008     47         6.00
2008     48         4.01
2008     49         0.00
2008     50         0.59
2008     51         1.06
2008     52         0.81
2008     53         0.41
2008     54         0.13
2008     55+        0.00
2009     12-        6.00
2009     13        77.01
2009     14       381.06
2009     15       912.14
2009     16      1399.22
2009     17      1970.31
2009     18      2416.39
2009     19      3090.50
2009     20      3586.58
2009     21      3929.63
2009     22      4006.64
2009     23      4340.70
2009     24      4512.72
2009     25      4845.78
2009     26      4903.79
2009     27      4912.79
2009     28      4911.79
2009     29      4620.74
2009     30      4536.73
2009     31      4117.66
2009     32      3709.59
2009     33      3304.53
2009     34      2762.45
2009     35      2309.37
2009     36      1623.26
2009     37      1205.19
2009     38       892.14
2009     39       648.10
2009     40       432.07
2009     41       274.04
2009     42       144.02
2009     43        68.01
2009     44        52.01
2009     45        31.00
2009     46        16.00
2009     47         3.00
2009     48         2.00
2009     49         1.00
2009     50         0.00
2009     51         0.00
2009     52         0.00
2009     53         0.00
2009     54         0.00
2009     55+        0.00
2010     12-        5.00
2010     13        55.01
2010     14       290.02
2010     15       748.06
2010     16      1289.11
2010     17      1590.13
2010     18      1898.15
2010     19      2536.20
2010     20      3148.25
2010     21      3302.26
2010     22      3610.28
2010     23      3860.31
2010     24      4329.34
2010     25      4348.34
2010     26      4610.37
2010     27      4580.37
2010     28      4504.36
2010     29      4405.35
2010     30      4377.35
2010     31      4001.32
2010     32      3575.28
2010     33      3240.25
2010     34      2948.23
2010     35      2342.19
2010     36      1890.15
2010     37      1279.11
2010     38       954.07
2010     39       680.05
2010     40       467.04
2010     41       311.02
2010     42       159.02
2010     43        77.00
2010     44        40.00
2010     45        27.00
2010     46         6.00
2010     47         7.00
2010     48        10.00
2010     49         4.00
2010     50         4.00
2010     51         0.00
2010     52         0.00
2010     53         0.00
2010     54         0.00
2010     55+        2.00
2011     12-        5.00
2011     13        56.00
2011     14       274.03
2011     15       695.07
2011     16      1156.11
2011     17      1593.16
2011     18      1774.18
2011     19      2246.22
2011     20      2858.29
2011     21      3081.31
2011     22      3279.33
2011     23      3518.35
2011     24      3768.38
2011     25      4230.42
2011     26      4308.43
2011     27      4306.43
2011     28      4247.42
2011     29      4135.41
2011     30      4024.40
2011     31      3613.36
2011     32      3509.34
2011     33      3124.31
2011     34      2713.27
2011     35      2195.22
2011     36      1808.18
2011     37      1472.15
2011     38       965.10
2011     39       697.07
2011     40       495.05
2011     41       302.03
2011     42       193.01
2011     43        93.01
2011     44        45.01
2011     45        28.00
2011     46        17.00
2011     47         3.00
2011     48         7.00
2011     49         3.00
2011     50         1.00
2011     51         1.00
2011     52         0.00
2011     53         2.00
2011     54         0.00
2011     55+        0.00
2012     12-        3.00
2012     13        45.00
2012     14       198.00
2012     15       627.03
2012     16      1090.05
2012     17      1488.06
2012     18      1785.07
2012     19      2168.09
2012     20      2500.11
2012     21      2891.12
2012     22      3299.14
2012     23      3463.15
2012     24      3742.16
2012     25      4119.18
2012     26      4343.19
2012     27      4274.19
2012     28      4200.18
2012     29      4009.17
2012     30      3822.17
2012     31      3535.15
2012     32      3280.14
2012     33      2939.13
2012     34      2692.12
2012     35      2320.10
2012     36      1857.08
2012     37      1452.07
2012     38      1030.04
2012     39       739.03
2012     40       475.02
2012     41       290.01
2012     42       204.01
2012     43       123.00
2012     44        32.00
2012     45        39.00
2012     46        16.00
2012     47         7.00
2012     48         8.00
2012     49         3.00
2012     50         3.00
2012     51         6.00
2012     52         0.00
2012     53         0.00
2012     54         0.00
2012     55+        2.00
2013     12-        5.00
2013     13        44.01
2013     14       249.01
2013     15       535.02
2013     16       996.04
2013     17      1425.07
2013     18      1626.07
2013     19      2088.10
2013     20      2428.11
2013     21      2677.12
2013     22      2976.14
2013     23      3327.15
2013     24      3594.16
2013     25      3921.18
2013     26      4048.18
2013     27      4290.20
2013     28      4184.19
2013     29      3990.18
2013     30      3667.16
2013     31      3488.16
2013     32      3077.14
2013     33      2799.12
2013     34      2560.12
2013     35      2165.09
2013     36      1830.08
2013     37      1395.06
2013     38      1109.05
2013     39       806.04
2013     40       533.03
2013     41       286.01
2013     42       199.00
2013     43       128.00
2013     44        56.00
2013     45        28.00
2013     46        22.00
2013     47        10.00
2013     48         3.00
2013     49         6.00
2013     50         3.00
2013     51         1.00
2013     52         0.00
2013     53         0.00
2013     54         0.00
2013     55+        1.00
2014     12-        2.00
2014     13        51.01
2014     14       271.03
2014     15       649.07
2014     16       838.09
2014     17      1319.14
2014     18      1590.17
2014     19      1935.20
2014     20      2384.25
2014     21      2525.26
2014     22      2746.28
2014     23      3175.33
2014     24      3624.38
2014     25      3954.41
2014     26      4176.43
2014     27      4187.44
2014     28      4402.46
2014     29      4051.42
2014     30      3873.40
2014     31      3571.37
2014     32      3201.33
2014     33      2907.30
2014     34      2652.27
2014     35      2332.24
2014     36      2000.21
2014     37      1546.16
2014     38      1175.12
2014     39       925.10
2014     40       635.07
2014     41       330.04
2014     42       231.03
2014     43       141.01
2014     44        64.01
2014     45        45.01
2014     46        24.00
2014     47        16.00
2014     48        11.00
2014     49         9.00
2014     50         5.00
2014     51         4.00
2014     52         0.00
2014     53         2.00
2014     54         0.00
2014     55+        0.00
2015     12-        2.00
2015     13        34.00
2015     14       258.01
2015     15       656.03
2015     16      1000.05
2015     17      1111.05
2015     18      1393.06
2015     19      1820.09
2015     20      2107.09
2015     21      2389.11
2015     22      2577.11
2015     23      2860.13
2015     24      3224.15
2015     25      3779.17
2015     26      4175.19
2015     27      4211.19
2015     28      4222.19
2015     29      4268.20
2015     30      3871.17
2015     31      3717.17
2015     32      3274.15
2015     33      2855.13
2015     34      2540.11
2015     35      2230.10
2015     36      1922.09
2015     37      1579.07
2015     38      1266.06
2015     39       920.04
2015     40       652.03
2015     41       438.02
2015     42       220.01
2015     43       129.01
2015     44        83.00
2015     45        58.00
2015     46        40.00
2015     47        31.00
2015     48        15.00
2015     49         8.00
2015     50         4.00
2015     51         5.00
2015     52         2.00
2015     53         2.00
2015     54         0.00
2015     55+        0.00
2016     12-        5.00
2016     13        43.00
2016     14       211.00
2016     15       642.01
2016     16      1024.02
2016     17      1288.02
2016     18      1213.02
2016     19      1605.02
2016     20      1895.03
2016     21      2127.03
2016     22      2530.04
2016     23      2747.04
2016     24      3042.05
2016     25      3631.06
2016     26      4059.06
2016     27      4182.06
2016     28      4249.06
2016     29      4194.07
2016     30      4058.06
2016     31      3660.06
2016     32      3339.05
2016     33      2939.04
2016     34      2534.04
2016     35      2166.03
2016     36      1873.03
2016     37      1600.02
2016     38      1247.02
2016     39       951.01
2016     40       717.01
2016     41       469.00
2016     42       295.01
2016     43       163.00
2016     44        87.00
2016     45        73.00
2016     46        39.00
2016     47        31.00
2016     48        23.00
2016     49        15.00
2016     50         1.00
2016     51         8.00
2016     52         6.00
2016     53         1.00
2016     54         1.00
2016     55+        0.00
2017     12-        1.00
2017     13        43.00
2017     14       225.01
2017     15       531.01
2017     16      1049.01
2017     17      1371.03
2017     18      1422.02
2017     19      1396.02
2017     20      1803.03
2017     21      2084.04
2017     22      2240.03
2017     23      2614.04
2017     24      2949.04
2017     25      3241.05
2017     26      3707.05
2017     27      4103.06
2017     28      4270.07
2017     29      4244.07
2017     30      3931.07
2017     31      3758.05
2017     32      3244.05
2017     33      3035.05
2017     34      2618.04
2017     35      2269.03
2017     36      1883.03
2017     37      1652.02
2017     38      1198.02
2017     39       984.01
2017     40       735.01
2017     41       513.01
2017     42       300.00
2017     43       229.00
2017     44        97.00
2017     45        53.00
2017     46        62.00
2017     47        37.00
2017     48        29.01
2017     49         9.00
2017     50        15.00
2017     51         4.00
2017     52         3.00
2017     53         0.00
2017     54         0.00
2017     55+        3.00
2018     12-        4.00
2018     13        47.00
2018     14       201.01
2018     15       549.02
2018     16       929.04
2018     17      1319.06
2018     18      1566.08
2018     19      1576.07
2018     20      1523.08
2018     21      1856.09
2018     22      2173.10
2018     23      2298.11
2018     24      2775.14
2018     25      3128.15
2018     26      3527.17
2018     27      3831.19
2018     28      4077.20
2018     29      4081.20
2018     30      3998.20
2018     31      3750.18
2018     32      3395.17
2018     33      2941.15
2018     34      2686.13
2018     35      2127.10
2018     36      1893.09
2018     37      1606.08
2018     38      1202.06
2018     39       997.05
2018     40       747.04
2018     41       536.02
2018     42       314.02
2018     43       218.01
2018     44       102.01
2018     45        73.00
2018     46        36.00
2018     47        41.00
2018     48        25.00
2018     49        17.00
2018     50        16.01
2018     51         5.00
2018     52         2.00
2018     53         4.01
2018     54         0.00
2018     55+        3.00
2019     12-        1.00
2019     13        40.00
2019     14       212.01
2019     15       572.02
2019     16       947.03
2019     17      1151.04
2019     18      1513.05
2019     19      1809.06
2019     20      1875.06
2019     21      1663.05
2019     22      1931.07
2019     23      2166.07
2019     24      2612.09
2019     25      2965.10
2019     26      3347.11
2019     27      3629.12
2019     28      3916.13
2019     29      4107.13
2019     30      3962.13
2019     31      3802.13
2019     32      3422.11
2019     33      3114.10
2019     34      2589.08
2019     35      2281.07
2019     36      1807.06
2019     37      1593.05
2019     38      1251.04
2019     39       996.03
2019     40       778.03
2019     41       519.01
2019     42       366.01
2019     43       213.01
2019     44       148.01
2019     45        87.01
2019     46        46.00
2019     47        35.00
2019     48        24.01
2019     49        21.00
2019     50         7.00
2019     51        11.00
2019     52         3.00
2019     53         4.00
2019     54         0.00
2019     55+        1.00
2020     12-        3.00
2020     13        38.00
2020     14       174.01
2020     15       544.01
2020     16       881.02
2020     17      1234.02
2020     18      1387.02
2020     19      1709.03
2020     20      1909.03
2020     21      1849.04
2020     22      1693.03
2020     23      2011.04
2020     24      2521.05
2020     25      2773.05
2020     26      3079.05
2020     27      3423.05
2020     28      3536.06
2020     29      3675.06
2020     30      3904.07
2020     31      3636.06
2020     32      3310.06
2020     33      2969.05
2020     34      2676.04
2020     35      2307.04
2020     36      1888.04
2020     37      1502.03
2020     38      1200.02
2020     39       960.02
2020     40       753.01
2020     41       539.01
2020     42       333.01
2020     43       207.00
2020     44       155.01
2020     45        92.00
2020     46        76.00
2020     47        47.00
2020     48        42.00
2020     49        15.00
2020     50        11.00
2020     51        12.00
2020     52         8.00
2020     53         2.00
2020     54         1.00
2020     55+        1.00
2021     12-        3.00
2021     13        37.00
2021     14       217.01
2021     15       543.03
2021     16       954.04
2021     17      1222.06
2021     18      1376.07
2021     19      1509.07
2021     20      1830.09
2021     21      2027.10
2021     22      1989.10
2021     23      1879.09
2021     24      2259.11
2021     25      2582.13
2021     26      2979.15
2021     27      3349.18
2021     28      3441.18
2021     29      3393.18
2021     30      3712.19
2021     31      3742.19
2021     32      3463.18
2021     33      3132.16
2021     34      2731.14
2021     35      2370.12
2021     36      1924.10
2021     37      1551.08
2021     38      1245.06
2021     39       953.05
2021     40       693.04
2021     41       559.03
2021     42       329.02
2021     43       224.01
2021     44       154.01
2021     45       101.01
2021     46        69.00
2021     47        39.00
2021     48        32.01
2021     49        26.00
2021     50        14.00
2021     51         8.00
2021     52         5.00
2021     53         3.00
2021     54         2.00
2021     55+        5.00
