Bulgaria, Cumulative period fertility rates (vertical parallelograms)
Last modified: 01/12/2022
Year  ARDY  Cohort     CPFR
1947   12    1935     0.000
1947   13    1934     0.000
1947   14    1933     0.000
1947   15    1932     0.001
1947   16    1931     0.004
1947   17    1930     0.015
1947   18    1929     0.042
1947   19    1928     0.096
1947   20    1927     0.184
1947   21    1926     0.312
1947   22    1925     0.476
1947   23    1924     0.667
1947   24    1923     0.870
1947   25    1922     1.080
1947   26    1921     1.283
1947   27    1920     1.468
1947   28    1919     1.633
1947   29    1918     1.782
1947   30    1917     1.921
1947   31    1916     2.054
1947   32    1915     2.175
1947   33    1914     2.279
1947   34    1913     2.371
1947   35    1912     2.454
1947   36    1911     2.528
1947   37    1910     2.591
1947   38    1909     2.644
1947   39    1908     2.688
1947   40    1907     2.722
1947   41    1906     2.749
1947   42    1905     2.769
1947   43    1904     2.784
1947   44    1903     2.797
1947   45    1902     2.807
1947   46    1901     2.815
1947   47    1900     2.821
1947   48    1899     2.825
1947   49    1898     2.827
1947   50    1897     2.828
1947   51    1896     2.828
1947   52    1895     2.828
1947   53    1894     2.828
1947   54    1893     2.828
1947   55    1892     2.828
1948   12    1936     0.000
1948   13    1935     0.000
1948   14    1934     0.000
1948   15    1933     0.001
1948   16    1932     0.004
1948   17    1931     0.016
1948   18    1930     0.045
1948   19    1929     0.101
1948   20    1928     0.192
1948   21    1927     0.324
1948   22    1926     0.497
1948   23    1925     0.696
1948   24    1924     0.909
1948   25    1923     1.126
1948   26    1922     1.334
1948   27    1921     1.521
1948   28    1920     1.686
1948   29    1919     1.834
1948   30    1918     1.971
1948   31    1917     2.101
1948   32    1916     2.217
1948   33    1915     2.318
1948   34    1914     2.408
1948   35    1913     2.490
1948   36    1912     2.565
1948   37    1911     2.630
1948   38    1910     2.685
1948   39    1909     2.730
1948   40    1908     2.766
1948   41    1907     2.794
1948   42    1906     2.815
1948   43    1905     2.830
1948   44    1904     2.843
1948   45    1903     2.853
1948   46    1902     2.862
1948   47    1901     2.868
1948   48    1900     2.872
1948   49    1899     2.874
1948   50    1898     2.874
1948   51    1897     2.875
1948   52    1896     2.875
1948   53    1895     2.875
1948   54    1894     2.875
1948   55    1893     2.875
1949   12    1937     0.000
1949   13    1936     0.000
1949   14    1935     0.000
1949   15    1934     0.001
1949   16    1933     0.005
1949   17    1932     0.017
1949   18    1931     0.049
1949   19    1930     0.110
1949   20    1929     0.207
1949   21    1928     0.345
1949   22    1927     0.520
1949   23    1926     0.719
1949   24    1925     0.929
1949   25    1924     1.143
1949   26    1923     1.350
1949   27    1922     1.540
1949   28    1921     1.707
1949   29    1920     1.857
1949   30    1919     1.995
1949   31    1918     2.123
1949   32    1917     2.235
1949   33    1916     2.331
1949   34    1915     2.417
1949   35    1914     2.495
1949   36    1913     2.567
1949   37    1912     2.629
1949   38    1911     2.683
1949   39    1910     2.727
1949   40    1909     2.761
1949   41    1908     2.788
1949   42    1907     2.808
1949   43    1906     2.823
1949   44    1905     2.836
1949   45    1904     2.846
1949   46    1903     2.854
1949   47    1902     2.860
1949   48    1901     2.864
1949   49    1900     2.866
1949   50    1899     2.867
1949   51    1898     2.868
1949   52    1897     2.868
1949   53    1896     2.868
1949   54    1895     2.868
1949   55    1894     2.868
1950   12    1938     0.000
1950   13    1937     0.000
1950   14    1936     0.000
1950   15    1935     0.001
1950   16    1934     0.005
1950   17    1933     0.019
1950   18    1932     0.052
1950   19    1931     0.114
1950   20    1930     0.213
1950   21    1929     0.356
1950   22    1928     0.537
1950   23    1927     0.743
1950   24    1926     0.962
1950   25    1925     1.181
1950   26    1924     1.390
1950   27    1923     1.578
1950   28    1922     1.743
1950   29    1921     1.892
1950   30    1920     2.031
1950   31    1919     2.161
1950   32    1918     2.274
1950   33    1917     2.373
1950   34    1916     2.461
1950   35    1915     2.540
1950   36    1914     2.612
1950   37    1913     2.674
1950   38    1912     2.726
1950   39    1911     2.770
1950   40    1910     2.806
1950   41    1909     2.835
1950   42    1908     2.857
1950   43    1907     2.874
1950   44    1906     2.889
1950   45    1905     2.900
1950   46    1904     2.910
1950   47    1903     2.917
1950   48    1902     2.922
1950   49    1901     2.924
1950   50    1900     2.925
1950   51    1899     2.925
1950   52    1898     2.925
1950   53    1897     2.926
1950   54    1896     2.926
1950   55    1895     2.926
1951   12    1939     0.000
1951   13    1938     0.000
1951   14    1937     0.000
1951   15    1936     0.001
1951   16    1935     0.005
1951   17    1934     0.019
1951   18    1933     0.051
1951   19    1932     0.112
1951   20    1931     0.207
1951   21    1930     0.338
1951   22    1929     0.499
1951   23    1928     0.675
1951   24    1927     0.855
1951   25    1926     1.034
1951   26    1925     1.206
1951   27    1924     1.360
1951   28    1923     1.495
1951   29    1922     1.617
1951   30    1921     1.730
1951   31    1920     1.833
1951   32    1919     1.922
1951   33    1918     1.999
1951   34    1917     2.066
1951   35    1916     2.127
1951   36    1915     2.183
1951   37    1914     2.232
1951   38    1913     2.273
1951   39    1912     2.307
1951   40    1911     2.335
1951   41    1910     2.357
1951   42    1909     2.374
1951   43    1908     2.387
1951   44    1907     2.397
1951   45    1906     2.406
1951   46    1905     2.412
1951   47    1904     2.417
1951   48    1903     2.420
1951   49    1902     2.422
1951   50    1901     2.422
1951   51    1900     2.423
1951   52    1899     2.423
1951   53    1898     2.423
1951   54    1897     2.423
1951   55    1896     2.423
1952   12    1940     0.000
1952   13    1939     0.000
1952   14    1938     0.000
1952   15    1937     0.001
1952   16    1936     0.005
1952   17    1935     0.018
1952   18    1934     0.050
1952   19    1933     0.110
1952   20    1932     0.203
1952   21    1931     0.335
1952   22    1930     0.500
1952   23    1929     0.681
1952   24    1928     0.866
1952   25    1927     1.051
1952   26    1926     1.229
1952   27    1925     1.388
1952   28    1924     1.528
1952   29    1923     1.652
1952   30    1922     1.766
1952   31    1921     1.867
1952   32    1920     1.954
1952   33    1919     2.027
1952   34    1918     2.091
1952   35    1917     2.148
1952   36    1916     2.201
1952   37    1915     2.249
1952   38    1914     2.288
1952   39    1913     2.321
1952   40    1912     2.347
1952   41    1911     2.368
1952   42    1910     2.384
1952   43    1909     2.396
1952   44    1908     2.405
1952   45    1907     2.413
1952   46    1906     2.419
1952   47    1905     2.423
1952   48    1904     2.426
1952   49    1903     2.427
1952   50    1902     2.427
1952   51    1901     2.428
1952   52    1900     2.428
1952   53    1899     2.428
1952   54    1898     2.428
1952   55    1897     2.428
1953   12    1941     0.000
1953   13    1940     0.000
1953   14    1939     0.000
1953   15    1938     0.001
1953   16    1937     0.005
1953   17    1936     0.019
1953   18    1935     0.052
1953   19    1934     0.116
1953   20    1933     0.214
1953   21    1932     0.350
1953   22    1931     0.518
1953   23    1930     0.698
1953   24    1929     0.881
1953   25    1928     1.063
1953   26    1927     1.239
1953   27    1926     1.398
1953   28    1925     1.537
1953   29    1924     1.659
1953   30    1923     1.770
1953   31    1922     1.869
1953   32    1921     1.952
1953   33    1920     2.022
1953   34    1919     2.084
1953   35    1918     2.138
1953   36    1917     2.188
1953   37    1916     2.233
1953   38    1915     2.270
1953   39    1914     2.302
1953   40    1913     2.328
1953   41    1912     2.349
1953   42    1911     2.366
1953   43    1910     2.378
1953   44    1909     2.388
1953   45    1908     2.396
1953   46    1907     2.402
1953   47    1906     2.406
1953   48    1905     2.408
1953   49    1904     2.410
1953   50    1903     2.410
1953   51    1902     2.411
1953   52    1901     2.411
1953   53    1900     2.411
1953   54    1899     2.411
1953   55    1898     2.411
1954   12    1942     0.000
1954   13    1941     0.000
1954   14    1940     0.000
1954   15    1939     0.001
1954   16    1938     0.005
1954   17    1937     0.019
1954   18    1936     0.055
1954   19    1935     0.122
1954   20    1934     0.226
1954   21    1933     0.365
1954   22    1932     0.530
1954   23    1931     0.704
1954   24    1930     0.878
1954   25    1929     1.051
1954   26    1928     1.220
1954   27    1927     1.374
1954   28    1926     1.510
1954   29    1925     1.630
1954   30    1924     1.738
1954   31    1923     1.835
1954   32    1922     1.916
1954   33    1921     1.986
1954   34    1920     2.046
1954   35    1919     2.100
1954   36    1918     2.150
1954   37    1917     2.193
1954   38    1916     2.229
1954   39    1915     2.259
1954   40    1914     2.285
1954   41    1913     2.304
1954   42    1912     2.320
1954   43    1911     2.332
1954   44    1910     2.341
1954   45    1909     2.348
1954   46    1908     2.353
1954   47    1907     2.356
1954   48    1906     2.358
1954   49    1905     2.359
1954   50    1904     2.360
1954   51    1903     2.360
1954   52    1902     2.360
1954   53    1901     2.360
1954   54    1900     2.360
1954   55    1899     2.360
1955   12    1943     0.000
1955   13    1942     0.000
1955   14    1941     0.000
1955   15    1940     0.001
1955   16    1939     0.005
1955   17    1938     0.019
1955   18    1937     0.054
1955   19    1936     0.122
1955   20    1935     0.227
1955   21    1934     0.372
1955   22    1933     0.545
1955   23    1932     0.730
1955   24    1931     0.915
1955   25    1930     1.098
1955   26    1929     1.273
1955   27    1928     1.431
1955   28    1927     1.568
1955   29    1926     1.687
1955   30    1925     1.794
1955   31    1924     1.886
1955   32    1923     1.963
1955   33    1922     2.028
1955   34    1921     2.085
1955   35    1920     2.137
1955   36    1919     2.183
1955   37    1918     2.223
1955   38    1917     2.257
1955   39    1916     2.285
1955   40    1915     2.308
1955   41    1914     2.327
1955   42    1913     2.342
1955   43    1912     2.353
1955   44    1911     2.362
1955   45    1910     2.368
1955   46    1909     2.373
1955   47    1908     2.376
1955   48    1907     2.378
1955   49    1906     2.379
1955   50    1905     2.380
1955   51    1904     2.380
1955   52    1903     2.380
1955   53    1902     2.380
1955   54    1901     2.380
1955   55    1900     2.380
1956   12    1944     0.000
1956   13    1943     0.000
1956   14    1942     0.000
1956   15    1941     0.001
1956   16    1940     0.005
1956   17    1939     0.020
1956   18    1938     0.056
1956   19    1937     0.125
1956   20    1936     0.234
1956   21    1935     0.382
1956   22    1934     0.560
1956   23    1933     0.750
1956   24    1932     0.939
1956   25    1931     1.122
1956   26    1930     1.295
1956   27    1929     1.448
1956   28    1928     1.579
1956   29    1927     1.693
1956   30    1926     1.794
1956   31    1925     1.883
1956   32    1924     1.957
1956   33    1923     2.020
1956   34    1922     2.075
1956   35    1921     2.124
1956   36    1920     2.167
1956   37    1919     2.202
1956   38    1918     2.232
1956   39    1917     2.257
1956   40    1916     2.278
1956   41    1915     2.295
1956   42    1914     2.309
1956   43    1913     2.320
1956   44    1912     2.328
1956   45    1911     2.334
1956   46    1910     2.338
1956   47    1909     2.341
1956   48    1908     2.343
1956   49    1907     2.344
1956   50    1906     2.345
1956   51    1905     2.345
1956   52    1904     2.345
1956   53    1903     2.345
1956   54    1902     2.345
1956   55    1901     2.345
1957   12    1945     0.000
1957   13    1944     0.000
1957   14    1943     0.000
1957   15    1942     0.001
1957   16    1941     0.005
1957   17    1940     0.020
1957   18    1939     0.059
1957   19    1938     0.132
1957   20    1937     0.246
1957   21    1936     0.399
1957   22    1935     0.579
1957   23    1934     0.768
1957   24    1933     0.953
1957   25    1932     1.132
1957   26    1931     1.299
1957   27    1930     1.445
1957   28    1929     1.570
1957   29    1928     1.676
1957   30    1927     1.770
1957   31    1926     1.852
1957   32    1925     1.921
1957   33    1924     1.977
1957   34    1923     2.026
1957   35    1922     2.070
1957   36    1921     2.107
1957   37    1920     2.138
1957   38    1919     2.163
1957   39    1918     2.183
1957   40    1917     2.200
1957   41    1916     2.214
1957   42    1915     2.225
1957   43    1914     2.234
1957   44    1913     2.240
1957   45    1912     2.245
1957   46    1911     2.249
1957   47    1910     2.251
1957   48    1909     2.253
1957   49    1908     2.254
1957   50    1907     2.254
1957   51    1906     2.254
1957   52    1905     2.254
1957   53    1904     2.254
1957   54    1903     2.254
1957   55    1902     2.254
1958   12    1946     0.000
1958   13    1945     0.000
1958   14    1944     0.000
1958   15    1943     0.001
1958   16    1942     0.005
1958   17    1941     0.020
1958   18    1940     0.059
1958   19    1939     0.134
1958   20    1938     0.251
1958   21    1937     0.406
1958   22    1936     0.585
1958   23    1935     0.770
1958   24    1934     0.952
1958   25    1933     1.128
1958   26    1932     1.293
1958   27    1931     1.439
1958   28    1930     1.562
1958   29    1929     1.668
1958   30    1928     1.761
1958   31    1927     1.844
1958   32    1926     1.914
1958   33    1925     1.971
1958   34    1924     2.020
1958   35    1923     2.061
1958   36    1922     2.096
1958   37    1921     2.123
1958   38    1920     2.146
1958   39    1919     2.164
1958   40    1918     2.179
1958   41    1917     2.193
1958   42    1916     2.204
1958   43    1915     2.213
1958   44    1914     2.220
1958   45    1913     2.224
1958   46    1912     2.228
1958   47    1911     2.230
1958   48    1910     2.231
1958   49    1909     2.232
1958   50    1908     2.233
1958   51    1907     2.233
1958   52    1906     2.233
1958   53    1905     2.233
1958   54    1904     2.233
1958   55    1903     2.233
1959   12    1947     0.000
1959   13    1946     0.000
1959   14    1945     0.000
1959   15    1944     0.001
1959   16    1943     0.006
1959   17    1942     0.022
1959   18    1941     0.066
1959   19    1940     0.152
1959   20    1939     0.283
1959   21    1938     0.451
1959   22    1937     0.639
1959   23    1936     0.828
1959   24    1935     1.009
1959   25    1934     1.183
1959   26    1933     1.346
1959   27    1932     1.490
1959   28    1931     1.611
1959   29    1930     1.714
1959   30    1929     1.803
1959   31    1928     1.880
1959   32    1927     1.944
1959   33    1926     1.996
1959   34    1925     2.041
1959   35    1924     2.079
1959   36    1923     2.112
1959   37    1922     2.138
1959   38    1921     2.160
1959   39    1920     2.178
1959   40    1919     2.192
1959   41    1918     2.203
1959   42    1917     2.212
1959   43    1916     2.219
1959   44    1915     2.225
1959   45    1914     2.229
1959   46    1913     2.232
1959   47    1912     2.234
1959   48    1911     2.236
1959   49    1910     2.237
1959   50    1909     2.237
1959   51    1908     2.237
1959   52    1907     2.237
1959   53    1906     2.237
1959   54    1905     2.237
1959   55    1904     2.237
1960   12    1948     0.000
1960   13    1947     0.000
1960   14    1946     0.000
1960   15    1945     0.001
1960   16    1944     0.005
1960   17    1943     0.021
1960   18    1942     0.064
1960   19    1941     0.154
1960   20    1940     0.298
1960   21    1939     0.481
1960   22    1938     0.679
1960   23    1937     0.877
1960   24    1936     1.066
1960   25    1935     1.241
1960   26    1934     1.401
1960   27    1933     1.545
1960   28    1932     1.672
1960   29    1931     1.781
1960   30    1930     1.877
1960   31    1929     1.958
1960   32    1928     2.024
1960   33    1927     2.078
1960   34    1926     2.123
1960   35    1925     2.162
1960   36    1924     2.192
1960   37    1923     2.219
1960   38    1922     2.239
1960   39    1921     2.256
1960   40    1920     2.270
1960   41    1919     2.281
1960   42    1918     2.291
1960   43    1917     2.298
1960   44    1916     2.304
1960   45    1915     2.308
1960   46    1914     2.310
1960   47    1913     2.311
1960   48    1912     2.312
1960   49    1911     2.313
1960   50    1910     2.313
1960   51    1909     2.314
1960   52    1908     2.314
1960   53    1907     2.314
1960   54    1906     2.314
1960   55    1905     2.314
1961   12    1949     0.000
1961   13    1948     0.000
1961   14    1947     0.000
1961   15    1946     0.001
1961   16    1945     0.005
1961   17    1944     0.021
1961   18    1943     0.066
1961   19    1942     0.154
1961   20    1941     0.293
1961   21    1940     0.473
1961   22    1939     0.668
1961   23    1938     0.861
1961   24    1937     1.045
1961   25    1936     1.219
1961   26    1935     1.381
1961   27    1934     1.526
1961   28    1933     1.654
1961   29    1932     1.764
1961   30    1931     1.858
1961   31    1930     1.939
1961   32    1929     2.007
1961   33    1928     2.063
1961   34    1927     2.108
1961   35    1926     2.146
1961   36    1925     2.177
1961   37    1924     2.202
1961   38    1923     2.222
1961   39    1922     2.239
1961   40    1921     2.252
1961   41    1920     2.263
1961   42    1919     2.271
1961   43    1918     2.277
1961   44    1917     2.282
1961   45    1916     2.285
1961   46    1915     2.288
1961   47    1914     2.289
1961   48    1913     2.290
1961   49    1912     2.290
1961   50    1911     2.291
1961   51    1910     2.291
1961   52    1909     2.292
1961   53    1908     2.292
1961   54    1907     2.292
1961   55    1906     2.292
1962   12    1950     0.000
1962   13    1949     0.000
1962   14    1948     0.000
1962   15    1947     0.001
1962   16    1946     0.005
1962   17    1945     0.018
1962   18    1944     0.059
1962   19    1943     0.144
1962   20    1942     0.279
1962   21    1941     0.458
1962   22    1940     0.651
1962   23    1939     0.842
1962   24    1938     1.024
1962   25    1937     1.194
1962   26    1936     1.351
1962   27    1935     1.492
1962   28    1934     1.613
1962   29    1933     1.720
1962   30    1932     1.813
1962   31    1931     1.891
1962   32    1930     1.958
1962   33    1929     2.013
1962   34    1928     2.058
1962   35    1927     2.096
1962   36    1926     2.127
1962   37    1925     2.153
1962   38    1924     2.173
1962   39    1923     2.189
1962   40    1922     2.203
1962   41    1921     2.213
1962   42    1920     2.221
1962   43    1919     2.228
1962   44    1918     2.232
1962   45    1917     2.235
1962   46    1916     2.238
1962   47    1915     2.239
1962   48    1914     2.240
1962   49    1913     2.241
1962   50    1912     2.241
1962   51    1911     2.242
1962   52    1910     2.242
1962   53    1909     2.242
1962   54    1908     2.242
1962   55    1907     2.242
1963   12    1951     0.000
1963   13    1950     0.000
1963   14    1949     0.000
1963   15    1948     0.001
1963   16    1947     0.005
1963   17    1946     0.019
1963   18    1945     0.057
1963   19    1944     0.141
1963   20    1943     0.278
1963   21    1942     0.455
1963   22    1941     0.649
1963   23    1940     0.842
1963   24    1939     1.024
1963   25    1938     1.190
1963   26    1937     1.343
1963   27    1936     1.483
1963   28    1935     1.607
1963   29    1934     1.712
1963   30    1933     1.802
1963   31    1932     1.880
1963   32    1931     1.944
1963   33    1930     1.998
1963   34    1929     2.042
1963   35    1928     2.077
1963   36    1927     2.105
1963   37    1926     2.129
1963   38    1925     2.148
1963   39    1924     2.164
1963   40    1923     2.177
1963   41    1922     2.186
1963   42    1921     2.194
1963   43    1920     2.200
1963   44    1919     2.204
1963   45    1918     2.207
1963   46    1917     2.209
1963   47    1916     2.210
1963   48    1915     2.210
1963   49    1914     2.211
1963   50    1913     2.211
1963   51    1912     2.211
1963   52    1911     2.212
1963   53    1910     2.212
1963   54    1909     2.212
1963   55    1908     2.212
1964   12    1952     0.000
1964   13    1951     0.000
1964   14    1950     0.000
1964   15    1949     0.001
1964   16    1948     0.005
1964   17    1947     0.020
1964   18    1946     0.058
1964   19    1945     0.141
1964   20    1944     0.282
1964   21    1943     0.464
1964   22    1942     0.663
1964   23    1941     0.859
1964   24    1940     1.042
1964   25    1939     1.210
1964   26    1938     1.360
1964   27    1937     1.492
1964   28    1936     1.609
1964   29    1935     1.709
1964   30    1934     1.794
1964   31    1933     1.867
1964   32    1932     1.927
1964   33    1931     1.978
1964   34    1930     2.021
1964   35    1929     2.056
1964   36    1928     2.084
1964   37    1927     2.107
1964   38    1926     2.126
1964   39    1925     2.141
1964   40    1924     2.152
1964   41    1923     2.161
1964   42    1922     2.168
1964   43    1921     2.174
1964   44    1920     2.177
1964   45    1919     2.180
1964   46    1918     2.182
1964   47    1917     2.184
1964   48    1916     2.184
1964   49    1915     2.185
1964   50    1914     2.185
1964   51    1913     2.185
1964   52    1912     2.186
1964   53    1911     2.186
1964   54    1910     2.186
1964   55    1909     2.186
1965   12    1953     0.000
1965   13    1952     0.000
1965   14    1951     0.000
1965   15    1950     0.001
1965   16    1949     0.006
1965   17    1948     0.022
1965   18    1947     0.062
1965   19    1946     0.141
1965   20    1945     0.269
1965   21    1944     0.443
1965   22    1943     0.633
1965   23    1942     0.819
1965   24    1941     0.995
1965   25    1940     1.156
1965   26    1939     1.300
1965   27    1938     1.428
1965   28    1937     1.539
1965   29    1936     1.636
1965   30    1935     1.718
1965   31    1934     1.787
1965   32    1933     1.844
1965   33    1932     1.892
1965   34    1931     1.932
1965   35    1930     1.964
1965   36    1929     1.991
1965   37    1928     2.012
1965   38    1927     2.031
1965   39    1926     2.045
1965   40    1925     2.057
1965   41    1924     2.066
1965   42    1923     2.073
1965   43    1922     2.078
1965   44    1921     2.081
1965   45    1920     2.083
1965   46    1919     2.085
1965   47    1918     2.086
1965   48    1917     2.086
1965   49    1916     2.087
1965   50    1915     2.087
1965   51    1914     2.087
1965   52    1913     2.088
1965   53    1912     2.088
1965   54    1911     2.088
1965   55    1910     2.088
1966   12    1954     0.000
1966   13    1953     0.000
1966   14    1952     0.000
1966   15    1951     0.001
1966   16    1950     0.006
1966   17    1949     0.022
1966   18    1948     0.061
1966   19    1947     0.137
1966   20    1946     0.260
1966   21    1945     0.429
1966   22    1944     0.621
1966   23    1943     0.809
1966   24    1942     0.980
1966   25    1941     1.136
1966   26    1940     1.278
1966   27    1939     1.402
1966   28    1938     1.512
1966   29    1937     1.606
1966   30    1936     1.684
1966   31    1935     1.749
1966   32    1934     1.804
1966   33    1933     1.849
1966   34    1932     1.885
1966   35    1931     1.914
1966   36    1930     1.941
1966   37    1929     1.961
1966   38    1928     1.977
1966   39    1927     1.990
1966   40    1926     2.000
1966   41    1925     2.009
1966   42    1924     2.014
1966   43    1923     2.018
1966   44    1922     2.021
1966   45    1921     2.023
1966   46    1920     2.024
1966   47    1919     2.025
1966   48    1918     2.026
1966   49    1917     2.026
1966   50    1916     2.027
1966   51    1915     2.027
1966   52    1914     2.027
1966   53    1913     2.027
1966   54    1912     2.027
1966   55    1911     2.027
1967   12    1955     0.000
1967   13    1954     0.000
1967   14    1953     0.000
1967   15    1952     0.001
1967   16    1951     0.006
1967   17    1950     0.022
1967   18    1949     0.060
1967   19    1948     0.139
1967   20    1947     0.264
1967   21    1946     0.434
1967   22    1945     0.626
1967   23    1944     0.814
1967   24    1943     0.989
1967   25    1942     1.147
1967   26    1941     1.289
1967   27    1940     1.415
1967   28    1939     1.523
1967   29    1938     1.613
1967   30    1937     1.690
1967   31    1936     1.756
1967   32    1935     1.810
1967   33    1934     1.853
1967   34    1933     1.888
1967   35    1932     1.917
1967   36    1931     1.941
1967   37    1930     1.961
1967   38    1929     1.977
1967   39    1928     1.989
1967   40    1927     1.998
1967   41    1926     2.006
1967   42    1925     2.012
1967   43    1924     2.016
1967   44    1923     2.019
1967   45    1922     2.020
1967   46    1921     2.022
1967   47    1920     2.023
1967   48    1919     2.023
1967   49    1918     2.023
1967   50    1917     2.024
1967   51    1916     2.024
1967   52    1915     2.024
1967   53    1914     2.024
1967   54    1913     2.024
1967   55    1912     2.024
1968   12    1956     0.000
1968   13    1955     0.000
1968   14    1954     0.000
1968   15    1953     0.001
1968   16    1952     0.007
1968   17    1951     0.025
1968   18    1950     0.067
1968   19    1949     0.149
1968   20    1948     0.287
1968   21    1947     0.472
1968   22    1946     0.678
1968   23    1945     0.885
1968   24    1944     1.085
1968   25    1943     1.268
1968   26    1942     1.431
1968   27    1941     1.575
1968   28    1940     1.701
1968   29    1939     1.810
1968   30    1938     1.902
1968   31    1937     1.977
1968   32    1936     2.038
1968   33    1935     2.087
1968   34    1934     2.125
1968   35    1933     2.157
1968   36    1932     2.184
1968   37    1931     2.205
1968   38    1930     2.222
1968   39    1929     2.235
1968   40    1928     2.245
1968   41    1927     2.253
1968   42    1926     2.259
1968   43    1925     2.263
1968   44    1924     2.266
1968   45    1923     2.268
1968   46    1922     2.269
1968   47    1921     2.270
1968   48    1920     2.270
1968   49    1919     2.271
1968   50    1918     2.271
1968   51    1917     2.271
1968   52    1916     2.271
1968   53    1915     2.271
1968   54    1914     2.271
1968   55    1913     2.271
1969   12    1957     0.000
1969   13    1956     0.000
1969   14    1955     0.000
1969   15    1954     0.001
1969   16    1953     0.007
1969   17    1952     0.025
1969   18    1951     0.067
1969   19    1950     0.149
1969   20    1949     0.282
1969   21    1948     0.463
1969   22    1947     0.670
1969   23    1946     0.875
1969   24    1945     1.068
1969   25    1944     1.248
1969   26    1943     1.410
1969   27    1942     1.554
1969   28    1941     1.683
1969   29    1940     1.796
1969   30    1939     1.890
1969   31    1938     1.968
1969   32    1937     2.032
1969   33    1936     2.083
1969   34    1935     2.124
1969   35    1934     2.157
1969   36    1933     2.183
1969   37    1932     2.203
1969   38    1931     2.220
1969   39    1930     2.234
1969   40    1929     2.245
1969   41    1928     2.253
1969   42    1927     2.258
1969   43    1926     2.262
1969   44    1925     2.264
1969   45    1924     2.266
1969   46    1923     2.267
1969   47    1922     2.268
1969   48    1921     2.269
1969   49    1920     2.269
1969   50    1919     2.269
1969   51    1918     2.269
1969   52    1917     2.269
1969   53    1916     2.269
1969   54    1915     2.269
1969   55    1914     2.269
1970   12    1958     0.000
1970   13    1957     0.000
1970   14    1956     0.000
1970   15    1955     0.001
1970   16    1954     0.008
1970   17    1953     0.025
1970   18    1952     0.068
1970   19    1951     0.148
1970   20    1950     0.276
1970   21    1949     0.456
1970   22    1948     0.659
1970   23    1947     0.859
1970   24    1946     1.046
1970   25    1945     1.218
1970   26    1944     1.373
1970   27    1943     1.509
1970   28    1942     1.628
1970   29    1941     1.730
1970   30    1940     1.817
1970   31    1939     1.891
1970   32    1938     1.951
1970   33    1937     1.999
1970   34    1936     2.038
1970   35    1935     2.070
1970   36    1934     2.095
1970   37    1933     2.115
1970   38    1932     2.130
1970   39    1931     2.143
1970   40    1930     2.152
1970   41    1929     2.159
1970   42    1928     2.165
1970   43    1927     2.168
1970   44    1926     2.170
1970   45    1925     2.172
1970   46    1924     2.173
1970   47    1923     2.173
1970   48    1922     2.174
1970   49    1921     2.174
1970   50    1920     2.174
1970   51    1919     2.174
1970   52    1918     2.174
1970   53    1917     2.174
1970   54    1916     2.174
1970   55    1915     2.174
1971   12    1959     0.000
1971   13    1958     0.000
1971   14    1957     0.000
1971   15    1956     0.001
1971   16    1955     0.008
1971   17    1954     0.027
1971   18    1953     0.070
1971   19    1952     0.149
1971   20    1951     0.275
1971   21    1950     0.450
1971   22    1949     0.651
1971   23    1948     0.852
1971   24    1947     1.038
1971   25    1946     1.206
1971   26    1945     1.355
1971   27    1944     1.485
1971   28    1943     1.596
1971   29    1942     1.691
1971   30    1941     1.771
1971   31    1940     1.838
1971   32    1939     1.895
1971   33    1938     1.940
1971   34    1937     1.975
1971   35    1936     2.005
1971   36    1935     2.029
1971   37    1934     2.047
1971   38    1933     2.061
1971   39    1932     2.073
1971   40    1931     2.082
1971   41    1930     2.089
1971   42    1929     2.093
1971   43    1928     2.097
1971   44    1927     2.099
1971   45    1926     2.100
1971   46    1925     2.101
1971   47    1924     2.102
1971   48    1923     2.102
1971   49    1922     2.103
1971   50    1921     2.103
1971   51    1920     2.103
1971   52    1919     2.103
1971   53    1918     2.103
1971   54    1917     2.103
1971   55    1916     2.103
1972   12    1960     0.000
1972   13    1959     0.000
1972   14    1958     0.000
1972   15    1957     0.001
1972   16    1956     0.008
1972   17    1955     0.026
1972   18    1954     0.067
1972   19    1953     0.143
1972   20    1952     0.268
1972   21    1951     0.441
1972   22    1950     0.637
1972   23    1949     0.834
1972   24    1948     1.015
1972   25    1947     1.177
1972   26    1946     1.322
1972   27    1945     1.446
1972   28    1944     1.553
1972   29    1943     1.643
1972   30    1942     1.720
1972   31    1941     1.783
1972   32    1940     1.834
1972   33    1939     1.875
1972   34    1938     1.909
1972   35    1937     1.937
1972   36    1936     1.959
1972   37    1935     1.977
1972   38    1934     1.990
1972   39    1933     2.000
1972   40    1932     2.008
1972   41    1931     2.015
1972   42    1930     2.020
1972   43    1929     2.023
1972   44    1928     2.025
1972   45    1927     2.027
1972   46    1926     2.027
1972   47    1925     2.028
1972   48    1924     2.028
1972   49    1923     2.028
1972   50    1922     2.028
1972   51    1921     2.028
1972   52    1920     2.028
1972   53    1919     2.028
1972   54    1918     2.028
1972   55    1917     2.028
1973   12    1961     0.000
1973   13    1960     0.000
1973   14    1959     0.000
1973   15    1958     0.001
1973   16    1957     0.009
1973   17    1956     0.028
1973   18    1955     0.071
1973   19    1954     0.149
1973   20    1953     0.280
1973   21    1952     0.465
1973   22    1951     0.674
1973   23    1950     0.881
1973   24    1949     1.076
1973   25    1948     1.254
1973   26    1947     1.411
1973   27    1946     1.545
1973   28    1945     1.659
1973   29    1944     1.755
1973   30    1943     1.834
1973   31    1942     1.899
1973   32    1941     1.952
1973   33    1940     1.994
1973   34    1939     2.028
1973   35    1938     2.054
1973   36    1937     2.077
1973   37    1936     2.096
1973   38    1935     2.110
1973   39    1934     2.120
1973   40    1933     2.129
1973   41    1932     2.135
1973   42    1931     2.140
1973   43    1930     2.143
1973   44    1929     2.146
1973   45    1928     2.147
1973   46    1927     2.148
1973   47    1926     2.148
1973   48    1925     2.148
1973   49    1924     2.148
1973   50    1923     2.149
1973   51    1922     2.149
1973   52    1921     2.149
1973   53    1920     2.149
1973   54    1919     2.149
1973   55    1918     2.149
1974   12    1962     0.000
1974   13    1961     0.000
1974   14    1960     0.000
1974   15    1959     0.001
1974   16    1958     0.009
1974   17    1957     0.029
1974   18    1956     0.073
1974   19    1955     0.152
1974   20    1954     0.285
1974   21    1953     0.475
1974   22    1952     0.691
1974   23    1951     0.908
1974   24    1950     1.117
1974   25    1949     1.309
1974   26    1948     1.479
1974   27    1947     1.629
1974   28    1946     1.757
1974   29    1945     1.863
1974   30    1944     1.950
1974   31    1943     2.022
1974   32    1942     2.080
1974   33    1941     2.127
1974   34    1940     2.163
1974   35    1939     2.193
1974   36    1938     2.217
1974   37    1937     2.236
1974   38    1936     2.251
1974   39    1935     2.262
1974   40    1934     2.270
1974   41    1933     2.277
1974   42    1932     2.281
1974   43    1931     2.285
1974   44    1930     2.287
1974   45    1929     2.288
1974   46    1928     2.289
1974   47    1927     2.289
1974   48    1926     2.289
1974   49    1925     2.289
1974   50    1924     2.290
1974   51    1923     2.290
1974   52    1922     2.290
1974   53    1921     2.290
1974   54    1920     2.290
1974   55    1919     2.290
1975   12    1963     0.000
1975   13    1962     0.000
1975   14    1961     0.000
1975   15    1960     0.001
1975   16    1959     0.009
1975   17    1958     0.030
1975   18    1957     0.075
1975   19    1956     0.154
1975   20    1955     0.287
1975   21    1954     0.474
1975   22    1953     0.686
1975   23    1952     0.899
1975   24    1951     1.099
1975   25    1950     1.282
1975   26    1949     1.446
1975   27    1948     1.589
1975   28    1947     1.710
1975   29    1946     1.813
1975   30    1945     1.897
1975   31    1944     1.966
1975   32    1943     2.022
1975   33    1942     2.068
1975   34    1941     2.104
1975   35    1940     2.133
1975   36    1939     2.155
1975   37    1938     2.173
1975   38    1937     2.187
1975   39    1936     2.198
1975   40    1935     2.206
1975   41    1934     2.212
1975   42    1933     2.217
1975   43    1932     2.220
1975   44    1931     2.222
1975   45    1930     2.223
1975   46    1929     2.224
1975   47    1928     2.225
1975   48    1927     2.225
1975   49    1926     2.225
1975   50    1925     2.225
1975   51    1924     2.225
1975   52    1923     2.225
1975   53    1922     2.225
1975   54    1921     2.225
1975   55    1920     2.225
1976   12    1964     0.000
1976   13    1963     0.000
1976   14    1962     0.000
1976   15    1961     0.002
1976   16    1960     0.010
1976   17    1959     0.031
1976   18    1958     0.077
1976   19    1957     0.159
1976   20    1956     0.301
1976   21    1955     0.497
1976   22    1954     0.718
1976   23    1953     0.938
1976   24    1952     1.140
1976   25    1951     1.322
1976   26    1950     1.483
1976   27    1949     1.624
1976   28    1948     1.744
1976   29    1947     1.844
1976   30    1946     1.926
1976   31    1945     1.993
1976   32    1944     2.047
1976   33    1943     2.090
1976   34    1942     2.125
1976   35    1941     2.152
1976   36    1940     2.173
1976   37    1939     2.192
1976   38    1938     2.205
1976   39    1937     2.216
1976   40    1936     2.224
1976   41    1935     2.231
1976   42    1934     2.235
1976   43    1933     2.238
1976   44    1932     2.240
1976   45    1931     2.241
1976   46    1930     2.242
1976   47    1929     2.242
1976   48    1928     2.242
1976   49    1927     2.242
1976   50    1926     2.242
1976   51    1925     2.242
1976   52    1924     2.242
1976   53    1923     2.243
1976   54    1922     2.243
1976   55    1921     2.243
1977   12    1965     0.000
1977   13    1964     0.000
1977   14    1963     0.000
1977   15    1962     0.002
1977   16    1961     0.009
1977   17    1960     0.030
1977   18    1959     0.076
1977   19    1958     0.159
1977   20    1957     0.302
1977   21    1956     0.506
1977   22    1955     0.732
1977   23    1954     0.951
1977   24    1953     1.153
1977   25    1952     1.332
1977   26    1951     1.486
1977   27    1950     1.619
1977   28    1949     1.734
1977   29    1948     1.829
1977   30    1947     1.907
1977   31    1946     1.972
1977   32    1945     2.023
1977   33    1944     2.062
1977   34    1943     2.094
1977   35    1942     2.120
1977   36    1941     2.141
1977   37    1940     2.157
1977   38    1939     2.171
1977   39    1938     2.181
1977   40    1937     2.189
1977   41    1936     2.194
1977   42    1935     2.199
1977   43    1934     2.201
1977   44    1933     2.203
1977   45    1932     2.204
1977   46    1931     2.205
1977   47    1930     2.205
1977   48    1929     2.205
1977   49    1928     2.206
1977   50    1927     2.206
1977   51    1926     2.206
1977   52    1925     2.206
1977   53    1924     2.206
1977   54    1923     2.206
1977   55    1922     2.206
1978   12    1966     0.000
1978   13    1965     0.000
1978   14    1964     0.000
1978   15    1963     0.002
1978   16    1962     0.009
1978   17    1961     0.031
1978   18    1960     0.074
1978   19    1959     0.156
1978   20    1958     0.300
1978   21    1957     0.502
1978   22    1956     0.726
1978   23    1955     0.944
1978   24    1954     1.144
1978   25    1953     1.320
1978   26    1952     1.472
1978   27    1951     1.602
1978   28    1950     1.708
1978   29    1949     1.798
1978   30    1948     1.872
1978   31    1947     1.932
1978   32    1946     1.980
1978   33    1945     2.018
1978   34    1944     2.048
1978   35    1943     2.072
1978   36    1942     2.091
1978   37    1941     2.106
1978   38    1940     2.118
1978   39    1939     2.127
1978   40    1938     2.135
1978   41    1937     2.139
1978   42    1936     2.143
1978   43    1935     2.145
1978   44    1934     2.147
1978   45    1933     2.148
1978   46    1932     2.149
1978   47    1931     2.149
1978   48    1930     2.149
1978   49    1929     2.149
1978   50    1928     2.149
1978   51    1927     2.149
1978   52    1926     2.149
1978   53    1925     2.149
1978   54    1924     2.149
1978   55    1923     2.149
1979   12    1967     0.000
1979   13    1966     0.000
1979   14    1965     0.000
1979   15    1964     0.002
1979   16    1963     0.011
1979   17    1962     0.034
1979   18    1961     0.080
1979   19    1960     0.165
1979   20    1959     0.313
1979   21    1958     0.519
1979   22    1957     0.744
1979   23    1956     0.965
1979   24    1955     1.167
1979   25    1954     1.343
1979   26    1953     1.494
1979   27    1952     1.621
1979   28    1951     1.727
1979   29    1950     1.815
1979   30    1949     1.887
1979   31    1948     1.945
1979   32    1947     1.992
1979   33    1946     2.030
1979   34    1945     2.059
1979   35    1944     2.082
1979   36    1943     2.099
1979   37    1942     2.113
1979   38    1941     2.124
1979   39    1940     2.133
1979   40    1939     2.141
1979   41    1938     2.146
1979   42    1937     2.149
1979   43    1936     2.152
1979   44    1935     2.153
1979   45    1934     2.155
1979   46    1933     2.155
1979   47    1932     2.155
1979   48    1931     2.156
1979   49    1930     2.156
1979   50    1929     2.156
1979   51    1928     2.156
1979   52    1927     2.156
1979   53    1926     2.156
1979   54    1925     2.156
1979   55    1924     2.156
1980   12    1968     0.000
1980   13    1967     0.000
1980   14    1966     0.000
1980   15    1965     0.002
1980   16    1964     0.010
1980   17    1963     0.034
1980   18    1962     0.081
1980   19    1961     0.163
1980   20    1960     0.309
1980   21    1959     0.510
1980   22    1958     0.726
1980   23    1957     0.939
1980   24    1956     1.129
1980   25    1955     1.296
1980   26    1954     1.439
1980   27    1953     1.560
1980   28    1952     1.658
1980   29    1951     1.741
1980   30    1950     1.808
1980   31    1949     1.861
1980   32    1948     1.903
1980   33    1947     1.938
1980   34    1946     1.965
1980   35    1945     1.985
1980   36    1944     2.002
1980   37    1943     2.015
1980   38    1942     2.025
1980   39    1941     2.033
1980   40    1940     2.040
1980   41    1939     2.045
1980   42    1938     2.048
1980   43    1937     2.050
1980   44    1936     2.052
1980   45    1935     2.053
1980   46    1934     2.053
1980   47    1933     2.054
1980   48    1932     2.054
1980   49    1931     2.054
1980   50    1930     2.054
1980   51    1929     2.054
1980   52    1928     2.054
1980   53    1927     2.054
1980   54    1926     2.054
1980   55    1925     2.054
1981   12    1969     0.000
1981   13    1968     0.000
1981   14    1967     0.000
1981   15    1966     0.002
1981   16    1965     0.010
1981   17    1964     0.032
1981   18    1963     0.078
1981   19    1962     0.162
1981   20    1961     0.301
1981   21    1960     0.492
1981   22    1959     0.703
1981   23    1958     0.908
1981   24    1957     1.094
1981   25    1956     1.259
1981   26    1955     1.400
1981   27    1954     1.518
1981   28    1953     1.614
1981   29    1952     1.692
1981   30    1951     1.756
1981   31    1950     1.808
1981   32    1949     1.850
1981   33    1948     1.885
1981   34    1947     1.913
1981   35    1946     1.934
1981   36    1945     1.951
1981   37    1944     1.963
1981   38    1943     1.973
1981   39    1942     1.982
1981   40    1941     1.989
1981   41    1940     1.994
1981   42    1939     1.997
1981   43    1938     2.000
1981   44    1937     2.001
1981   45    1936     2.002
1981   46    1935     2.002
1981   47    1934     2.003
1981   48    1933     2.003
1981   49    1932     2.003
1981   50    1931     2.003
1981   51    1930     2.003
1981   52    1929     2.003
1981   53    1928     2.003
1981   54    1927     2.003
1981   55    1926     2.003
1982   12    1970     0.000
1982   13    1969     0.000
1982   14    1968     0.000
1982   15    1967     0.003
1982   16    1966     0.014
1982   17    1965     0.040
1982   18    1964     0.089
1982   19    1963     0.177
1982   20    1962     0.324
1982   21    1961     0.519
1982   22    1960     0.726
1982   23    1959     0.925
1982   24    1958     1.108
1982   25    1957     1.270
1982   26    1956     1.412
1982   27    1955     1.530
1982   28    1954     1.628
1982   29    1953     1.708
1982   30    1952     1.772
1982   31    1951     1.823
1982   32    1950     1.865
1982   33    1949     1.898
1982   34    1948     1.924
1982   35    1947     1.946
1982   36    1946     1.962
1982   37    1945     1.975
1982   38    1944     1.985
1982   39    1943     1.993
1982   40    1942     1.999
1982   41    1941     2.003
1982   42    1940     2.007
1982   43    1939     2.009
1982   44    1938     2.010
1982   45    1937     2.011
1982   46    1936     2.011
1982   47    1935     2.012
1982   48    1934     2.012
1982   49    1933     2.012
1982   50    1932     2.012
1982   51    1931     2.012
1982   52    1930     2.012
1982   53    1929     2.012
1982   54    1928     2.012
1982   55    1927     2.012
1983   12    1971     0.000
1983   13    1970     0.000
1983   14    1969     0.000
1983   15    1968     0.003
1983   16    1967     0.012
1983   17    1966     0.037
1983   18    1965     0.086
1983   19    1964     0.171
1983   20    1963     0.316
1983   21    1962     0.508
1983   22    1961     0.711
1983   23    1960     0.906
1983   24    1959     1.086
1983   25    1958     1.249
1983   26    1957     1.391
1983   27    1956     1.511
1983   28    1955     1.610
1983   29    1954     1.691
1983   30    1953     1.758
1983   31    1952     1.812
1983   32    1951     1.855
1983   33    1950     1.890
1983   34    1949     1.917
1983   35    1948     1.939
1983   36    1947     1.956
1983   37    1946     1.969
1983   38    1945     1.979
1983   39    1944     1.987
1983   40    1943     1.993
1983   41    1942     1.997
1983   42    1941     2.000
1983   43    1940     2.002
1983   44    1939     2.004
1983   45    1938     2.004
1983   46    1937     2.005
1983   47    1936     2.005
1983   48    1935     2.005
1983   49    1934     2.005
1983   50    1933     2.005
1983   51    1932     2.005
1983   52    1931     2.005
1983   53    1930     2.005
1983   54    1929     2.005
1983   55    1928     2.005
1984   12    1972     0.000
1984   13    1971     0.000
1984   14    1970     0.000
1984   15    1969     0.003
1984   16    1968     0.012
1984   17    1967     0.037
1984   18    1966     0.084
1984   19    1965     0.169
1984   20    1964     0.314
1984   21    1963     0.510
1984   22    1962     0.715
1984   23    1961     0.908
1984   24    1960     1.086
1984   25    1959     1.245
1984   26    1958     1.384
1984   27    1957     1.505
1984   28    1956     1.606
1984   29    1955     1.688
1984   30    1954     1.755
1984   31    1953     1.811
1984   32    1952     1.855
1984   33    1951     1.891
1984   34    1950     1.919
1984   35    1949     1.941
1984   36    1948     1.958
1984   37    1947     1.971
1984   38    1946     1.981
1984   39    1945     1.989
1984   40    1944     1.995
1984   41    1943     2.000
1984   42    1942     2.003
1984   43    1941     2.005
1984   44    1940     2.006
1984   45    1939     2.007
1984   46    1938     2.007
1984   47    1937     2.007
1984   48    1936     2.007
1984   49    1935     2.007
1984   50    1934     2.007
1984   51    1933     2.007
1984   52    1932     2.007
1984   53    1931     2.007
1984   54    1930     2.007
1984   55    1929     2.007
1985   12    1973     0.000
1985   13    1972     0.000
1985   14    1971     0.000
1985   15    1970     0.003
1985   16    1969     0.014
1985   17    1968     0.039
1985   18    1967     0.088
1985   19    1966     0.174
1985   20    1965     0.316
1985   21    1964     0.503
1985   22    1963     0.704
1985   23    1962     0.894
1985   24    1961     1.068
1985   25    1960     1.223
1985   26    1959     1.359
1985   27    1958     1.476
1985   28    1957     1.575
1985   29    1956     1.656
1985   30    1955     1.723
1985   31    1954     1.778
1985   32    1953     1.822
1985   33    1952     1.857
1985   34    1951     1.886
1985   35    1950     1.909
1985   36    1949     1.926
1985   37    1948     1.939
1985   38    1947     1.949
1985   39    1946     1.957
1985   40    1945     1.963
1985   41    1944     1.967
1985   42    1943     1.970
1985   43    1942     1.972
1985   44    1941     1.973
1985   45    1940     1.974
1985   46    1939     1.975
1985   47    1938     1.975
1985   48    1937     1.975
1985   49    1936     1.975
1985   50    1935     1.975
1985   51    1934     1.975
1985   52    1933     1.975
1985   53    1932     1.975
1985   54    1931     1.975
1985   55    1930     1.975
1986   12    1974     0.000
1986   13    1973     0.000
1986   14    1972     0.001
1986   15    1971     0.003
1986   16    1970     0.012
1986   17    1969     0.035
1986   18    1968     0.082
1986   19    1967     0.169
1986   20    1966     0.314
1986   21    1965     0.508
1986   22    1964     0.715
1986   23    1963     0.912
1986   24    1962     1.092
1986   25    1961     1.252
1986   26    1960     1.391
1986   27    1959     1.509
1986   28    1958     1.608
1986   29    1957     1.690
1986   30    1956     1.756
1986   31    1955     1.812
1986   32    1954     1.858
1986   33    1953     1.894
1986   34    1952     1.923
1986   35    1951     1.946
1986   36    1950     1.964
1986   37    1949     1.978
1986   38    1948     1.989
1986   39    1947     1.998
1986   40    1946     2.004
1986   41    1945     2.009
1986   42    1944     2.012
1986   43    1943     2.014
1986   44    1942     2.016
1986   45    1941     2.016
1986   46    1940     2.017
1986   47    1939     2.017
1986   48    1938     2.017
1986   49    1937     2.017
1986   50    1936     2.017
1986   51    1935     2.017
1986   52    1934     2.017
1986   53    1933     2.017
1986   54    1932     2.017
1986   55    1931     2.017
1987   12    1975     0.000
1987   13    1974     0.000
1987   14    1973     0.000
1987   15    1972     0.003
1987   16    1971     0.012
1987   17    1970     0.035
1987   18    1969     0.081
1987   19    1968     0.163
1987   20    1967     0.303
1987   21    1966     0.488
1987   22    1965     0.687
1987   23    1964     0.882
1987   24    1963     1.061
1987   25    1962     1.217
1987   26    1961     1.352
1987   27    1960     1.468
1987   28    1959     1.566
1987   29    1958     1.646
1987   30    1957     1.712
1987   31    1956     1.766
1987   32    1955     1.809
1987   33    1954     1.844
1987   34    1953     1.872
1987   35    1952     1.894
1987   36    1951     1.911
1987   37    1950     1.926
1987   38    1949     1.936
1987   39    1948     1.944
1987   40    1947     1.950
1987   41    1946     1.954
1987   42    1945     1.958
1987   43    1944     1.960
1987   44    1943     1.961
1987   45    1942     1.962
1987   46    1941     1.962
1987   47    1940     1.963
1987   48    1939     1.963
1987   49    1938     1.963
1987   50    1937     1.963
1987   51    1936     1.963
1987   52    1935     1.963
1987   53    1934     1.963
1987   54    1933     1.963
1987   55    1932     1.963
1988   12    1976     0.000
1988   13    1975     0.000
1988   14    1974     0.000
1988   15    1973     0.003
1988   16    1972     0.012
1988   17    1971     0.036
1988   18    1970     0.081
1988   19    1969     0.160
1988   20    1968     0.296
1988   21    1967     0.484
1988   22    1966     0.686
1988   23    1965     0.884
1988   24    1964     1.065
1988   25    1963     1.223
1988   26    1962     1.360
1988   27    1961     1.477
1988   28    1960     1.577
1988   29    1959     1.657
1988   30    1958     1.722
1988   31    1957     1.776
1988   32    1956     1.819
1988   33    1955     1.852
1988   34    1954     1.880
1988   35    1953     1.902
1988   36    1952     1.919
1988   37    1951     1.933
1988   38    1950     1.944
1988   39    1949     1.952
1988   40    1948     1.958
1988   41    1947     1.962
1988   42    1946     1.965
1988   43    1945     1.967
1988   44    1944     1.969
1988   45    1943     1.969
1988   46    1942     1.970
1988   47    1941     1.970
1988   48    1940     1.970
1988   49    1939     1.970
1988   50    1938     1.970
1988   51    1937     1.970
1988   52    1936     1.970
1988   53    1935     1.970
1988   54    1934     1.970
1988   55    1933     1.970
1989   12    1977     0.000
1989   13    1976     0.000
1989   14    1975     0.000
1989   15    1974     0.003
1989   16    1973     0.014
1989   17    1972     0.039
1989   18    1971     0.086
1989   19    1970     0.163
1989   20    1969     0.293
1989   21    1968     0.469
1989   22    1967     0.662
1989   23    1966     0.850
1989   24    1965     1.022
1989   25    1964     1.175
1989   26    1963     1.304
1989   27    1962     1.413
1989   28    1961     1.505
1989   29    1960     1.581
1989   30    1959     1.644
1989   31    1958     1.696
1989   32    1957     1.736
1989   33    1956     1.770
1989   34    1955     1.798
1989   35    1954     1.819
1989   36    1953     1.836
1989   37    1952     1.850
1989   38    1951     1.861
1989   39    1950     1.869
1989   40    1949     1.876
1989   41    1948     1.880
1989   42    1947     1.883
1989   43    1946     1.885
1989   44    1945     1.886
1989   45    1944     1.887
1989   46    1943     1.887
1989   47    1942     1.887
1989   48    1941     1.887
1989   49    1940     1.887
1989   50    1939     1.887
1989   51    1938     1.887
1989   52    1937     1.887
1989   53    1936     1.887
1989   54    1935     1.887
1989   55    1934     1.888
1990   12    1978     0.000
1990   13    1977     0.000
1990   14    1976     0.001
1990   15    1975     0.004
1990   16    1974     0.015
1990   17    1973     0.040
1990   18    1972     0.088
1990   19    1971     0.165
1990   20    1970     0.289
1990   21    1969     0.455
1990   22    1968     0.635
1990   23    1967     0.811
1990   24    1966     0.972
1990   25    1965     1.112
1990   26    1964     1.233
1990   27    1963     1.336
1990   28    1962     1.423
1990   29    1961     1.496
1990   30    1960     1.555
1990   31    1959     1.602
1990   32    1958     1.640
1990   33    1957     1.672
1990   34    1956     1.698
1990   35    1955     1.719
1990   36    1954     1.736
1990   37    1953     1.750
1990   38    1952     1.760
1990   39    1951     1.768
1990   40    1950     1.774
1990   41    1949     1.778
1990   42    1948     1.781
1990   43    1947     1.783
1990   44    1946     1.785
1990   45    1945     1.785
1990   46    1944     1.785
1990   47    1943     1.786
1990   48    1942     1.786
1990   49    1941     1.786
1990   50    1940     1.786
1990   51    1939     1.786
1990   52    1938     1.786
1990   53    1937     1.786
1990   54    1936     1.786
1990   55    1935     1.786
1991   12    1979     0.000
1991   13    1978     0.000
1991   14    1977     0.001
1991   15    1976     0.005
1991   16    1975     0.018
1991   17    1974     0.046
1991   18    1973     0.094
1991   19    1972     0.174
1991   20    1971     0.297
1991   21    1970     0.457
1991   22    1969     0.626
1991   23    1968     0.787
1991   24    1967     0.932
1991   25    1966     1.057
1991   26    1965     1.164
1991   27    1964     1.255
1991   28    1963     1.331
1991   29    1962     1.393
1991   30    1961     1.443
1991   31    1960     1.484
1991   32    1959     1.517
1991   33    1958     1.545
1991   34    1957     1.567
1991   35    1956     1.585
1991   36    1955     1.599
1991   37    1954     1.611
1991   38    1953     1.620
1991   39    1952     1.627
1991   40    1951     1.632
1991   41    1950     1.636
1991   42    1949     1.639
1991   43    1948     1.641
1991   44    1947     1.642
1991   45    1946     1.643
1991   46    1945     1.643
1991   47    1944     1.643
1991   48    1943     1.643
1991   49    1942     1.643
1991   50    1941     1.643
1991   51    1940     1.643
1991   52    1939     1.643
1991   53    1938     1.643
1991   54    1937     1.643
1991   55    1936     1.643
1992   12    1980     0.000
1992   13    1979     0.000
1992   14    1978     0.001
1992   15    1977     0.005
1992   16    1976     0.019
1992   17    1975     0.048
1992   18    1974     0.097
1992   19    1973     0.172
1992   20    1972     0.287
1992   21    1971     0.434
1992   22    1970     0.588
1992   23    1969     0.737
1992   24    1968     0.870
1992   25    1967     0.988
1992   26    1966     1.091
1992   27    1965     1.176
1992   28    1964     1.246
1992   29    1963     1.303
1992   30    1962     1.350
1992   31    1961     1.389
1992   32    1960     1.421
1992   33    1959     1.447
1992   34    1958     1.469
1992   35    1957     1.486
1992   36    1956     1.500
1992   37    1955     1.510
1992   38    1954     1.519
1992   39    1953     1.526
1992   40    1952     1.531
1992   41    1951     1.535
1992   42    1950     1.538
1992   43    1949     1.540
1992   44    1948     1.542
1992   45    1947     1.542
1992   46    1946     1.543
1992   47    1945     1.543
1992   48    1944     1.543
1992   49    1943     1.543
1992   50    1942     1.543
1992   51    1941     1.543
1992   52    1940     1.543
1992   53    1939     1.543
1992   54    1938     1.543
1992   55    1937     1.543
1993   12    1981     0.000
1993   13    1980     0.000
1993   14    1979     0.001
1993   15    1978     0.005
1993   16    1977     0.019
1993   17    1976     0.048
1993   18    1975     0.096
1993   19    1974     0.167
1993   20    1973     0.272
1993   21    1972     0.406
1993   22    1971     0.546
1993   23    1970     0.681
1993   24    1969     0.806
1993   25    1968     0.918
1993   26    1967     1.018
1993   27    1966     1.101
1993   28    1965     1.170
1993   29    1964     1.227
1993   30    1963     1.275
1993   31    1962     1.313
1993   32    1961     1.344
1993   33    1960     1.369
1993   34    1959     1.390
1993   35    1958     1.407
1993   36    1957     1.421
1993   37    1956     1.432
1993   38    1955     1.440
1993   39    1954     1.447
1993   40    1953     1.453
1993   41    1952     1.457
1993   42    1951     1.461
1993   43    1950     1.463
1993   44    1949     1.464
1993   45    1948     1.464
1993   46    1947     1.465
1993   47    1946     1.465
1993   48    1945     1.465
1993   49    1944     1.465
1993   50    1943     1.465
1993   51    1942     1.465
1993   52    1941     1.465
1993   53    1940     1.465
1993   54    1939     1.465
1993   55    1938     1.465
1994   12    1982     0.000
1994   13    1981     0.000
1994   14    1980     0.001
1994   15    1979     0.005
1994   16    1978     0.018
1994   17    1977     0.047
1994   18    1976     0.093
1994   19    1975     0.159
1994   20    1974     0.251
1994   21    1973     0.366
1994   22    1972     0.490
1994   23    1971     0.613
1994   24    1970     0.729
1994   25    1969     0.834
1994   26    1968     0.927
1994   27    1967     1.009
1994   28    1966     1.080
1994   29    1965     1.138
1994   30    1964     1.187
1994   31    1963     1.226
1994   32    1962     1.258
1994   33    1961     1.284
1994   34    1960     1.305
1994   35    1959     1.321
1994   36    1958     1.335
1994   37    1957     1.347
1994   38    1956     1.356
1994   39    1955     1.362
1994   40    1954     1.367
1994   41    1953     1.371
1994   42    1952     1.374
1994   43    1951     1.375
1994   44    1950     1.376
1994   45    1949     1.377
1994   46    1948     1.377
1994   47    1947     1.377
1994   48    1946     1.378
1994   49    1945     1.378
1994   50    1944     1.378
1994   51    1943     1.378
1994   52    1942     1.378
1994   53    1941     1.378
1994   54    1940     1.378
1994   55    1939     1.378
1995   12    1983     0.000
1995   13    1982     0.000
1995   14    1981     0.000
1995   15    1980     0.004
1995   16    1979     0.016
1995   17    1978     0.041
1995   18    1977     0.081
1995   19    1976     0.140
1995   20    1975     0.222
1995   21    1974     0.322
1995   22    1973     0.428
1995   23    1972     0.535
1995   24    1971     0.637
1995   25    1970     0.735
1995   26    1969     0.824
1995   27    1968     0.902
1995   28    1967     0.968
1995   29    1966     1.023
1995   30    1965     1.068
1995   31    1964     1.106
1995   32    1963     1.136
1995   33    1962     1.161
1995   34    1961     1.180
1995   35    1960     1.195
1995   36    1959     1.208
1995   37    1958     1.219
1995   38    1957     1.227
1995   39    1956     1.234
1995   40    1955     1.238
1995   41    1954     1.242
1995   42    1953     1.245
1995   43    1952     1.246
1995   44    1951     1.247
1995   45    1950     1.248
1995   46    1949     1.248
1995   47    1948     1.248
1995   48    1947     1.248
1995   49    1946     1.248
1995   50    1945     1.248
1995   51    1944     1.248
1995   52    1943     1.248
1995   53    1942     1.248
1995   54    1941     1.248
1995   55    1940     1.248
1996   12    1984     0.000
1996   13    1983     0.000
1996   14    1982     0.001
1996   15    1981     0.005
1996   16    1980     0.016
1996   17    1979     0.041
1996   18    1978     0.081
1996   19    1977     0.138
1996   20    1976     0.214
1996   21    1975     0.309
1996   22    1974     0.412
1996   23    1973     0.516
1996   24    1972     0.619
1996   25    1971     0.717
1996   26    1970     0.807
1996   27    1969     0.887
1996   28    1968     0.957
1996   29    1967     1.016
1996   30    1966     1.066
1996   31    1965     1.108
1996   32    1964     1.140
1996   33    1963     1.165
1996   34    1962     1.186
1996   35    1961     1.202
1996   36    1960     1.215
1996   37    1959     1.225
1996   38    1958     1.234
1996   39    1957     1.241
1996   40    1956     1.246
1996   41    1955     1.250
1996   42    1954     1.253
1996   43    1953     1.255
1996   44    1952     1.256
1996   45    1951     1.256
1996   46    1950     1.256
1996   47    1949     1.257
1996   48    1948     1.257
1996   49    1947     1.257
1996   50    1946     1.257
1996   51    1945     1.257
1996   52    1944     1.257
1996   53    1943     1.257
1996   54    1942     1.257
1996   55    1941     1.257
1997   12    1985     0.000
1997   13    1984     0.000
1997   14    1983     0.000
1997   15    1982     0.004
1997   16    1981     0.014
1997   17    1980     0.035
1997   18    1979     0.069
1997   19    1978     0.119
1997   20    1977     0.188
1997   21    1976     0.274
1997   22    1975     0.364
1997   23    1974     0.454
1997   24    1973     0.542
1997   25    1972     0.628
1997   26    1971     0.709
1997   27    1970     0.781
1997   28    1969     0.844
1997   29    1968     0.897
1997   30    1967     0.941
1997   31    1966     0.979
1997   32    1965     1.010
1997   33    1964     1.035
1997   34    1963     1.054
1997   35    1962     1.069
1997   36    1961     1.082
1997   37    1960     1.093
1997   38    1959     1.101
1997   39    1958     1.107
1997   40    1957     1.112
1997   41    1956     1.115
1997   42    1955     1.117
1997   43    1954     1.119
1997   44    1953     1.121
1997   45    1952     1.121
1997   46    1951     1.121
1997   47    1950     1.122
1997   48    1949     1.122
1997   49    1948     1.122
1997   50    1947     1.122
1997   51    1946     1.122
1997   52    1945     1.122
1997   53    1944     1.122
1997   54    1943     1.122
1997   55    1942     1.122
1998   12    1986     0.000
1998   13    1985     0.000
1998   14    1984     0.001
1998   15    1983     0.003
1998   16    1982     0.013
1998   17    1981     0.035
1998   18    1980     0.070
1998   19    1979     0.121
1998   20    1978     0.189
1998   21    1977     0.272
1998   22    1976     0.361
1998   23    1975     0.450
1998   24    1974     0.540
1998   25    1973     0.628
1998   26    1972     0.712
1998   27    1971     0.790
1998   28    1970     0.857
1998   29    1969     0.914
1998   30    1968     0.961
1998   31    1967     1.002
1998   32    1966     1.036
1998   33    1965     1.062
1998   34    1964     1.083
1998   35    1963     1.100
1998   36    1962     1.112
1998   37    1961     1.122
1998   38    1960     1.131
1998   39    1959     1.137
1998   40    1958     1.142
1998   41    1957     1.145
1998   42    1956     1.148
1998   43    1955     1.149
1998   44    1954     1.151
1998   45    1953     1.151
1998   46    1952     1.151
1998   47    1951     1.151
1998   48    1950     1.151
1998   49    1949     1.151
1998   50    1948     1.151
1998   51    1947     1.151
1998   52    1946     1.151
1998   53    1945     1.151
1998   54    1944     1.151
1998   55    1943     1.151
1999   12    1987     0.000
1999   13    1986     0.000
1999   14    1985     0.001
1999   15    1984     0.003
1999   16    1983     0.014
1999   17    1982     0.039
1999   18    1981     0.078
1999   19    1980     0.131
1999   20    1979     0.206
1999   21    1978     0.297
1999   22    1977     0.393
1999   23    1976     0.489
1999   24    1975     0.585
1999   25    1974     0.681
1999   26    1973     0.774
1999   27    1972     0.861
1999   28    1971     0.939
1999   29    1970     1.005
1999   30    1969     1.062
1999   31    1968     1.110
1999   32    1967     1.149
1999   33    1966     1.181
1999   34    1965     1.206
1999   35    1964     1.225
1999   36    1963     1.240
1999   37    1962     1.251
1999   38    1961     1.260
1999   39    1960     1.268
1999   40    1959     1.273
1999   41    1958     1.278
1999   42    1957     1.280
1999   43    1956     1.282
1999   44    1955     1.283
1999   45    1954     1.284
1999   46    1953     1.284
1999   47    1952     1.284
1999   48    1951     1.284
1999   49    1950     1.284
1999   50    1949     1.284
1999   51    1948     1.284
1999   52    1947     1.284
1999   53    1946     1.284
1999   54    1945     1.284
1999   55    1944     1.284
2000   12    1988     0.000
2000   13    1987     0.000
2000   14    1986     0.001
2000   15    1985     0.004
2000   16    1984     0.015
2000   17    1983     0.038
2000   18    1982     0.076
2000   19    1981     0.129
2000   20    1980     0.199
2000   21    1979     0.287
2000   22    1978     0.381
2000   23    1977     0.477
2000   24    1976     0.574
2000   25    1975     0.669
2000   26    1974     0.763
2000   27    1973     0.852
2000   28    1972     0.934
2000   29    1971     1.006
2000   30    1970     1.070
2000   31    1969     1.123
2000   32    1968     1.166
2000   33    1967     1.201
2000   34    1966     1.230
2000   35    1965     1.253
2000   36    1964     1.270
2000   37    1963     1.283
2000   38    1962     1.295
2000   39    1961     1.303
2000   40    1960     1.309
2000   41    1959     1.314
2000   42    1958     1.317
2000   43    1957     1.319
2000   44    1956     1.320
2000   45    1955     1.321
2000   46    1954     1.321
2000   47    1953     1.322
2000   48    1952     1.322
2000   49    1951     1.322
2000   50    1950     1.322
2000   51    1949     1.322
2000   52    1948     1.322
2000   53    1947     1.322
2000   54    1946     1.322
2000   55    1945     1.322
2001   12    1989     0.000
2001   13    1988     0.000
2001   14    1987     0.001
2001   15    1986     0.004
2001   16    1985     0.014
2001   17    1984     0.037
2001   18    1983     0.072
2001   19    1982     0.119
2001   20    1981     0.184
2001   21    1980     0.264
2001   22    1979     0.350
2001   23    1978     0.438
2001   24    1977     0.525
2001   25    1976     0.611
2001   26    1975     0.697
2001   27    1974     0.779
2001   28    1973     0.857
2001   29    1972     0.927
2001   30    1971     0.987
2001   31    1970     1.038
2001   32    1969     1.081
2001   33    1968     1.116
2001   34    1967     1.144
2001   35    1966     1.167
2001   36    1965     1.185
2001   37    1964     1.198
2001   38    1963     1.209
2001   39    1962     1.218
2001   40    1961     1.224
2001   41    1960     1.228
2001   42    1959     1.231
2001   43    1958     1.233
2001   44    1957     1.234
2001   45    1956     1.235
2001   46    1955     1.235
2001   47    1954     1.235
2001   48    1953     1.235
2001   49    1952     1.235
2001   50    1951     1.235
2001   51    1950     1.235
2001   52    1949     1.235
2001   53    1948     1.235
2001   54    1947     1.235
2001   55    1946     1.235
2002   12    1990     0.000
2002   13    1989     0.000
2002   14    1988     0.000
2002   15    1987     0.003
2002   16    1986     0.013
2002   17    1985     0.034
2002   18    1984     0.067
2002   19    1983     0.111
2002   20    1982     0.172
2002   21    1981     0.246
2002   22    1980     0.327
2002   23    1979     0.411
2002   24    1978     0.494
2002   25    1977     0.579
2002   26    1976     0.665
2002   27    1975     0.748
2002   28    1974     0.825
2002   29    1973     0.896
2002   30    1972     0.959
2002   31    1971     1.013
2002   32    1970     1.058
2002   33    1969     1.095
2002   34    1968     1.124
2002   35    1967     1.148
2002   36    1966     1.167
2002   37    1965     1.181
2002   38    1964     1.192
2002   39    1963     1.200
2002   40    1962     1.206
2002   41    1961     1.210
2002   42    1960     1.213
2002   43    1959     1.215
2002   44    1958     1.216
2002   45    1957     1.216
2002   46    1956     1.217
2002   47    1955     1.217
2002   48    1954     1.217
2002   49    1953     1.217
2002   50    1952     1.217
2002   51    1951     1.217
2002   52    1950     1.217
2002   53    1949     1.217
2002   54    1948     1.217
2002   55    1947     1.217
2003   12    1991     0.000
2003   13    1990     0.000
2003   14    1989     0.001
2003   15    1988     0.003
2003   16    1987     0.013
2003   17    1986     0.035
2003   18    1985     0.069
2003   19    1984     0.114
2003   20    1983     0.170
2003   21    1982     0.243
2003   22    1981     0.323
2003   23    1980     0.402
2003   24    1979     0.485
2003   25    1978     0.570
2003   26    1977     0.656
2003   27    1976     0.741
2003   28    1975     0.820
2003   29    1974     0.893
2003   30    1973     0.961
2003   31    1972     1.019
2003   32    1971     1.069
2003   33    1970     1.109
2003   34    1969     1.142
2003   35    1968     1.169
2003   36    1967     1.189
2003   37    1966     1.206
2003   38    1965     1.218
2003   39    1964     1.227
2003   40    1963     1.234
2003   41    1962     1.239
2003   42    1961     1.242
2003   43    1960     1.244
2003   44    1959     1.245
2003   45    1958     1.246
2003   46    1957     1.246
2003   47    1956     1.246
2003   48    1955     1.246
2003   49    1954     1.246
2003   50    1953     1.246
2003   51    1952     1.246
2003   52    1951     1.246
2003   53    1950     1.246
2003   54    1949     1.246
2003   55    1948     1.246
2004   12    1992     0.000
2004   13    1991     0.000
2004   14    1990     0.000
2004   15    1989     0.004
2004   16    1988     0.015
2004   17    1987     0.038
2004   18    1986     0.074
2004   19    1985     0.120
2004   20    1984     0.178
2004   21    1983     0.251
2004   22    1982     0.331
2004   23    1981     0.413
2004   24    1980     0.499
2004   25    1979     0.585
2004   26    1978     0.673
2004   27    1977     0.760
2004   28    1976     0.843
2004   29    1975     0.921
2004   30    1974     0.992
2004   31    1973     1.053
2004   32    1972     1.109
2004   33    1971     1.155
2004   34    1970     1.192
2004   35    1969     1.222
2004   36    1968     1.245
2004   37    1967     1.263
2004   38    1966     1.278
2004   39    1965     1.288
2004   40    1964     1.295
2004   41    1963     1.300
2004   42    1962     1.304
2004   43    1961     1.306
2004   44    1960     1.308
2004   45    1959     1.308
2004   46    1958     1.309
2004   47    1957     1.309
2004   48    1956     1.309
2004   49    1955     1.309
2004   50    1954     1.309
2004   51    1953     1.309
2004   52    1952     1.309
2004   53    1951     1.309
2004   54    1950     1.309
2004   55    1949     1.309
2005   12    1993     0.000
2005   13    1992     0.000
2005   14    1991     0.001
2005   15    1990     0.004
2005   16    1989     0.017
2005   17    1988     0.042
2005   18    1987     0.077
2005   19    1986     0.120
2005   20    1985     0.172
2005   21    1984     0.239
2005   22    1983     0.318
2005   23    1982     0.398
2005   24    1981     0.481
2005   25    1980     0.567
2005   26    1979     0.654
2005   27    1978     0.743
2005   28    1977     0.831
2005   29    1976     0.914
2005   30    1975     0.990
2005   31    1974     1.059
2005   32    1973     1.121
2005   33    1972     1.172
2005   34    1971     1.215
2005   35    1970     1.249
2005   36    1969     1.277
2005   37    1968     1.298
2005   38    1967     1.313
2005   39    1966     1.325
2005   40    1965     1.333
2005   41    1964     1.337
2005   42    1963     1.341
2005   43    1962     1.343
2005   44    1961     1.345
2005   45    1960     1.346
2005   46    1959     1.346
2005   47    1958     1.346
2005   48    1957     1.346
2005   49    1956     1.346
2005   50    1955     1.346
2005   51    1954     1.346
2005   52    1953     1.346
2005   53    1952     1.346
2005   54    1951     1.346
2005   55    1950     1.346
2006   12    1994     0.000
2006   13    1993     0.000
2006   14    1992     0.001
2006   15    1991     0.005
2006   16    1990     0.018
2006   17    1989     0.044
2006   18    1988     0.082
2006   19    1987     0.127
2006   20    1986     0.181
2006   21    1985     0.248
2006   22    1984     0.326
2006   23    1983     0.408
2006   24    1982     0.494
2006   25    1981     0.582
2006   26    1980     0.672
2006   27    1979     0.763
2006   28    1978     0.854
2006   29    1977     0.942
2006   30    1976     1.025
2006   31    1975     1.100
2006   32    1974     1.166
2006   33    1973     1.224
2006   34    1972     1.272
2006   35    1971     1.311
2006   36    1970     1.341
2006   37    1969     1.365
2006   38    1968     1.383
2006   39    1967     1.396
2006   40    1966     1.405
2006   41    1965     1.412
2006   42    1964     1.416
2006   43    1963     1.419
2006   44    1962     1.420
2006   45    1961     1.421
2006   46    1960     1.421
2006   47    1959     1.421
2006   48    1958     1.421
2006   49    1957     1.421
2006   50    1956     1.421
2006   51    1955     1.421
2006   52    1954     1.421
2006   53    1953     1.421
2006   54    1952     1.421
2006   55    1951     1.421
2007   12    1995     0.000
2007   13    1994     0.000
2007   14    1993     0.001
2007   15    1992     0.006
2007   16    1991     0.019
2007   17    1990     0.046
2007   18    1989     0.084
2007   19    1988     0.131
2007   20    1987     0.185
2007   21    1986     0.251
2007   22    1985     0.326
2007   23    1984     0.405
2007   24    1983     0.490
2007   25    1982     0.579
2007   26    1981     0.670
2007   27    1980     0.765
2007   28    1979     0.858
2007   29    1978     0.950
2007   30    1977     1.034
2007   31    1976     1.112
2007   32    1975     1.183
2007   33    1974     1.245
2007   34    1973     1.297
2007   35    1972     1.342
2007   36    1971     1.377
2007   37    1970     1.404
2007   38    1969     1.424
2007   39    1968     1.439
2007   40    1967     1.451
2007   41    1966     1.458
2007   42    1965     1.463
2007   43    1964     1.467
2007   44    1963     1.468
2007   45    1962     1.469
2007   46    1961     1.470
2007   47    1960     1.470
2007   48    1959     1.470
2007   49    1958     1.470
2007   50    1957     1.470
2007   51    1956     1.470
2007   52    1955     1.470
2007   53    1954     1.470
2007   54    1953     1.470
2007   55    1952     1.470
2008   12    1996     0.000
2008   13    1995     0.000
2008   14    1994     0.001
2008   15    1993     0.007
2008   16    1992     0.023
2008   17    1991     0.050
2008   18    1990     0.090
2008   19    1989     0.139
2008   20    1988     0.195
2008   21    1987     0.264
2008   22    1986     0.341
2008   23    1985     0.421
2008   24    1984     0.506
2008   25    1983     0.596
2008   26    1982     0.689
2008   27    1981     0.785
2008   28    1980     0.881
2008   29    1979     0.975
2008   30    1978     1.064
2008   31    1977     1.147
2008   32    1976     1.224
2008   33    1975     1.294
2008   34    1974     1.352
2008   35    1973     1.400
2008   36    1972     1.439
2008   37    1971     1.471
2008   38    1970     1.494
2008   39    1969     1.510
2008   40    1968     1.522
2008   41    1967     1.530
2008   42    1966     1.536
2008   43    1965     1.540
2008   44    1964     1.541
2008   45    1963     1.542
2008   46    1962     1.543
2008   47    1961     1.543
2008   48    1960     1.543
2008   49    1959     1.543
2008   50    1958     1.543
2008   51    1957     1.543
2008   52    1956     1.543
2008   53    1955     1.543
2008   54    1954     1.543
2008   55    1953     1.543
2009   12    1997     0.000
2009   13    1996     0.000
2009   14    1995     0.001
2009   15    1994     0.007
2009   16    1993     0.026
2009   17    1992     0.057
2009   18    1991     0.099
2009   19    1990     0.151
2009   20    1989     0.211
2009   21    1988     0.281
2009   22    1987     0.358
2009   23    1986     0.440
2009   24    1985     0.525
2009   25    1984     0.616
2009   26    1983     0.714
2009   27    1982     0.814
2009   28    1981     0.916
2009   29    1980     1.016
2009   30    1979     1.110
2009   31    1978     1.199
2009   32    1977     1.281
2009   33    1976     1.353
2009   34    1975     1.417
2009   35    1974     1.471
2009   36    1973     1.516
2009   37    1972     1.552
2009   38    1971     1.580
2009   39    1970     1.600
2009   40    1969     1.615
2009   41    1968     1.624
2009   42    1967     1.631
2009   43    1966     1.635
2009   44    1965     1.637
2009   45    1964     1.639
2009   46    1963     1.639
2009   47    1962     1.640
2009   48    1961     1.640
2009   49    1960     1.640
2009   50    1959     1.640
2009   51    1958     1.640
2009   52    1957     1.640
2009   53    1956     1.640
2009   54    1955     1.640
2009   55    1954     1.640
2010   12    1998     0.000
2010   13    1997     0.000
2010   14    1996     0.001
2010   15    1995     0.006
2010   16    1994     0.021
2010   17    1993     0.051
2010   18    1992     0.090
2010   19    1991     0.134
2010   20    1990     0.186
2010   21    1989     0.249
2010   22    1988     0.316
2010   23    1987     0.387
2010   24    1986     0.465
2010   25    1985     0.549
2010   26    1984     0.639
2010   27    1983     0.733
2010   28    1982     0.829
2010   29    1981     0.924
2010   30    1980     1.015
2010   31    1979     1.104
2010   32    1978     1.186
2010   33    1977     1.258
2010   34    1976     1.321
2010   35    1975     1.378
2010   36    1974     1.426
2010   37    1973     1.463
2010   38    1972     1.492
2010   39    1971     1.514
2010   40    1970     1.530
2010   41    1969     1.541
2010   42    1968     1.548
2010   43    1967     1.553
2010   44    1966     1.555
2010   45    1965     1.556
2010   46    1964     1.557
2010   47    1963     1.557
2010   48    1962     1.557
2010   49    1961     1.557
2010   50    1960     1.558
2010   51    1959     1.558
2010   52    1958     1.558
2010   53    1957     1.558
2010   54    1956     1.558
2010   55    1955     1.558
2011   12    1999     0.000
2011   13    1998     0.000
2011   14    1997     0.001
2011   15    1996     0.006
2011   16    1995     0.021
2011   17    1994     0.050
2011   18    1993     0.090
2011   19    1992     0.135
2011   20    1991     0.186
2011   21    1990     0.247
2011   22    1989     0.312
2011   23    1988     0.379
2011   24    1987     0.449
2011   25    1986     0.525
2011   26    1985     0.608
2011   27    1984     0.698
2011   28    1983     0.789
2011   29    1982     0.879
2011   30    1981     0.968
2011   31    1980     1.053
2011   32    1979     1.130
2011   33    1978     1.200
2011   34    1977     1.264
2011   35    1976     1.319
2011   36    1975     1.364
2011   37    1974     1.400
2011   38    1973     1.430
2011   39    1972     1.452
2011   40    1971     1.469
2011   41    1970     1.480
2011   42    1969     1.488
2011   43    1968     1.492
2011   44    1967     1.495
2011   45    1966     1.496
2011   46    1965     1.497
2011   47    1964     1.498
2011   48    1963     1.498
2011   49    1962     1.498
2011   50    1961     1.498
2011   51    1960     1.498
2011   52    1959     1.498
2011   53    1958     1.498
2011   54    1957     1.498
2011   55    1956     1.498
2012   12    2000     0.000
2012   13    1999     0.000
2012   14    1998     0.001
2012   15    1997     0.004
2012   16    1996     0.018
2012   17    1995     0.046
2012   18    1994     0.086
2012   19    1993     0.134
2012   20    1992     0.187
2012   21    1991     0.247
2012   22    1990     0.311
2012   23    1989     0.379
2012   24    1988     0.450
2012   25    1987     0.525
2012   26    1986     0.607
2012   27    1985     0.696
2012   28    1984     0.788
2012   29    1983     0.878
2012   30    1982     0.965
2012   31    1981     1.049
2012   32    1980     1.126
2012   33    1979     1.196
2012   34    1978     1.258
2012   35    1977     1.313
2012   36    1976     1.360
2012   37    1975     1.399
2012   38    1974     1.429
2012   39    1973     1.451
2012   40    1972     1.468
2012   41    1971     1.480
2012   42    1970     1.487
2012   43    1969     1.492
2012   44    1968     1.495
2012   45    1967     1.496
2012   46    1966     1.497
2012   47    1965     1.498
2012   48    1964     1.498
2012   49    1963     1.498
2012   50    1962     1.498
2012   51    1961     1.498
2012   52    1960     1.498
2012   53    1959     1.498
2012   54    1958     1.498
2012   55    1957     1.498
2013   12    2001     0.000
2013   13    2000     0.000
2013   14    1999     0.001
2013   15    1998     0.005
2013   16    1997     0.018
2013   17    1996     0.045
2013   18    1995     0.084
2013   19    1994     0.132
2013   20    1993     0.185
2013   21    1992     0.247
2013   22    1991     0.312
2013   23    1990     0.380
2013   24    1989     0.449
2013   25    1988     0.523
2013   26    1987     0.601
2013   27    1986     0.685
2013   28    1985     0.773
2013   29    1984     0.864
2013   30    1983     0.952
2013   31    1982     1.034
2013   32    1981     1.111
2013   33    1980     1.180
2013   34    1979     1.241
2013   35    1978     1.294
2013   36    1977     1.340
2013   37    1976     1.378
2013   38    1975     1.408
2013   39    1974     1.431
2013   40    1973     1.448
2013   41    1972     1.461
2013   42    1971     1.469
2013   43    1970     1.473
2013   44    1969     1.477
2013   45    1968     1.478
2013   46    1967     1.479
2013   47    1966     1.480
2013   48    1965     1.480
2013   49    1964     1.480
2013   50    1963     1.480
2013   51    1962     1.480
2013   52    1961     1.480
2013   53    1960     1.480
2013   54    1959     1.480
2013   55    1958     1.480
2014   12    2002     0.000
2014   13    2001     0.000
2014   14    2000     0.001
2014   15    1999     0.005
2014   16    1998     0.020
2014   17    1997     0.045
2014   18    1996     0.083
2014   19    1995     0.130
2014   20    1994     0.185
2014   21    1993     0.248
2014   22    1992     0.315
2014   23    1991     0.383
2014   24    1990     0.454
2014   25    1989     0.529
2014   26    1988     0.610
2014   27    1987     0.696
2014   28    1986     0.784
2014   29    1985     0.875
2014   30    1984     0.966
2014   31    1983     1.051
2014   32    1982     1.131
2014   33    1981     1.204
2014   34    1980     1.269
2014   35    1979     1.327
2014   36    1978     1.377
2014   37    1977     1.419
2014   38    1976     1.453
2014   39    1975     1.478
2014   40    1974     1.497
2014   41    1973     1.511
2014   42    1972     1.520
2014   43    1971     1.526
2014   44    1970     1.529
2014   45    1969     1.531
2014   46    1968     1.532
2014   47    1967     1.533
2014   48    1966     1.533
2014   49    1965     1.534
2014   50    1964     1.534
2014   51    1963     1.534
2014   52    1962     1.534
2014   53    1961     1.534
2014   54    1960     1.534
2014   55    1959     1.534
2015   12    2003     0.000
2015   13    2002     0.000
2015   14    2001     0.000
2015   15    2000     0.004
2015   16    1999     0.019
2015   17    1998     0.045
2015   18    1997     0.082
2015   19    1996     0.125
2015   20    1995     0.178
2015   21    1994     0.240
2015   22    1993     0.306
2015   23    1992     0.374
2015   24    1991     0.444
2015   25    1990     0.517
2015   26    1989     0.595
2015   27    1988     0.681
2015   28    1987     0.770
2015   29    1986     0.859
2015   30    1985     0.949
2015   31    1984     1.037
2015   32    1983     1.119
2015   33    1982     1.194
2015   34    1981     1.260
2015   35    1980     1.318
2015   36    1979     1.367
2015   37    1978     1.409
2015   38    1977     1.443
2015   39    1976     1.470
2015   40    1975     1.490
2015   41    1974     1.505
2015   42    1973     1.515
2015   43    1972     1.521
2015   44    1971     1.524
2015   45    1970     1.526
2015   46    1969     1.527
2015   47    1968     1.528
2015   48    1967     1.529
2015   49    1966     1.530
2015   50    1965     1.530
2015   51    1964     1.530
2015   52    1963     1.530
2015   53    1962     1.530
2015   54    1961     1.530
2015   55    1960     1.530
2016   12    2004     0.000
2016   13    2003     0.000
2016   14    2002     0.001
2016   15    2001     0.004
2016   16    2000     0.018
2016   17    1999     0.045
2016   18    1998     0.081
2016   19    1997     0.125
2016   20    1996     0.174
2016   21    1995     0.232
2016   22    1994     0.295
2016   23    1993     0.364
2016   24    1992     0.437
2016   25    1991     0.513
2016   26    1990     0.593
2016   27    1989     0.680
2016   28    1988     0.769
2016   29    1987     0.859
2016   30    1986     0.949
2016   31    1985     1.037
2016   32    1984     1.120
2016   33    1983     1.196
2016   34    1982     1.263
2016   35    1981     1.323
2016   36    1980     1.373
2016   37    1979     1.415
2016   38    1978     1.450
2016   39    1977     1.478
2016   40    1976     1.498
2016   41    1975     1.514
2016   42    1974     1.525
2016   43    1973     1.532
2016   44    1972     1.536
2016   45    1971     1.538
2016   46    1970     1.540
2016   47    1969     1.541
2016   48    1968     1.542
2016   49    1967     1.542
2016   50    1966     1.543
2016   51    1965     1.543
2016   52    1964     1.543
2016   53    1963     1.543
2016   54    1962     1.543
2016   55    1961     1.543
2017   12    2005     0.000
2017   13    2004     0.000
2017   14    2003     0.000
2017   15    2002     0.004
2017   16    2001     0.017
2017   17    2000     0.043
2017   18    1999     0.082
2017   19    1998     0.126
2017   20    1997     0.175
2017   21    1996     0.231
2017   22    1995     0.297
2017   23    1994     0.366
2017   24    1993     0.438
2017   25    1992     0.515
2017   26    1991     0.597
2017   27    1990     0.682
2017   28    1989     0.771
2017   29    1988     0.861
2017   30    1987     0.952
2017   31    1986     1.040
2017   32    1985     1.122
2017   33    1984     1.198
2017   34    1983     1.266
2017   35    1982     1.327
2017   36    1981     1.380
2017   37    1980     1.424
2017   38    1979     1.461
2017   39    1978     1.490
2017   40    1977     1.511
2017   41    1976     1.528
2017   42    1975     1.539
2017   43    1974     1.547
2017   44    1973     1.552
2017   45    1972     1.555
2017   46    1971     1.556
2017   47    1970     1.557
2017   48    1969     1.558
2017   49    1968     1.559
2017   50    1967     1.559
2017   51    1966     1.559
2017   52    1965     1.560
2017   53    1964     1.560
2017   54    1963     1.560
2017   55    1962     1.560
2018   12    2006     0.000
2018   13    2005     0.000
2018   14    2004     0.001
2018   15    2003     0.004
2018   16    2002     0.016
2018   17    2001     0.041
2018   18    2000     0.079
2018   19    1999     0.125
2018   20    1998     0.175
2018   21    1997     0.229
2018   22    1996     0.289
2018   23    1995     0.357
2018   24    1994     0.429
2018   25    1993     0.505
2018   26    1992     0.588
2018   27    1991     0.677
2018   28    1990     0.768
2018   29    1989     0.858
2018   30    1988     0.946
2018   31    1987     1.033
2018   32    1986     1.116
2018   33    1985     1.193
2018   34    1984     1.261
2018   35    1983     1.323
2018   36    1982     1.374
2018   37    1981     1.418
2018   38    1980     1.456
2018   39    1979     1.485
2018   40    1978     1.507
2018   41    1977     1.524
2018   42    1976     1.537
2018   43    1975     1.544
2018   44    1974     1.549
2018   45    1973     1.552
2018   46    1972     1.554
2018   47    1971     1.555
2018   48    1970     1.556
2018   49    1969     1.556
2018   50    1968     1.557
2018   51    1967     1.557
2018   52    1966     1.557
2018   53    1965     1.557
2018   54    1964     1.557
2018   55    1963     1.557
2019   12    2007     0.000
2019   13    2006     0.000
2019   14    2005     0.000
2019   15    2004     0.004
2019   16    2003     0.016
2019   17    2002     0.042
2019   18    2001     0.077
2019   19    2000     0.122
2019   20    1999     0.175
2019   21    1998     0.234
2019   22    1997     0.296
2019   23    1996     0.361
2019   24    1995     0.430
2019   25    1994     0.508
2019   26    1993     0.593
2019   27    1992     0.682
2019   28    1991     0.775
2019   29    1990     0.869
2019   30    1989     0.960
2019   31    1988     1.048
2019   32    1987     1.132
2019   33    1986     1.209
2019   34    1985     1.280
2019   35    1984     1.341
2019   36    1983     1.395
2019   37    1982     1.439
2019   38    1981     1.476
2019   39    1980     1.506
2019   40    1979     1.530
2019   41    1978     1.548
2019   42    1977     1.561
2019   43    1976     1.569
2019   44    1975     1.574
2019   45    1974     1.578
2019   46    1973     1.580
2019   47    1972     1.581
2019   48    1971     1.582
2019   49    1970     1.582
2019   50    1969     1.583
2019   51    1968     1.583
2019   52    1967     1.583
2019   53    1966     1.583
2019   54    1965     1.583
2019   55    1964     1.584
2020   12    2008     0.000
2020   13    2007     0.000
2020   14    2006     0.001
2020   15    2005     0.003
2020   16    2004     0.014
2020   17    2003     0.038
2020   18    2002     0.073
2020   19    2001     0.117
2020   20    2000     0.169
2020   21    1999     0.227
2020   22    1998     0.287
2020   23    1997     0.349
2020   24    1996     0.416
2020   25    1995     0.493
2020   26    1994     0.580
2020   27    1993     0.668
2020   28    1992     0.760
2020   29    1991     0.854
2020   30    1990     0.943
2020   31    1989     1.029
2020   32    1988     1.111
2020   33    1987     1.186
2020   34    1986     1.253
2020   35    1985     1.313
2020   36    1984     1.367
2020   37    1983     1.413
2020   38    1982     1.450
2020   39    1981     1.479
2020   40    1980     1.502
2020   41    1979     1.520
2020   42    1978     1.533
2020   43    1977     1.542
2020   44    1976     1.547
2020   45    1975     1.550
2020   46    1974     1.552
2020   47    1973     1.554
2020   48    1972     1.555
2020   49    1971     1.556
2020   50    1970     1.557
2020   51    1969     1.557
2020   52    1968     1.557
2020   53    1967     1.557
2020   54    1966     1.557
2020   55    1965     1.557
2021   12    2009     0.000
2021   13    2008     0.000
2021   14    2007     0.000
2021   15    2006     0.004
2021   16    2005     0.015
2021   17    2004     0.039
2021   18    2003     0.075
2021   19    2002     0.118
2021   20    2001     0.166
2021   21    2000     0.222
2021   22    1999     0.284
2021   23    1998     0.348
2021   24    1997     0.416
2021   25    1996     0.491
2021   26    1995     0.573
2021   27    1994     0.663
2021   28    1993     0.759
2021   29    1992     0.855
2021   30    1991     0.946
2021   31    1990     1.034
2021   32    1989     1.119
2021   33    1988     1.197
2021   34    1987     1.267
2021   35    1986     1.330
2021   36    1985     1.384
2021   37    1984     1.431
2021   38    1983     1.468
2021   39    1982     1.499
2021   40    1981     1.523
2021   41    1980     1.540
2021   42    1979     1.553
2021   43    1978     1.562
2021   44    1977     1.567
2021   45    1976     1.571
2021   46    1975     1.573
2021   47    1974     1.575
2021   48    1973     1.576
2021   49    1972     1.577
2021   50    1971     1.577
2021   51    1970     1.578
2021   52    1969     1.578
2021   53    1968     1.578
2021   54    1967     1.578
2021   55    1966     1.578
