Bulgaria, Cumulative cohort fertility rates (horizontal parallelograms
Last modified: 01/12/2022
Cohort  Age     CCFR
1932    12         .
1932    13         .
1932    14         .
1932    15     0.000
1932    16     0.006
1932    17     0.026
1932    18     0.071
1932    19     0.149
1932    20     0.262
1932    21     0.415
1932    22     0.589
1932    23     0.770
1932    24     0.954
1932    25     1.131
1932    26     1.289
1932    27     1.421
1932    28     1.536
1932    29     1.636
1932    30     1.722
1932    31     1.794
1932    32     1.850
1932    33     1.896
1932    34     1.930
1932    35     1.956
1932    36     1.978
1932    37     1.997
1932    38     2.012
1932    39     2.022
1932    40     2.030
1932    41     2.035
1932    42     2.039
1932    43     2.042
1932    44     2.044
1932    45     2.044
1932    46     2.045
1932    47     2.045
1932    48     2.045
1932    49     2.045
1932    50     2.045
1932    51     2.045
1932    52     2.045
1932    53     2.045
1932    54     2.045
1932    55     2.045
1933    12         .
1933    13         .
1933    14     0.000
1933    15     0.002
1933    16     0.008
1933    17     0.029
1933    18     0.075
1933    19     0.152
1933    20     0.265
1933    21     0.421
1933    22     0.598
1933    23     0.786
1933    24     0.970
1933    25     1.143
1933    26     1.300
1933    27     1.434
1933    28     1.553
1933    29     1.653
1933    30     1.738
1933    31     1.807
1933    32     1.861
1933    33     1.902
1933    34     1.935
1933    35     1.962
1933    36     1.985
1933    37     2.003
1933    38     2.017
1933    39     2.026
1933    40     2.034
1933    41     2.039
1933    42     2.043
1933    43     2.045
1933    44     2.047
1933    45     2.048
1933    46     2.048
1933    47     2.048
1933    48     2.048
1933    49     2.049
1933    50     2.049
1933    51     2.049
1933    52     2.049
1933    53     2.049
1933    54     2.049
1933    55     2.049
1934    12         .
1934    13     0.000
1934    14     0.000
1934    15     0.002
1934    16     0.009
1934    17     0.030
1934    18     0.075
1934    19     0.153
1934    20     0.271
1934    21     0.431
1934    22     0.614
1934    23     0.804
1934    24     0.984
1934    25     1.155
1934    26     1.309
1934    27     1.444
1934    28     1.562
1934    29     1.660
1934    30     1.741
1934    31     1.805
1934    32     1.856
1934    33     1.895
1934    34     1.929
1934    35     1.958
1934    36     1.981
1934    37     1.998
1934    38     2.010
1934    39     2.019
1934    40     2.027
1934    41     2.032
1934    42     2.036
1934    43     2.038
1934    44     2.039
1934    45     2.040
1934    46     2.040
1934    47     2.041
1934    48     2.041
1934    49     2.041
1934    50     2.041
1934    51     2.041
1934    52     2.041
1934    53     2.041
1934    54     2.041
1934    55     2.041
1935    12     0.000
1935    13     0.000
1935    14     0.000
1935    15     0.002
1935    16     0.009
1935    17     0.030
1935    18     0.076
1935    19     0.158
1935    20     0.280
1935    21     0.444
1935    22     0.630
1935    23     0.817
1935    24     0.994
1935    25     1.164
1935    26     1.318
1935    27     1.451
1935    28     1.566
1935    29     1.660
1935    30     1.737
1935    31     1.799
1935    32     1.848
1935    33     1.889
1935    34     1.925
1935    35     1.953
1935    36     1.975
1935    37     1.990
1935    38     2.002
1935    39     2.011
1935    40     2.019
1935    41     2.024
1935    42     2.028
1935    43     2.029
1935    44     2.031
1935    45     2.032
1935    46     2.032
1935    47     2.032
1935    48     2.032
1935    49     2.032
1935    50     2.032
1935    51     2.032
1935    52     2.032
1935    53     2.032
1935    54     2.032
1935    55     2.032
1936    12     0.000
1936    13     0.000
1936    14     0.000
1936    15     0.002
1936    16     0.009
1936    17     0.030
1936    18     0.079
1936    19     0.165
1936    20     0.292
1936    21     0.459
1936    22     0.645
1936    23     0.830
1936    24     1.008
1936    25     1.176
1936    26     1.330
1936    27     1.461
1936    28     1.573
1936    29     1.664
1936    30     1.737
1936    31     1.798
1936    32     1.849
1936    33     1.894
1936    34     1.930
1936    35     1.958
1936    36     1.978
1936    37     1.994
1936    38     2.006
1936    39     2.016
1936    40     2.023
1936    41     2.028
1936    42     2.031
1936    43     2.033
1936    44     2.035
1936    45     2.035
1936    46     2.036
1936    47     2.036
1936    48     2.036
1936    49     2.036
1936    50     2.036
1936    51     2.036
1936    52     2.036
1936    53     2.036
1936    54     2.036
1936    55     2.036
1937    12     0.000
1937    13     0.000
1937    14     0.000
1937    15     0.002
1937    16     0.009
1937    17     0.032
1937    18     0.082
1937    19     0.169
1937    20     0.300
1937    21     0.470
1937    22     0.657
1937    23     0.848
1937    24     1.029
1937    25     1.195
1937    26     1.344
1937    27     1.472
1937    28     1.579
1937    29     1.666
1937    30     1.738
1937    31     1.801
1937    32     1.857
1937    33     1.901
1937    34     1.936
1937    35     1.961
1937    36     1.982
1937    37     1.998
1937    38     2.011
1937    39     2.020
1937    40     2.027
1937    41     2.032
1937    42     2.035
1937    43     2.037
1937    44     2.038
1937    45     2.038
1937    46     2.039
1937    47     2.039
1937    48     2.039
1937    49     2.039
1937    50     2.039
1937    51     2.039
1937    52     2.039
1937    53     2.039
1937    54     2.039
1937    55     2.039
1938    12     0.000
1938    13     0.000
1938    14     0.000
1938    15     0.002
1938    16     0.010
1938    17     0.032
1938    18     0.083
1938    19     0.174
1938    20     0.309
1938    21     0.484
1938    22     0.678
1938    23     0.870
1938    24     1.049
1938    25     1.210
1938    26     1.354
1938    27     1.475
1938    28     1.579
1938    29     1.663
1938    30     1.740
1938    31     1.809
1938    32     1.864
1938    33     1.905
1938    34     1.937
1938    35     1.962
1938    36     1.983
1938    37     1.999
1938    38     2.012
1938    39     2.021
1938    40     2.027
1938    41     2.031
1938    42     2.034
1938    43     2.036
1938    44     2.037
1938    45     2.038
1938    46     2.038
1938    47     2.038
1938    48     2.038
1938    49     2.038
1938    50     2.038
1938    51     2.038
1938    52     2.038
1938    53     2.038
1938    54     2.038
1938    55     2.038
1939    12     0.000
1939    13     0.000
1939    14     0.000
1939    15     0.002
1939    16     0.010
1939    17     0.033
1939    18     0.085
1939    19     0.179
1939    20     0.324
1939    21     0.511
1939    22     0.708
1939    23     0.895
1939    24     1.070
1939    25     1.229
1939    26     1.368
1939    27     1.486
1939    28     1.587
1939    29     1.677
1939    30     1.762
1939    31     1.831
1939    32     1.883
1939    33     1.922
1939    34     1.952
1939    35     1.978
1939    36     1.998
1939    37     2.014
1939    38     2.026
1939    39     2.035
1939    40     2.041
1939    41     2.045
1939    42     2.048
1939    43     2.050
1939    44     2.051
1939    45     2.052
1939    46     2.052
1939    47     2.052
1939    48     2.052
1939    49     2.052
1939    50     2.052
1939    51     2.052
1939    52     2.052
1939    53     2.052
1939    54     2.052
1939    55     2.052
1940    12     0.000
1940    13     0.000
1940    14     0.000
1940    15     0.002
1940    16     0.010
1940    17     0.033
1940    18     0.087
1940    19     0.189
1940    20     0.348
1940    21     0.541
1940    22     0.736
1940    23     0.925
1940    24     1.100
1940    25     1.256
1940    26     1.392
1940    27     1.509
1940    28     1.618
1940    29     1.719
1940    30     1.804
1940    31     1.869
1940    32     1.918
1940    33     1.956
1940    34     1.987
1940    35     2.013
1940    36     2.033
1940    37     2.048
1940    38     2.060
1940    39     2.068
1940    40     2.075
1940    41     2.079
1940    42     2.082
1940    43     2.083
1940    44     2.084
1940    45     2.085
1940    46     2.085
1940    47     2.085
1940    48     2.085
1940    49     2.085
1940    50     2.085
1940    51     2.085
1940    52     2.085
1940    53     2.085
1940    54     2.085
1940    55     2.085
1941    12     0.000
1941    13     0.000
1941    14     0.000
1941    15     0.002
1941    16     0.010
1941    17     0.034
1941    18     0.092
1941    19     0.204
1941    20     0.369
1941    21     0.559
1941    22     0.753
1941    23     0.943
1941    24     1.116
1941    25     1.267
1941    26     1.401
1941    27     1.528
1941    28     1.648
1941    29     1.747
1941    30     1.825
1941    31     1.884
1941    32     1.930
1941    33     1.970
1941    34     2.003
1941    35     2.027
1941    36     2.046
1941    37     2.060
1941    38     2.070
1941    39     2.078
1941    40     2.084
1941    41     2.088
1941    42     2.090
1941    43     2.092
1941    44     2.093
1941    45     2.094
1941    46     2.094
1941    47     2.094
1941    48     2.094
1941    49     2.094
1941    50     2.094
1941    51     2.094
1941    52     2.094
1941    53     2.094
1941    54     2.094
1941    55     2.094
1942    12     0.000
1942    13     0.000
1942    14     0.000
1942    15     0.002
1942    16     0.010
1942    17     0.036
1942    18     0.100
1942    19     0.215
1942    20     0.377
1942    21     0.568
1942    22     0.766
1942    23     0.952
1942    24     1.118
1942    25     1.268
1942    26     1.411
1942    27     1.546
1942    28     1.663
1942    29     1.754
1942    30     1.825
1942    31     1.883
1942    32     1.932
1942    33     1.973
1942    34     2.005
1942    35     2.028
1942    36     2.045
1942    37     2.059
1942    38     2.068
1942    39     2.075
1942    40     2.081
1942    41     2.085
1942    42     2.087
1942    43     2.089
1942    44     2.090
1942    45     2.090
1942    46     2.091
1942    47     2.091
1942    48     2.091
1942    49     2.091
1942    50     2.091
1942    51     2.091
1942    52     2.091
1942    53     2.091
1942    54     2.091
1942    55     2.091
1943    12     0.000
1943    13     0.000
1943    14     0.000
1943    15     0.002
1943    16     0.010
1943    17     0.036
1943    18     0.100
1943    19     0.211
1943    20     0.371
1943    21     0.563
1943    22     0.757
1943    23     0.938
1943    24     1.102
1943    25     1.263
1943    26     1.416
1943    27     1.547
1943    28     1.654
1943    29     1.740
1943    30     1.811
1943    31     1.872
1943    32     1.924
1943    33     1.965
1943    34     1.995
1943    35     2.018
1943    36     2.034
1943    37     2.046
1943    38     2.056
1943    39     2.063
1943    40     2.068
1943    41     2.072
1943    42     2.074
1943    43     2.076
1943    44     2.077
1943    45     2.077
1943    46     2.078
1943    47     2.078
1943    48     2.078
1943    49     2.078
1943    50     2.078
1943    51     2.078
1943    52     2.078
1943    53     2.078
1943    54     2.078
1943    55     2.078
1944    12     0.000
1944    13     0.000
1944    14     0.000
1944    15     0.002
1944    16     0.010
1944    17     0.037
1944    18     0.100
1944    19     0.211
1944    20     0.374
1944    21     0.565
1944    22     0.755
1944    23     0.937
1944    24     1.116
1944    25     1.289
1944    26     1.438
1944    27     1.562
1944    28     1.661
1944    29     1.746
1944    30     1.822
1944    31     1.885
1944    32     1.934
1944    33     1.972
1944    34     1.999
1944    35     2.020
1944    36     2.035
1944    37     2.046
1944    38     2.056
1944    39     2.062
1944    40     2.067
1944    41     2.071
1944    42     2.074
1944    43     2.075
1944    44     2.076
1944    45     2.077
1944    46     2.077
1944    47     2.077
1944    48     2.077
1944    49     2.077
1944    50     2.077
1944    51     2.077
1944    52     2.077
1944    53     2.077
1944    54     2.077
1944    55     2.077
1945    12     0.000
1945    13     0.000
1945    14     0.000
1945    15     0.002
1945    16     0.010
1945    17     0.035
1945    18     0.094
1945    19     0.206
1945    20     0.367
1945    21     0.555
1945    22     0.748
1945    23     0.942
1945    24     1.133
1945    25     1.300
1945    26     1.442
1945    27     1.561
1945    28     1.662
1945    29     1.753
1945    30     1.830
1945    31     1.891
1945    32     1.936
1945    33     1.971
1945    34     1.997
1945    35     2.016
1945    36     2.030
1945    37     2.041
1945    38     2.050
1945    39     2.057
1945    40     2.062
1945    41     2.066
1945    42     2.069
1945    43     2.070
1945    44     2.071
1945    45     2.072
1945    46     2.072
1945    47     2.072
1945    48     2.072
1945    49     2.072
1945    50     2.072
1945    51     2.072
1945    52     2.072
1945    53     2.072
1945    54     2.072
1945    55     2.072
1946    12     0.000
1946    13     0.000
1946    14     0.000
1946    15     0.002
1946    16     0.009
1946    17     0.031
1946    18     0.087
1946    19     0.192
1946    20     0.342
1946    21     0.528
1946    22     0.728
1946    23     0.930
1946    24     1.115
1946    25     1.278
1946    26     1.414
1946    27     1.534
1946    28     1.645
1946    29     1.740
1946    30     1.816
1946    31     1.875
1946    32     1.919
1946    33     1.952
1946    34     1.977
1946    35     1.996
1946    36     2.010
1946    37     2.022
1946    38     2.031
1946    39     2.038
1946    40     2.043
1946    41     2.047
1946    42     2.050
1946    43     2.052
1946    44     2.052
1946    45     2.053
1946    46     2.053
1946    47     2.053
1946    48     2.053
1946    49     2.053
1946    50     2.053
1946    51     2.053
1946    52     2.053
1946    53     2.053
1946    54     2.053
1946    55     2.053
1947    12     0.000
1947    13     0.000
1947    14     0.000
1947    15     0.002
1947    16     0.009
1947    17     0.032
1947    18     0.088
1947    19     0.187
1947    20     0.334
1947    21     0.527
1947    22     0.735
1947    23     0.930
1947    24     1.109
1947    25     1.268
1947    26     1.407
1947    27     1.538
1947    28     1.652
1947    29     1.745
1947    30     1.818
1947    31     1.875
1947    32     1.918
1947    33     1.950
1947    34     1.974
1947    35     1.993
1947    36     2.008
1947    37     2.019
1947    38     2.028
1947    39     2.035
1947    40     2.041
1947    41     2.045
1947    42     2.047
1947    43     2.049
1947    44     2.050
1947    45     2.050
1947    46     2.050
1947    47     2.050
1947    48     2.051
1947    49     2.051
1947    50     2.051
1947    51     2.051
1947    52     2.051
1947    53     2.051
1947    54     2.051
1947    55     2.051
1948    12     0.000
1948    13     0.000
1948    14     0.000
1948    15     0.002
1948    16     0.009
1948    17     0.033
1948    18     0.089
1948    19     0.189
1948    20     0.345
1948    21     0.545
1948    22     0.752
1948    23     0.946
1948    24     1.118
1948    25     1.281
1948    26     1.434
1948    27     1.570
1948    28     1.680
1948    29     1.769
1948    30     1.838
1948    31     1.891
1948    32     1.932
1948    33     1.963
1948    34     1.988
1948    35     2.007
1948    36     2.022
1948    37     2.033
1948    38     2.042
1948    39     2.050
1948    40     2.055
1948    41     2.058
1948    42     2.061
1948    43     2.063
1948    44     2.064
1948    45     2.064
1948    46     2.064
1948    47     2.064
1948    48     2.065
1948    49     2.065
1948    50     2.065
1948    51     2.065
1948    52     2.065
1948    53     2.065
1948    54     2.065
1948    55     2.065
1949    12     0.000
1949    13     0.000
1949    14     0.000
1949    15     0.002
1949    16     0.010
1949    17     0.035
1949    18     0.091
1949    19     0.196
1949    20     0.357
1949    21     0.555
1949    22     0.760
1949    23     0.955
1949    24     1.132
1949    25     1.307
1949    26     1.465
1949    27     1.598
1949    28     1.705
1949    29     1.790
1949    30     1.856
1949    31     1.906
1949    32     1.944
1949    33     1.974
1949    34     1.999
1949    35     2.018
1949    36     2.033
1949    37     2.045
1949    38     2.055
1949    39     2.061
1949    40     2.067
1949    41     2.070
1949    42     2.072
1949    43     2.074
1949    44     2.075
1949    45     2.075
1949    46     2.076
1949    47     2.076
1949    48     2.076
1949    49     2.076
1949    50     2.076
1949    51     2.076
1949    52     2.076
1949    53     2.076
1949    54     2.076
1949    55     2.076
1950    12     0.000
1950    13     0.000
1950    14     0.000
1950    15     0.002
1950    16     0.011
1950    17     0.035
1950    18     0.091
1950    19     0.198
1950    20     0.355
1950    21     0.550
1950    22     0.751
1950    23     0.949
1950    24     1.144
1950    25     1.322
1950    26     1.474
1950    27     1.603
1950    28     1.705
1950    29     1.787
1950    30     1.849
1950    31     1.896
1950    32     1.934
1950    33     1.965
1950    34     1.989
1950    35     2.008
1950    36     2.023
1950    37     2.036
1950    38     2.045
1950    39     2.052
1950    40     2.057
1950    41     2.060
1950    42     2.063
1950    43     2.064
1950    44     2.065
1950    45     2.066
1950    46     2.066
1950    47     2.066
1950    48     2.066
1950    49     2.066
1950    50     2.066
1950    51     2.066
1950    52     2.066
1950    53     2.066
1950    54     2.066
1950    55     2.066
1951    12     0.000
1951    13     0.000
1951    14     0.000
1951    15     0.002
1951    16     0.011
1951    17     0.036
1951    18     0.093
1951    19     0.196
1951    20     0.348
1951    21     0.539
1951    22     0.743
1951    23     0.951
1951    24     1.149
1951    25     1.322
1951    26     1.469
1951    27     1.590
1951    28     1.686
1951    29     1.764
1951    30     1.823
1951    31     1.870
1951    32     1.907
1951    33     1.939
1951    34     1.964
1951    35     1.985
1951    36     2.000
1951    37     2.013
1951    38     2.022
1951    39     2.029
1951    40     2.034
1951    41     2.037
1951    42     2.040
1951    43     2.041
1951    44     2.042
1951    45     2.043
1951    46     2.043
1951    47     2.043
1951    48     2.043
1951    49     2.043
1951    50     2.043
1951    51     2.043
1951    52     2.043
1951    53     2.043
1951    54     2.043
1951    55     2.043
1952    12     0.000
1952    13     0.000
1952    14     0.000
1952    15     0.002
1952    16     0.012
1952    17     0.040
1952    18     0.099
1952    19     0.200
1952    20     0.351
1952    21     0.547
1952    22     0.761
1952    23     0.972
1952    24     1.164
1952    25     1.333
1952    26     1.476
1952    27     1.594
1952    28     1.687
1952    29     1.760
1952    30     1.818
1952    31     1.866
1952    32     1.905
1952    33     1.937
1952    34     1.963
1952    35     1.984
1952    36     2.000
1952    37     2.013
1952    38     2.022
1952    39     2.029
1952    40     2.033
1952    41     2.037
1952    42     2.039
1952    43     2.040
1952    44     2.041
1952    45     2.041
1952    46     2.042
1952    47     2.042
1952    48     2.042
1952    49     2.042
1952    50     2.042
1952    51     2.042
1952    52     2.042
1952    53     2.042
1952    54     2.042
1952    55     2.042
1953    12     0.000
1953    13     0.000
1953    14     0.000
1953    15     0.003
1953    16     0.012
1953    17     0.040
1953    18     0.098
1953    19     0.197
1953    20     0.353
1953    21     0.559
1953    22     0.775
1953    23     0.986
1953    24     1.177
1953    25     1.343
1953    26     1.484
1953    27     1.597
1953    28     1.685
1953    29     1.756
1953    30     1.814
1953    31     1.864
1953    32     1.904
1953    33     1.935
1953    34     1.961
1953    35     1.980
1953    36     1.995
1953    37     2.007
1953    38     2.016
1953    39     2.022
1953    40     2.027
1953    41     2.030
1953    42     2.032
1953    43     2.034
1953    44     2.034
1953    45     2.035
1953    46     2.035
1953    47     2.035
1953    48     2.035
1953    49     2.035
1953    50     2.035
1953    51     2.035
1953    52     2.035
1953    53     2.035
1953    54     2.035
1953    55     2.035
1954    12     0.000
1954    13     0.000
1954    14     0.000
1954    15     0.003
1954    16     0.012
1954    17     0.041
1954    18     0.097
1954    19     0.196
1954    20     0.359
1954    21     0.566
1954    22     0.785
1954    23     0.998
1954    24     1.188
1954    25     1.351
1954    26     1.487
1954    27     1.596
1954    28     1.684
1954    29     1.757
1954    30     1.817
1954    31     1.868
1954    32     1.908
1954    33     1.940
1954    34     1.965
1954    35     1.984
1954    36     2.000
1954    37     2.011
1954    38     2.019
1954    39     2.025
1954    40     2.030
1954    41     2.033
1954    42     2.035
1954    43     2.037
1954    44     2.038
1954    45     2.038
1954    46     2.038
1954    47     2.038
1954    48     2.038
1954    49     2.039
1954    50     2.039
1954    51     2.039
1954    52     2.039
1954    53     2.039
1954    54     2.039
1954    55     2.039
1955    12     0.000
1955    13     0.000
1955    14     0.000
1955    15     0.003
1955    16     0.013
1955    17     0.042
1955    18     0.098
1955    19     0.198
1955    20     0.362
1955    21     0.569
1955    22     0.793
1955    23     1.003
1955    24     1.193
1955    25     1.353
1955    26     1.483
1955    27     1.590
1955    28     1.679
1955    29     1.753
1955    30     1.814
1955    31     1.864
1955    32     1.905
1955    33     1.936
1955    34     1.960
1955    35     1.979
1955    36     1.994
1955    37     2.004
1955    38     2.012
1955    39     2.018
1955    40     2.022
1955    41     2.025
1955    42     2.028
1955    43     2.029
1955    44     2.030
1955    45     2.030
1955    46     2.031
1955    47     2.031
1955    48     2.031
1955    49     2.031
1955    50     2.031
1955    51     2.031
1955    52     2.031
1955    53     2.031
1955    54     2.031
1955    55     2.031
1956    12     0.000
1956    13     0.000
1956    14     0.000
1956    15     0.003
1956    16     0.014
1956    17     0.042
1956    18     0.099
1956    19     0.201
1956    20     0.369
1956    21     0.586
1956    22     0.810
1956    23     1.022
1956    24     1.206
1956    25     1.362
1956    26     1.492
1956    27     1.601
1956    28     1.690
1956    29     1.764
1956    30     1.825
1956    31     1.874
1956    32     1.913
1956    33     1.943
1956    34     1.967
1956    35     1.984
1956    36     1.997
1956    37     2.007
1956    38     2.014
1956    39     2.020
1956    40     2.024
1956    41     2.027
1956    42     2.030
1956    43     2.031
1956    44     2.032
1956    45     2.032
1956    46     2.032
1956    47     2.032
1956    48     2.032
1956    49     2.032
1956    50     2.032
1956    51     2.032
1956    52     2.032
1956    53     2.032
1956    54     2.032
1956    55     2.032
1957    12     0.000
1957    13     0.000
1957    14     0.000
1957    15     0.003
1957    16     0.014
1957    17     0.044
1957    18     0.103
1957    19     0.208
1957    20     0.384
1957    21     0.604
1957    22     0.828
1957    23     1.038
1957    24     1.214
1957    25     1.368
1957    26     1.500
1957    27     1.611
1957    28     1.702
1957    29     1.775
1957    30     1.835
1957    31     1.884
1957    32     1.921
1957    33     1.951
1957    34     1.973
1957    35     1.989
1957    36     2.001
1957    37     2.011
1957    38     2.018
1957    39     2.024
1957    40     2.028
1957    41     2.031
1957    42     2.033
1957    43     2.035
1957    44     2.036
1957    45     2.036
1957    46     2.036
1957    47     2.036
1957    48     2.036
1957    49     2.036
1957    50     2.036
1957    51     2.036
1957    52     2.036
1957    53     2.036
1957    54     2.036
1957    55     2.036
1958    12     0.000
1958    13     0.000
1958    14     0.000
1958    15     0.004
1958    16     0.015
1958    17     0.047
1958    18     0.106
1958    19     0.214
1958    20     0.393
1958    21     0.612
1958    22     0.833
1958    23     1.034
1958    24     1.209
1958    25     1.361
1958    26     1.491
1958    27     1.601
1958    28     1.692
1958    29     1.765
1958    30     1.825
1958    31     1.873
1958    32     1.909
1958    33     1.936
1958    34     1.955
1958    35     1.971
1958    36     1.983
1958    37     1.993
1958    38     2.001
1958    39     2.006
1958    40     2.010
1958    41     2.013
1958    42     2.016
1958    43     2.017
1958    44     2.018
1958    45     2.019
1958    46     2.019
1958    47     2.019
1958    48     2.019
1958    49     2.019
1958    50     2.019
1958    51     2.019
1958    52     2.019
1958    53     2.019
1958    54     2.019
1958    55     2.019
1959    12     0.000
1959    13     0.000
1959    14     0.000
1959    15     0.004
1959    16     0.015
1959    17     0.047
1959    18     0.107
1959    19     0.215
1959    20     0.395
1959    21     0.612
1959    22     0.827
1959    23     1.021
1959    24     1.195
1959    25     1.346
1959    26     1.475
1959    27     1.583
1959    28     1.673
1959    29     1.745
1959    30     1.804
1959    31     1.849
1959    32     1.881
1959    33     1.906
1959    34     1.925
1959    35     1.941
1959    36     1.953
1959    37     1.963
1959    38     1.970
1959    39     1.976
1959    40     1.980
1959    41     1.984
1959    42     1.986
1959    43     1.988
1959    44     1.989
1959    45     1.989
1959    46     1.990
1959    47     1.990
1959    48     1.990
1959    49     1.990
1959    50     1.990
1959    51     1.990
1959    52     1.990
1959    53     1.990
1959    54     1.990
1959    55     1.990
1960    12     0.000
1960    13     0.000
1960    14     0.000
1960    15     0.004
1960    16     0.015
1960    17     0.047
1960    18     0.107
1960    19     0.216
1960    20     0.397
1960    21     0.607
1960    22     0.815
1960    23     1.005
1960    24     1.176
1960    25     1.324
1960    26     1.452
1960    27     1.560
1960    28     1.649
1960    29     1.719
1960    30     1.775
1960    31     1.815
1960    32     1.844
1960    33     1.868
1960    34     1.887
1960    35     1.902
1960    36     1.913
1960    37     1.922
1960    38     1.930
1960    39     1.936
1960    40     1.941
1960    41     1.945
1960    42     1.947
1960    43     1.948
1960    44     1.949
1960    45     1.950
1960    46     1.950
1960    47     1.950
1960    48     1.950
1960    49     1.950
1960    50     1.950
1960    51     1.950
1960    52     1.950
1960    53     1.950
1960    54     1.950
1960    55     1.950
1961    12     0.000
1961    13     0.000
1961    14     0.000
1961    15     0.004
1961    16     0.016
1961    17     0.046
1961    18     0.105
1961    19     0.216
1961    20     0.390
1961    21     0.594
1961    22     0.798
1961    23     0.986
1961    24     1.153
1961    25     1.301
1961    26     1.428
1961    27     1.536
1961    28     1.623
1961    29     1.690
1961    30     1.739
1961    31     1.776
1961    32     1.804
1961    33     1.827
1961    34     1.845
1961    35     1.859
1961    36     1.871
1961    37     1.880
1961    38     1.887
1961    39     1.894
1961    40     1.899
1961    41     1.903
1961    42     1.905
1961    43     1.907
1961    44     1.908
1961    45     1.908
1961    46     1.909
1961    47     1.909
1961    48     1.909
1961    49     1.909
1961    50     1.909
1961    51     1.909
1961    52     1.909
1961    53     1.909
1961    54     1.909
1961    55     1.909
1962    12     0.000
1962    13     0.000
1962    14     0.000
1962    15     0.004
1962    16     0.017
1962    17     0.049
1962    18     0.108
1962    19     0.216
1962    20     0.388
1962    21     0.591
1962    22     0.792
1962    23     0.976
1962    24     1.144
1962    25     1.292
1962    26     1.419
1962    27     1.524
1962    28     1.606
1962    29     1.667
1962    30     1.711
1962    31     1.747
1962    32     1.775
1962    33     1.798
1962    34     1.815
1962    35     1.830
1962    36     1.842
1962    37     1.851
1962    38     1.860
1962    39     1.867
1962    40     1.872
1962    41     1.876
1962    42     1.879
1962    43     1.881
1962    44     1.882
1962    45     1.883
1962    46     1.883
1962    47     1.883
1962    48     1.883
1962    49     1.883
1962    50     1.883
1962    51     1.884
1962    52     1.884
1962    53     1.884
1962    54     1.884
1962    55     1.884
1963    12     0.000
1963    13     0.000
1963    14     0.000
1963    15     0.004
1963    16     0.017
1963    17     0.050
1963    18     0.110
1963    19     0.221
1963    20     0.397
1963    21     0.600
1963    22     0.799
1963    23     0.985
1963    24     1.154
1963    25     1.300
1963    26     1.423
1963    27     1.521
1963    28     1.596
1963    29     1.650
1963    30     1.692
1963    31     1.728
1963    32     1.755
1963    33     1.778
1963    34     1.795
1963    35     1.809
1963    36     1.821
1963    37     1.833
1963    38     1.843
1963    39     1.850
1963    40     1.855
1963    41     1.859
1963    42     1.862
1963    43     1.864
1963    44     1.865
1963    45     1.866
1963    46     1.867
1963    47     1.867
1963    48     1.867
1963    49     1.867
1963    50     1.867
1963    51     1.867
1963    52     1.867
1963    53     1.868
1963    54     1.868
1963    55     1.868
1964    12     0.000
1964    13     0.000
1964    14     0.000
1964    15     0.004
1964    16     0.018
1964    17     0.052
1964    18     0.114
1964    19     0.227
1964    20     0.403
1964    21     0.606
1964    22     0.808
1964    23     0.997
1964    24     1.166
1964    25     1.310
1964    26     1.426
1964    27     1.516
1964    28     1.582
1964    29     1.634
1964    30     1.677
1964    31     1.712
1964    32     1.739
1964    33     1.762
1964    34     1.779
1964    35     1.795
1964    36     1.809
1964    37     1.821
1964    38     1.831
1964    39     1.838
1964    40     1.844
1964    41     1.848
1964    42     1.852
1964    43     1.854
1964    44     1.855
1964    45     1.856
1964    46     1.856
1964    47     1.857
1964    48     1.857
1964    49     1.857
1964    50     1.857
1964    51     1.857
1964    52     1.857
1964    53     1.857
1964    54     1.857
1964    55     1.857
1965    12     0.000
1965    13     0.000
1965    14     0.001
1965    15     0.005
1965    16     0.018
1965    17     0.052
1965    18     0.114
1965    19     0.226
1965    20     0.398
1965    21     0.600
1965    22     0.803
1965    23     0.993
1965    24     1.160
1965    25     1.296
1965    26     1.402
1965    27     1.483
1965    28     1.546
1965    29     1.599
1965    30     1.642
1965    31     1.678
1965    32     1.706
1965    33     1.729
1965    34     1.749
1965    35     1.767
1965    36     1.783
1965    37     1.794
1965    38     1.804
1965    39     1.812
1965    40     1.818
1965    41     1.822
1965    42     1.826
1965    43     1.829
1965    44     1.830
1965    45     1.831
1965    46     1.832
1965    47     1.832
1965    48     1.832
1965    49     1.832
1965    50     1.833
1965    51     1.833
1965    52     1.833
1965    53     1.833
1965    54     1.833
1965    55     1.833
1966    12     0.000
1966    13     0.000
1966    14     0.001
1966    15     0.005
1966    16     0.020
1966    17     0.056
1966    18     0.118
1966    19     0.230
1966    20     0.402
1966    21     0.602
1966    22     0.802
1966    23     0.988
1966    24     1.146
1966    25     1.270
1966    26     1.366
1966    27     1.443
1966    28     1.506
1966    29     1.557
1966    30     1.601
1966    31     1.636
1966    32     1.666
1966    33     1.691
1966    34     1.715
1966    35     1.735
1966    36     1.751
1966    37     1.765
1966    38     1.776
1966    39     1.785
1966    40     1.792
1966    41     1.798
1966    42     1.802
1966    43     1.805
1966    44     1.806
1966    45     1.807
1966    46     1.808
1966    47     1.808
1966    48     1.808
1966    49     1.809
1966    50     1.809
1966    51     1.809
1966    52     1.809
1966    53     1.809
1966    54     1.809
1966    55     1.809
1967    12     0.000
1967    13     0.000
1967    14     0.001
1967    15     0.006
1967    16     0.022
1967    17     0.057
1967    18     0.120
1967    19     0.233
1967    20     0.405
1967    21     0.603
1967    22     0.801
1967    23     0.975
1967    24     1.118
1967    25     1.232
1967    26     1.325
1967    27     1.402
1967    28     1.464
1967    29     1.516
1967    30     1.560
1967    31     1.596
1967    32     1.628
1967    33     1.659
1967    34     1.685
1967    35     1.706
1967    36     1.724
1967    37     1.739
1967    38     1.752
1967    39     1.763
1967    40     1.772
1967    41     1.778
1967    42     1.783
1967    43     1.786
1967    44     1.788
1967    45     1.789
1967    46     1.790
1967    47     1.790
1967    48     1.791
1967    49     1.791
1967    50     1.791
1967    51     1.792
1967    52     1.792
1967    53     1.792
1967    54     1.792
1967    55         .
1968    12     0.000
1968    13     0.000
1968    14     0.001
1968    15     0.006
1968    16     0.021
1968    17     0.057
1968    18     0.121
1968    19     0.233
1968    20     0.403
1968    21     0.597
1968    22     0.785
1968    23     0.947
1968    24     1.077
1968    25     1.186
1968    26     1.276
1968    27     1.351
1968    28     1.414
1968    29     1.464
1968    30     1.506
1968    31     1.547
1968    32     1.583
1968    33     1.614
1968    34     1.640
1968    35     1.663
1968    36     1.682
1968    37     1.699
1968    38     1.713
1968    39     1.725
1968    40     1.735
1968    41     1.742
1968    42     1.748
1968    43     1.751
1968    44     1.753
1968    45     1.754
1968    46     1.755
1968    47     1.755
1968    48     1.756
1968    49     1.756
1968    50     1.757
1968    51     1.757
1968    52     1.757
1968    53     1.757
1968    54         .
1968    55         .
1969    12     0.000
1969    13     0.000
1969    14     0.001
1969    15     0.006
1969    16     0.022
1969    17     0.057
1969    18     0.117
1969    19     0.222
1969    20     0.385
1969    21     0.567
1969    22     0.739
1969    23     0.888
1969    24     1.011
1969    25     1.113
1969    26     1.199
1969    27     1.272
1969    28     1.334
1969    29     1.384
1969    30     1.431
1969    31     1.477
1969    32     1.515
1969    33     1.546
1969    34     1.574
1969    35     1.599
1969    36     1.621
1969    37     1.640
1969    38     1.656
1969    39     1.670
1969    40     1.681
1969    41     1.689
1969    42     1.695
1969    43     1.698
1969    44     1.701
1969    45     1.702
1969    46     1.703
1969    47     1.704
1969    48     1.704
1969    49     1.705
1969    50     1.705
1969    51     1.705
1969    52     1.705
1969    53         .
1969    54         .
1969    55         .
1970    12     0.000
1970    13     0.000
1970    14     0.001
1970    15     0.006
1970    16     0.021
1970    17     0.055
1970    18     0.113
1970    19     0.214
1970    20     0.369
1970    21     0.541
1970    22     0.701
1970    23     0.837
1970    24     0.953
1970    25     1.050
1970    26     1.134
1970    27     1.205
1970    28     1.265
1970    29     1.323
1970    30     1.378
1970    31     1.427
1970    32     1.467
1970    33     1.500
1970    34     1.532
1970    35     1.560
1970    36     1.586
1970    37     1.608
1970    38     1.626
1970    39     1.642
1970    40     1.655
1970    41     1.664
1970    42     1.670
1970    43     1.673
1970    44     1.676
1970    45     1.678
1970    46     1.679
1970    47     1.680
1970    48     1.681
1970    49     1.681
1970    50     1.681
1970    51     1.682
1970    52         .
1970    53         .
1970    54         .
1970    55         .
1971    12     0.000
1971    13     0.000
1971    14     0.001
1971    15     0.006
1971    16     0.020
1971    17     0.053
1971    18     0.111
1971    19     0.208
1971    20     0.356
1971    21     0.517
1971    22     0.663
1971    23     0.788
1971    24     0.894
1971    25     0.989
1971    26     1.071
1971    27     1.142
1971    28     1.208
1971    29     1.272
1971    30     1.329
1971    31     1.378
1971    32     1.422
1971    33     1.460
1971    34     1.496
1971    35     1.528
1971    36     1.557
1971    37     1.583
1971    38     1.604
1971    39     1.622
1971    40     1.635
1971    41     1.645
1971    42     1.651
1971    43     1.655
1971    44     1.658
1971    45     1.659
1971    46     1.661
1971    47     1.662
1971    48     1.662
1971    49     1.663
1971    50     1.663
1971    51         .
1971    52         .
1971    53         .
1971    54         .
1971    55         .
1972    12     0.000
1972    13     0.000
1972    14     0.001
1972    15     0.006
1972    16     0.021
1972    17     0.056
1972    18     0.116
1972    19     0.214
1972    20     0.355
1972    21     0.501
1972    22     0.634
1972    23     0.747
1972    24     0.847
1972    25     0.936
1972    26     1.016
1972    27     1.094
1972    28     1.169
1972    29     1.234
1972    30     1.291
1972    31     1.343
1972    32     1.392
1972    33     1.435
1972    34     1.477
1972    35     1.514
1972    36     1.546
1972    37     1.576
1972    38     1.601
1972    39     1.620
1972    40     1.634
1972    41     1.644
1972    42     1.650
1972    43     1.655
1972    44     1.658
1972    45     1.660
1972    46     1.661
1972    47     1.662
1972    48     1.662
1972    49     1.663
1972    50         .
1972    51         .
1972    52         .
1972    53         .
1972    54         .
1972    55         .
1973    12     0.000
1973    13     0.000
1973    14     0.001
1973    15     0.006
1973    16     0.022
1973    17     0.057
1973    18     0.118
1973    19     0.215
1973    20     0.345
1973    21     0.475
1973    22     0.592
1973    23     0.697
1973    24     0.791
1973    25     0.876
1973    26     0.962
1973    27     1.047
1973    28     1.123
1973    29     1.190
1973    30     1.250
1973    31     1.306
1973    32     1.360
1973    33     1.410
1973    34     1.456
1973    35     1.498
1973    36     1.535
1973    37     1.568
1973    38     1.593
1973    39     1.612
1973    40     1.627
1973    41     1.638
1973    42     1.645
1973    43     1.649
1973    44     1.653
1973    45     1.655
1973    46     1.657
1973    47     1.658
1973    48     1.659
1973    49         .
1973    50         .
1973    51         .
1973    52         .
1973    53         .
1973    54         .
1973    55         .
1974    12     0.000
1974    13     0.000
1974    14     0.001
1974    15     0.006
1974    16     0.022
1974    17     0.058
1974    18     0.118
1974    19     0.207
1974    20     0.321
1974    21     0.434
1974    22     0.540
1974    23     0.636
1974    24     0.724
1974    25     0.815
1974    26     0.907
1974    27     0.990
1974    28     1.064
1974    29     1.134
1974    30     1.199
1974    31     1.261
1974    32     1.320
1974    33     1.374
1974    34     1.425
1974    35     1.471
1974    36     1.513
1974    37     1.546
1974    38     1.572
1974    39     1.592
1974    40     1.607
1974    41     1.619
1974    42     1.627
1974    43     1.633
1974    44     1.637
1974    45     1.639
1974    46     1.641
1974    47     1.642
1974    48         .
1974    49         .
1974    50         .
1974    51         .
1974    52         .
1974    53         .
1974    54         .
1974    55         .
1975    12     0.000
1975    13     0.000
1975    14     0.001
1975    15     0.007
1975    16     0.025
1975    17     0.063
1975    18     0.122
1975    19     0.203
1975    20     0.302
1975    21     0.405
1975    22     0.502
1975    23     0.592
1975    24     0.684
1975    25     0.779
1975    26     0.867
1975    27     0.947
1975    28     1.021
1975    29     1.095
1975    30     1.164
1975    31     1.233
1975    32     1.298
1975    33     1.358
1975    34     1.414
1975    35     1.465
1975    36     1.507
1975    37     1.540
1975    38     1.566
1975    39     1.587
1975    40     1.604
1975    41     1.617
1975    42     1.626
1975    43     1.631
1975    44     1.635
1975    45     1.638
1975    46     1.640
1975    47         .
1975    48         .
1975    49         .
1975    50         .
1975    51         .
1975    52         .
1975    53         .
1975    54         .
1975    55         .
1976    12     0.000
1976    13     0.000
1976    14     0.001
1976    15     0.008
1976    16     0.028
1976    17     0.066
1976    18     0.122
1976    19     0.196
1976    20     0.286
1976    21     0.381
1976    22     0.471
1976    23     0.565
1976    24     0.661
1976    25     0.751
1976    26     0.837
1976    27     0.918
1976    28     0.996
1976    29     1.074
1976    30     1.149
1976    31     1.222
1976    32     1.293
1976    33     1.359
1976    34     1.419
1976    35     1.471
1976    36     1.512
1976    37     1.546
1976    38     1.574
1976    39     1.596
1976    40     1.614
1976    41     1.627
1976    42     1.637
1976    43     1.643
1976    44     1.647
1976    45     1.650
1976    46         .
1976    47         .
1976    48         .
1976    49         .
1976    50         .
1976    51         .
1976    52         .
1976    53         .
1976    54         .
1976    55         .
1977    12     0.000
1977    13     0.000
1977    14     0.002
1977    15     0.009
1977    16     0.029
1977    17     0.067
1977    18     0.117
1977    19     0.185
1977    20     0.268
1977    21     0.357
1977    22     0.449
1977    23     0.545
1977    24     0.637
1977    25     0.723
1977    26     0.810
1977    27     0.895
1977    28     0.977
1977    29     1.061
1977    30     1.141
1977    31     1.218
1977    32     1.293
1977    33     1.361
1977    34     1.420
1977    35     1.471
1977    36     1.513
1977    37     1.550
1977    38     1.580
1977    39     1.603
1977    40     1.622
1977    41     1.636
1977    42     1.646
1977    43     1.653
1977    44     1.657
1977    45         .
1977    46         .
1977    47         .
1977    48         .
1977    49         .
1977    50         .
1977    51         .
1977    52         .
1977    53         .
1977    54         .
1977    55         .
1978    12     0.000
1978    13     0.000
1978    14     0.002
1978    15     0.010
1978    16     0.030
1978    17     0.065
1978    18     0.113
1978    19     0.175
1978    20     0.253
1978    21     0.344
1978    22     0.439
1978    23     0.531
1978    24     0.616
1978    25     0.702
1978    26     0.789
1978    27     0.877
1978    28     0.965
1978    29     1.053
1978    30     1.136
1978    31     1.220
1978    32     1.297
1978    33     1.365
1978    34     1.424
1978    35     1.475
1978    36     1.519
1978    37     1.558
1978    38     1.589
1978    39     1.613
1978    40     1.633
1978    41     1.648
1978    42     1.658
1978    43     1.665
1978    44         .
1978    45         .
1978    46         .
1978    47         .
1978    48         .
1978    49         .
1978    50         .
1978    51         .
1978    52         .
1978    53         .
1978    54         .
1978    55         .
1979    12     0.000
1979    13     0.000
1979    14     0.002
1979    15     0.010
1979    16     0.029
1979    17     0.061
1979    18     0.106
1979    19     0.165
1979    20     0.246
1979    21     0.341
1979    22     0.432
1979    23     0.517
1979    24     0.601
1979    25     0.687
1979    26     0.775
1979    27     0.865
1979    28     0.956
1979    29     1.047
1979    30     1.135
1979    31     1.222
1979    32     1.297
1979    33     1.364
1979    34     1.421
1979    35     1.474
1979    36     1.520
1979    37     1.558
1979    38     1.591
1979    39     1.615
1979    40     1.635
1979    41     1.651
1979    42     1.662
1979    43         .
1979    44         .
1979    45         .
1979    46         .
1979    47         .
1979    48         .
1979    49         .
1979    50         .
1979    51         .
1979    52         .
1979    53         .
1979    54         .
1979    55         .
1980    12     0.000
1980    13     0.000
1980    14     0.002
1980    15     0.009
1980    16     0.027
1980    17     0.056
1980    18     0.097
1980    19     0.158
1980    20     0.241
1980    21     0.329
1980    22     0.416
1980    23     0.498
1980    24     0.583
1980    25     0.670
1980    26     0.759
1980    27     0.852
1980    28     0.946
1980    29     1.041
1980    30     1.131
1980    31     1.215
1980    32     1.288
1980    33     1.353
1980    34     1.412
1980    35     1.465
1980    36     1.511
1980    37     1.550
1980    38     1.583
1980    39     1.609
1980    40     1.629
1980    41     1.645
1980    42         .
1980    43         .
1980    44         .
1980    45         .
1980    46         .
1980    47         .
1980    48         .
1980    49         .
1980    50         .
1980    51         .
1980    52         .
1980    53         .
1980    54         .
1980    55         .
1981    12     0.000
1981    13     0.000
1981    14     0.002
1981    15     0.009
1981    16     0.025
1981    17     0.052
1981    18     0.096
1981    19     0.157
1981    20     0.234
1981    21     0.315
1981    22     0.396
1981    23     0.479
1981    24     0.565
1981    25     0.653
1981    26     0.745
1981    27     0.840
1981    28     0.938
1981    29     1.034
1981    30     1.123
1981    31     1.205
1981    32     1.279
1981    33     1.346
1981    34     1.407
1981    35     1.461
1981    36     1.508
1981    37     1.548
1981    38     1.583
1981    39     1.609
1981    40     1.630
1981    41         .
1981    42         .
1981    43         .
1981    44         .
1981    45         .
1981    46         .
1981    47         .
1981    48         .
1981    49         .
1981    50         .
1981    51         .
1981    52         .
1981    53         .
1981    54         .
1981    55         .
1982    12     0.000
1982    13     0.000
1982    14     0.001
1982    15     0.008
1982    16     0.023
1982    17     0.054
1982    18     0.099
1982    19     0.157
1982    20     0.229
1982    21     0.307
1982    22     0.386
1982    23     0.469
1982    24     0.555
1982    25     0.644
1982    26     0.739
1982    27     0.838
1982    28     0.936
1982    29     1.028
1982    30     1.114
1982    31     1.195
1982    32     1.271
1982    33     1.341
1982    34     1.403
1982    35     1.459
1982    36     1.507
1982    37     1.548
1982    38     1.581
1982    39     1.608
1982    40         .
1982    41         .
1982    42         .
1982    43         .
1982    44         .
1982    45         .
1982    46         .
1982    47         .
1982    48         .
1982    49         .
1982    50         .
1982    51         .
1982    52         .
1982    53         .
1982    54         .
1982    55         .
1983    12     0.000
1983    13     0.000
1983    14     0.002
1983    15     0.007
1983    16     0.024
1983    17     0.055
1983    18     0.097
1983    19     0.150
1983    20     0.218
1983    21     0.297
1983    22     0.378
1983    23     0.460
1983    24     0.548
1983    25     0.638
1983    26     0.736
1983    27     0.834
1983    28     0.927
1983    29     1.016
1983    30     1.101
1983    31     1.182
1983    32     1.260
1983    33     1.332
1983    34     1.396
1983    35     1.454
1983    36     1.501
1983    37     1.541
1983    38     1.575
1983    39         .
1983    40         .
1983    41         .
1983    42         .
1983    43         .
1983    44         .
1983    45         .
1983    46         .
1983    47         .
1983    48         .
1983    49         .
1983    50         .
1983    51         .
1983    52         .
1983    53         .
1983    54         .
1983    55         .
1984    12     0.000
1984    13     0.000
1984    14     0.001
1984    15     0.007
1984    16     0.023
1984    17     0.053
1984    18     0.092
1984    19     0.142
1984    20     0.207
1984    21     0.284
1984    22     0.364
1984    23     0.447
1984    24     0.535
1984    25     0.628
1984    26     0.724
1984    27     0.817
1984    28     0.908
1984    29     0.998
1984    30     1.084
1984    31     1.168
1984    32     1.248
1984    33     1.319
1984    34     1.384
1984    35     1.442
1984    36     1.492
1984    37     1.534
1984    38         .
1984    39         .
1984    40         .
1984    41         .
1984    42         .
1984    43         .
1984    44         .
1984    45         .
1984    46         .
1984    47         .
1984    48         .
1984    49         .
1984    50         .
1984    51         .
1984    52         .
1984    53         .
1984    54         .
1984    55         .
1985    12     0.000
1985    13     0.000
1985    14     0.001
1985    15     0.008
1985    16     0.023
1985    17     0.052
1985    18     0.091
1985    19     0.141
1985    20     0.204
1985    21     0.278
1985    22     0.357
1985    23     0.438
1985    24     0.526
1985    25     0.618
1985    26     0.708
1985    27     0.799
1985    28     0.891
1985    29     0.982
1985    30     1.072
1985    31     1.157
1985    32     1.237
1985    33     1.308
1985    34     1.374
1985    35     1.431
1985    36     1.482
1985    37         .
1985    38         .
1985    39         .
1985    40         .
1985    41         .
1985    42         .
1985    43         .
1985    44         .
1985    45         .
1985    46         .
1985    47         .
1985    48         .
1985    49         .
1985    50         .
1985    51         .
1985    52         .
1985    53         .
1985    54         .
1985    55         .
1986    12     0.000
1986    13     0.000
1986    14     0.001
1986    15     0.007
1986    16     0.023
1986    17     0.051
1986    18     0.091
1986    19     0.140
1986    20     0.199
1986    21     0.272
1986    22     0.350
1986    23     0.432
1986    24     0.516
1986    25     0.600
1986    26     0.687
1986    27     0.775
1986    28     0.864
1986    29     0.955
1986    30     1.045
1986    31     1.130
1986    32     1.210
1986    33     1.283
1986    34     1.349
1986    35     1.406
1986    36         .
1986    37         .
1986    38         .
1986    39         .
1986    40         .
1986    41         .
1986    42         .
1986    43         .
1986    44         .
1986    45         .
1986    46         .
1986    47         .
1986    48         .
1986    49         .
1986    50         .
1986    51         .
1986    52         .
1986    53         .
1986    54         .
1986    55         .
1987    12     0.000
1987    13     0.000
1987    14     0.001
1987    15     0.007
1987    16     0.021
1987    17     0.050
1987    18     0.090
1987    19     0.138
1987    20     0.198
1987    21     0.271
1987    22     0.351
1987    23     0.430
1987    24     0.506
1987    25     0.585
1987    26     0.669
1987    27     0.756
1987    28     0.845
1987    29     0.935
1987    30     1.025
1987    31     1.110
1987    32     1.191
1987    33     1.263
1987    34     1.329
1987    35         .
1987    36         .
1987    37         .
1987    38         .
1987    39         .
1987    40         .
1987    41         .
1987    42         .
1987    43         .
1987    44         .
1987    45         .
1987    46         .
1987    47         .
1987    48         .
1987    49         .
1987    50         .
1987    51         .
1987    52         .
1987    53         .
1987    54         .
1987    55         .
1988    12     0.000
1988    13     0.000
1988    14     0.001
1988    15     0.007
1988    16     0.023
1988    17     0.052
1988    18     0.093
1988    19     0.142
1988    20     0.203
1988    21     0.276
1988    22     0.351
1988    23     0.422
1988    24     0.494
1988    25     0.571
1988    26     0.653
1988    27     0.741
1988    28     0.830
1988    29     0.921
1988    30     1.010
1988    31     1.095
1988    32     1.174
1988    33     1.247
1988    34         .
1988    35         .
1988    36         .
1988    37         .
1988    38         .
1988    39         .
1988    40         .
1988    41         .
1988    42         .
1988    43         .
1988    44         .
1988    45         .
1988    46         .
1988    47         .
1988    48         .
1988    49         .
1988    50         .
1988    51         .
1988    52         .
1988    53         .
1988    54         .
1988    55         .
1989    12     0.000
1989    13     0.000
1989    14     0.001
1989    15     0.007
1989    16     0.025
1989    17     0.056
1989    18     0.099
1989    19     0.149
1989    20     0.212
1989    21     0.282
1989    22     0.349
1989    23     0.418
1989    24     0.490
1989    25     0.567
1989    26     0.650
1989    27     0.738
1989    28     0.827
1989    29     0.918
1989    30     1.007
1989    31     1.092
1989    32     1.172
1989    33         .
1989    34         .
1989    35         .
1989    36         .
1989    37         .
1989    38         .
1989    39         .
1989    40         .
1989    41         .
1989    42         .
1989    43         .
1989    44         .
1989    45         .
1989    46         .
1989    47         .
1989    48         .
1989    49         .
1989    50         .
1989    51         .
1989    52         .
1989    53         .
1989    54         .
1989    55         .
1990    12     0.000
1990    13     0.000
1990    14     0.001
1990    15     0.008
1990    16     0.027
1990    17     0.059
1990    18     0.104
1990    19     0.157
1990    20     0.218
1990    21     0.284
1990    22     0.350
1990    23     0.419
1990    24     0.492
1990    25     0.568
1990    26     0.651
1990    27     0.739
1990    28     0.829
1990    29     0.920
1990    30     1.009
1990    31     1.096
1990    32         .
1990    33         .
1990    34         .
1990    35         .
1990    36         .
1990    37         .
1990    38         .
1990    39         .
1990    40         .
1990    41         .
1990    42         .
1990    43         .
1990    44         .
1990    45         .
1990    46         .
1990    47         .
1990    48         .
1990    49         .
1990    50         .
1990    51         .
1990    52         .
1990    53         .
1990    54         .
1990    55         .
1991    12     0.000
1991    13     0.000
1991    14     0.001
1991    15     0.009
1991    16     0.028
1991    17     0.061
1991    18     0.108
1991    19     0.159
1991    20     0.216
1991    21     0.279
1991    22     0.345
1991    23     0.414
1991    24     0.486
1991    25     0.562
1991    26     0.645
1991    27     0.734
1991    28     0.826
1991    29     0.918
1991    30     1.005
1991    31         .
1991    32         .
1991    33         .
1991    34         .
1991    35         .
1991    36         .
1991    37         .
1991    38         .
1991    39         .
1991    40         .
1991    41         .
1991    42         .
1991    43         .
1991    44         .
1991    45         .
1991    46         .
1991    47         .
1991    48         .
1991    49         .
1991    50         .
1991    51         .
1991    52         .
1991    53         .
1991    54         .
1991    55         .
1992    12     0.000
1992    13     0.000
1992    14     0.001
1992    15     0.009
1992    16     0.030
1992    17     0.065
1992    18     0.110
1992    19     0.156
1992    20     0.212
1992    21     0.275
1992    22     0.342
1992    23     0.411
1992    24     0.484
1992    25     0.562
1992    26     0.647
1992    27     0.738
1992    28     0.833
1992    29     0.925
1992    30         .
1992    31         .
1992    32         .
1992    33         .
1992    34         .
1992    35         .
1992    36         .
1992    37         .
1992    38         .
1992    39         .
1992    40         .
1992    41         .
1992    42         .
1992    43         .
1992    44         .
1992    45         .
1992    46         .
1992    47         .
1992    48         .
1992    49         .
1992    50         .
1992    51         .
1992    52         .
1992    53         .
1992    54         .
1992    55         .
1993    12     0.000
1993    13     0.000
1993    14     0.002
1993    15     0.011
1993    16     0.035
1993    17     0.071
1993    18     0.114
1993    19     0.162
1993    20     0.219
1993    21     0.285
1993    22     0.352
1993    23     0.422
1993    24     0.497
1993    25     0.577
1993    26     0.663
1993    27     0.753
1993    28     0.849
1993    29         .
1993    30         .
1993    31         .
1993    32         .
1993    33         .
1993    34         .
1993    35         .
1993    36         .
1993    37         .
1993    38         .
1993    39         .
1993    40         .
1993    41         .
1993    42         .
1993    43         .
1993    44         .
1993    45         .
1993    46         .
1993    47         .
1993    48         .
1993    49         .
1993    50         .
1993    51         .
1993    52         .
1993    53         .
1993    54         .
1993    55         .
1994    12     0.000
1994    13     0.000
1994    14     0.002
1994    15     0.013
1994    16     0.037
1994    17     0.072
1994    18     0.117
1994    19     0.166
1994    20     0.225
1994    21     0.291
1994    22     0.358
1994    23     0.428
1994    24     0.502
1994    25     0.583
1994    26     0.670
1994    27     0.763
1994    28         .
1994    29         .
1994    30         .
1994    31         .
1994    32         .
1994    33         .
1994    34         .
1994    35         .
1994    36         .
1994    37         .
1994    38         .
1994    39         .
1994    40         .
1994    41         .
1994    42         .
1994    43         .
1994    44         .
1994    45         .
1994    46         .
1994    47         .
1994    48         .
1994    49         .
1994    50         .
1994    51         .
1994    52         .
1994    53         .
1994    54         .
1994    55         .
1995    12     0.000
1995    13     0.000
1995    14     0.003
1995    15     0.013
1995    16     0.035
1995    17     0.070
1995    18     0.115
1995    19     0.165
1995    20     0.223
1995    21     0.287
1995    22     0.353
1995    23     0.424
1995    24     0.497
1995    25     0.580
1995    26     0.668
1995    27         .
1995    28         .
1995    29         .
1995    30         .
1995    31         .
1995    32         .
1995    33         .
1995    34         .
1995    35         .
1995    36         .
1995    37         .
1995    38         .
1995    39         .
1995    40         .
1995    41         .
1995    42         .
1995    43         .
1995    44         .
1995    45         .
1995    46         .
1995    47         .
1995    48         .
1995    49         .
1995    50         .
1995    51         .
1995    52         .
1995    53         .
1995    54         .
1995    55         .
1996    12     0.000
1996    13     0.000
1996    14     0.002
1996    15     0.011
1996    16     0.033
1996    17     0.067
1996    18     0.111
1996    19     0.160
1996    20     0.216
1996    21     0.278
1996    22     0.344
1996    23     0.414
1996    24     0.485
1996    25     0.566
1996    26         .
1996    27         .
1996    28         .
1996    29         .
1996    30         .
1996    31         .
1996    32         .
1996    33         .
1996    34         .
1996    35         .
1996    36         .
1996    37         .
1996    38         .
1996    39         .
1996    40         .
1996    41         .
1996    42         .
1996    43         .
1996    44         .
1996    45         .
1996    46         .
1996    47         .
1996    48         .
1996    49         .
1996    50         .
1996    51         .
1996    52         .
1996    53         .
1996    54         .
1996    55         .
1997    12     0.000
1997    13     0.000
1997    14     0.002
1997    15     0.010
1997    16     0.030
1997    17     0.061
1997    18     0.103
1997    19     0.148
1997    20     0.201
1997    21     0.260
1997    22     0.323
1997    23     0.388
1997    24     0.458
1997    25         .
1997    26         .
1997    27         .
1997    28         .
1997    29         .
1997    30         .
1997    31         .
1997    32         .
1997    33         .
1997    34         .
1997    35         .
1997    36         .
1997    37         .
1997    38         .
1997    39         .
1997    40         .
1997    41         .
1997    42         .
1997    43         .
1997    44         .
1997    45         .
1997    46         .
1997    47         .
1997    48         .
1997    49         .
1997    50         .
1997    51         .
1997    52         .
1997    53         .
1997    54         .
1997    55         .
1998    12     0.000
1998    13     0.000
1998    14     0.002
1998    15     0.010
1998    16     0.030
1998    17     0.061
1998    18     0.102
1998    19     0.148
1998    20     0.199
1998    21     0.258
1998    22     0.319
1998    23     0.384
1998    24         .
1998    25         .
1998    26         .
1998    27         .
1998    28         .
1998    29         .
1998    30         .
1998    31         .
1998    32         .
1998    33         .
1998    34         .
1998    35         .
1998    36         .
1998    37         .
1998    38         .
1998    39         .
1998    40         .
1998    41         .
1998    42         .
1998    43         .
1998    44         .
1998    45         .
1998    46         .
1998    47         .
1998    48         .
1998    49         .
1998    50         .
1998    51         .
1998    52         .
1998    53         .
1998    54         .
1998    55         .
1999    12     0.000
1999    13     0.000
1999    14     0.002
1999    15     0.010
1999    16     0.030
1999    17     0.062
1999    18     0.104
1999    19     0.151
1999    20     0.206
1999    21     0.266
1999    22     0.328
1999    23         .
1999    24         .
1999    25         .
1999    26         .
1999    27         .
1999    28         .
1999    29         .
1999    30         .
1999    31         .
1999    32         .
1999    33         .
1999    34         .
1999    35         .
1999    36         .
1999    37         .
1999    38         .
1999    39         .
1999    40         .
1999    41         .
1999    42         .
1999    43         .
1999    44         .
1999    45         .
1999    46         .
1999    47         .
1999    48         .
1999    49         .
1999    50         .
1999    51         .
1999    52         .
1999    53         .
1999    54         .
1999    55         .
2000    12     0.000
2000    13     0.000
2000    14     0.002
2000    15     0.010
2000    16     0.031
2000    17     0.064
2000    18     0.107
2000    19     0.156
2000    20     0.212
2000    21     0.272
2000    22         .
2000    23         .
2000    24         .
2000    25         .
2000    26         .
2000    27         .
2000    28         .
2000    29         .
2000    30         .
2000    31         .
2000    32         .
2000    33         .
2000    34         .
2000    35         .
2000    36         .
2000    37         .
2000    38         .
2000    39         .
2000    40         .
2000    41         .
2000    42         .
2000    43         .
2000    44         .
2000    45         .
2000    46         .
2000    47         .
2000    48         .
2000    49         .
2000    50         .
2000    51         .
2000    52         .
2000    53         .
2000    54         .
2000    55         .
2001    12     0.000
2001    13     0.000
2001    14     0.001
2001    15     0.009
2001    16     0.028
2001    17     0.061
2001    18     0.102
2001    19     0.150
2001    20     0.204
2001    21         .
2001    22         .
2001    23         .
2001    24         .
2001    25         .
2001    26         .
2001    27         .
2001    28         .
2001    29         .
2001    30         .
2001    31         .
2001    32         .
2001    33         .
2001    34         .
2001    35         .
2001    36         .
2001    37         .
2001    38         .
2001    39         .
2001    40         .
2001    41         .
2001    42         .
2001    43         .
2001    44         .
2001    45         .
2001    46         .
2001    47         .
2001    48         .
2001    49         .
2001    50         .
2001    51         .
2001    52         .
2001    53         .
2001    54         .
2001    55         .
2002    12     0.000
2002    13     0.000
2002    14     0.001
2002    15     0.009
2002    16     0.027
2002    17     0.058
2002    18     0.099
2002    19     0.146
2002    20         .
2002    21         .
2002    22         .
2002    23         .
2002    24         .
2002    25         .
2002    26         .
2002    27         .
2002    28         .
2002    29         .
2002    30         .
2002    31         .
2002    32         .
2002    33         .
2002    34         .
2002    35         .
2002    36         .
2002    37         .
2002    38         .
2002    39         .
2002    40         .
2002    41         .
2002    42         .
2002    43         .
2002    44         .
2002    45         .
2002    46         .
2002    47         .
2002    48         .
2002    49         .
2002    50         .
2002    51         .
2002    52         .
2002    53         .
2002    54         .
2002    55         .
2003    12     0.000
2003    13     0.000
2003    14     0.002
2003    15     0.009
2003    16     0.027
2003    17     0.057
2003    18     0.098
2003    19         .
2003    20         .
2003    21         .
2003    22         .
2003    23         .
2003    24         .
2003    25         .
2003    26         .
2003    27         .
2003    28         .
2003    29         .
2003    30         .
2003    31         .
2003    32         .
2003    33         .
2003    34         .
2003    35         .
2003    36         .
2003    37         .
2003    38         .
2003    39         .
2003    40         .
2003    41         .
2003    42         .
2003    43         .
2003    44         .
2003    45         .
2003    46         .
2003    47         .
2003    48         .
2003    49         .
2003    50         .
2003    51         .
2003    52         .
2003    53         .
2003    54         .
2003    55         .
2004    12     0.000
2004    13     0.000
2004    14     0.001
2004    15     0.008
2004    16     0.026
2004    17     0.056
2004    18         .
2004    19         .
2004    20         .
2004    21         .
2004    22         .
2004    23         .
2004    24         .
2004    25         .
2004    26         .
2004    27         .
2004    28         .
2004    29         .
2004    30         .
2004    31         .
2004    32         .
2004    33         .
2004    34         .
2004    35         .
2004    36         .
2004    37         .
2004    38         .
2004    39         .
2004    40         .
2004    41         .
2004    42         .
2004    43         .
2004    44         .
2004    45         .
2004    46         .
2004    47         .
2004    48         .
2004    49         .
2004    50         .
2004    51         .
2004    52         .
2004    53         .
2004    54         .
2004    55         .
2005    12     0.000
2005    13     0.000
2005    14     0.002
2005    15     0.008
2005    16     0.025
2005    17         .
2005    18         .
2005    19         .
2005    20         .
2005    21         .
2005    22         .
2005    23         .
2005    24         .
2005    25         .
2005    26         .
2005    27         .
2005    28         .
2005    29         .
2005    30         .
2005    31         .
2005    32         .
2005    33         .
2005    34         .
2005    35         .
2005    36         .
2005    37         .
2005    38         .
2005    39         .
2005    40         .
2005    41         .
2005    42         .
2005    43         .
2005    44         .
2005    45         .
2005    46         .
2005    47         .
2005    48         .
2005    49         .
2005    50         .
2005    51         .
2005    52         .
2005    53         .
2005    54         .
2005    55         .
2006    12     0.000
2006    13     0.000
2006    14     0.001
2006    15     0.007
2006    16         .
2006    17         .
2006    18         .
2006    19         .
2006    20         .
2006    21         .
2006    22         .
2006    23         .
2006    24         .
2006    25         .
2006    26         .
2006    27         .
2006    28         .
2006    29         .
2006    30         .
2006    31         .
2006    32         .
2006    33         .
2006    34         .
2006    35         .
2006    36         .
2006    37         .
2006    38         .
2006    39         .
2006    40         .
2006    41         .
2006    42         .
2006    43         .
2006    44         .
2006    45         .
2006    46         .
2006    47         .
2006    48         .
2006    49         .
2006    50         .
2006    51         .
2006    52         .
2006    53         .
2006    54         .
2006    55         .
2007    12     0.000
2007    13     0.000
2007    14     0.001
2007    15         .
2007    16         .
2007    17         .
2007    18         .
2007    19         .
2007    20         .
2007    21         .
2007    22         .
2007    23         .
2007    24         .
2007    25         .
2007    26         .
2007    27         .
2007    28         .
2007    29         .
2007    30         .
2007    31         .
2007    32         .
2007    33         .
2007    34         .
2007    35         .
2007    36         .
2007    37         .
2007    38         .
2007    39         .
2007    40         .
2007    41         .
2007    42         .
2007    43         .
2007    44         .
2007    45         .
2007    46         .
2007    47         .
2007    48         .
2007    49         .
2007    50         .
2007    51         .
2007    52         .
2007    53         .
2007    54         .
2007    55         .
2008    12     0.000
2008    13     0.000
2008    14         .
2008    15         .
2008    16         .
2008    17         .
2008    18         .
2008    19         .
2008    20         .
2008    21         .
2008    22         .
2008    23         .
2008    24         .
2008    25         .
2008    26         .
2008    27         .
2008    28         .
2008    29         .
2008    30         .
2008    31         .
2008    32         .
2008    33         .
2008    34         .
2008    35         .
2008    36         .
2008    37         .
2008    38         .
2008    39         .
2008    40         .
2008    41         .
2008    42         .
2008    43         .
2008    44         .
2008    45         .
2008    46         .
2008    47         .
2008    48         .
2008    49         .
2008    50         .
2008    51         .
2008    52         .
2008    53         .
2008    54         .
2008    55         .
