Bulgaria, Cumulative period fertility rates (Lexis squares)
Last modified: 01/12/2022
Year    Age     CPFR
1947    12     0.000
1947    13     0.000
1947    14     0.000
1947    15     0.002
1947    16     0.007
1947    17     0.025
1947    18     0.064
1947    19     0.134
1947    20     0.241
1947    21     0.389
1947    22     0.568
1947    23     0.767
1947    24     0.974
1947    25     1.184
1947    26     1.379
1947    27     1.554
1947    28     1.710
1947    29     1.854
1947    30     1.990
1947    31     2.119
1947    32     2.230
1947    33     2.327
1947    34     2.414
1947    35     2.493
1947    36     2.562
1947    37     2.620
1947    38     2.668
1947    39     2.707
1947    40     2.737
1947    41     2.760
1947    42     2.777
1947    43     2.791
1947    44     2.802
1947    45     2.812
1947    46     2.819
1947    47     2.824
1947    48     2.827
1947    49     2.828
1947    50     2.828
1947    51     2.828
1947    52     2.828
1947    53     2.829
1947    54     2.829
1947    55     2.829
1948    12     0.000
1948    13     0.000
1948    14     0.000
1948    15     0.002
1948    16     0.008
1948    17     0.026
1948    18     0.067
1948    19     0.139
1948    20     0.251
1948    21     0.405
1948    22     0.593
1948    23     0.802
1948    24     1.018
1948    25     1.233
1948    26     1.431
1948    27     1.607
1948    28     1.763
1948    29     1.905
1948    30     2.038
1948    31     2.164
1948    32     2.271
1948    33     2.365
1948    34     2.450
1948    35     2.530
1948    36     2.599
1948    37     2.660
1948    38     2.710
1948    39     2.750
1948    40     2.782
1948    41     2.806
1948    42     2.824
1948    43     2.838
1948    44     2.849
1948    45     2.859
1948    46     2.866
1948    47     2.871
1948    48     2.874
1948    49     2.875
1948    50     2.875
1948    51     2.875
1948    52     2.875
1948    53     2.875
1948    54     2.875
1948    55     2.875
1949    12     0.000
1949    13     0.000
1949    14     0.000
1949    15     0.002
1949    16     0.009
1949    17     0.029
1949    18     0.074
1949    19     0.151
1949    20     0.269
1949    21     0.427
1949    22     0.617
1949    23     0.823
1949    24     1.036
1949    25     1.249
1949    26     1.449
1949    27     1.627
1949    28     1.785
1949    29     1.928
1949    30     2.061
1949    31     2.183
1949    32     2.286
1949    33     2.376
1949    34     2.458
1949    35     2.533
1949    36     2.600
1949    37     2.659
1949    38     2.707
1949    39     2.746
1949    40     2.777
1949    41     2.800
1949    42     2.817
1949    43     2.831
1949    44     2.842
1949    45     2.851
1949    46     2.858
1949    47     2.864
1949    48     2.867
1949    49     2.868
1949    50     2.868
1949    51     2.869
1949    52     2.869
1949    53     2.869
1949    54     2.869
1949    55     2.869
1950    12     0.000
1950    13     0.000
1950    14     0.000
1950    15     0.002
1950    16     0.010
1950    17     0.031
1950    18     0.077
1950    19     0.157
1950    20     0.277
1950    21     0.440
1950    22     0.637
1950    23     0.851
1950    24     1.071
1950    25     1.288
1950    26     1.488
1950    27     1.664
1950    28     1.819
1950    29     1.962
1950    30     2.099
1950    31     2.221
1950    32     2.327
1950    33     2.420
1950    34     2.503
1950    35     2.578
1950    36     2.645
1950    37     2.703
1950    38     2.750
1950    39     2.790
1950    40     2.823
1950    41     2.848
1950    42     2.867
1950    43     2.883
1950    44     2.896
1950    45     2.907
1950    46     2.915
1950    47     2.921
1950    48     2.924
1950    49     2.926
1950    50     2.926
1950    51     2.927
1950    52     2.927
1950    53     2.927
1950    54     2.927
1950    55     2.927
1951    12     0.000
1951    13     0.000
1951    14     0.000
1951    15     0.002
1951    16     0.009
1951    17     0.031
1951    18     0.076
1951    19     0.153
1951    20     0.266
1951    21     0.415
1951    22     0.585
1951    23     0.765
1951    24     0.944
1951    25     1.122
1951    26     1.286
1951    27     1.430
1951    28     1.558
1951    29     1.674
1951    30     1.785
1951    31     1.880
1951    32     1.963
1951    33     2.035
1951    34     2.099
1951    35     2.156
1951    36     2.210
1951    37     2.255
1951    38     2.292
1951    39     2.323
1951    40     2.348
1951    41     2.367
1951    42     2.382
1951    43     2.393
1951    44     2.403
1951    45     2.410
1951    46     2.416
1951    47     2.420
1951    48     2.422
1951    49     2.423
1951    50     2.423
1951    51     2.424
1951    52     2.424
1951    53     2.424
1951    54     2.424
1951    55     2.424
1952    12     0.000
1952    13     0.000
1952    14     0.000
1952    15     0.002
1952    16     0.009
1952    17     0.030
1952    18     0.074
1952    19     0.150
1952    20     0.262
1952    21     0.414
1952    22     0.589
1952    23     0.773
1952    24     0.958
1952    25     1.141
1952    26     1.312
1952    27     1.461
1952    28     1.592
1952    29     1.710
1952    30     1.819
1952    31     1.913
1952    32     1.992
1952    33     2.061
1952    34     2.121
1952    35     2.176
1952    36     2.227
1952    37     2.270
1952    38     2.306
1952    39     2.335
1952    40     2.359
1952    41     2.377
1952    42     2.390
1952    43     2.401
1952    44     2.410
1952    45     2.416
1952    46     2.421
1952    47     2.425
1952    48     2.427
1952    49     2.427
1952    50     2.428
1952    51     2.428
1952    52     2.428
1952    53     2.428
1952    54     2.428
1952    55     2.428
1953    12     0.000
1953    13     0.000
1953    14     0.000
1953    15     0.002
1953    16     0.010
1953    17     0.031
1953    18     0.078
1953    19     0.158
1953    20     0.274
1953    21     0.430
1953    22     0.607
1953    23     0.790
1953    24     0.972
1953    25     1.152
1953    26     1.322
1953    27     1.470
1953    28     1.600
1953    29     1.716
1953    30     1.822
1953    31     1.912
1953    32     1.989
1953    33     2.054
1953    34     2.112
1953    35     2.164
1953    36     2.212
1953    37     2.253
1953    38     2.287
1953    39     2.316
1953    40     2.340
1953    41     2.358
1953    42     2.372
1953    43     2.384
1953    44     2.393
1953    45     2.399
1953    46     2.404
1953    47     2.408
1953    48     2.409
1953    49     2.410
1953    50     2.411
1953    51     2.411
1953    52     2.411
1953    53     2.411
1953    54     2.411
1953    55     2.411
1954    12     0.000
1954    13     0.000
1954    14     0.000
1954    15     0.002
1954    16     0.010
1954    17     0.033
1954    18     0.083
1954    19     0.168
1954    20     0.288
1954    21     0.444
1954    22     0.616
1954    23     0.791
1954    24     0.963
1954    25     1.136
1954    26     1.300
1954    27     1.444
1954    28     1.572
1954    29     1.685
1954    30     1.788
1954    31     1.877
1954    32     1.952
1954    33     2.017
1954    34     2.074
1954    35     2.125
1954    36     2.172
1954    37     2.212
1954    38     2.245
1954    39     2.273
1954    40     2.295
1954    41     2.313
1954    42     2.326
1954    43     2.337
1954    44     2.345
1954    45     2.350
1954    46     2.354
1954    47     2.357
1954    48     2.359
1954    49     2.359
1954    50     2.360
1954    51     2.360
1954    52     2.360
1954    53     2.360
1954    54     2.360
1954    55     2.360
1955    12     0.000
1955    13     0.000
1955    14     0.000
1955    15     0.002
1955    16     0.009
1955    17     0.032
1955    18     0.082
1955    19     0.168
1955    20     0.293
1955    21     0.455
1955    22     0.636
1955    23     0.822
1955    24     1.006
1955    25     1.186
1955    26     1.355
1955    27     1.502
1955    28     1.629
1955    29     1.741
1955    30     1.842
1955    31     1.927
1955    32     1.997
1955    33     2.057
1955    34     2.112
1955    35     2.161
1955    36     2.204
1955    37     2.241
1955    38     2.272
1955    39     2.297
1955    40     2.318
1955    41     2.335
1955    42     2.348
1955    43     2.358
1955    44     2.365
1955    45     2.371
1955    46     2.375
1955    47     2.378
1955    48     2.379
1955    49     2.380
1955    50     2.380
1955    51     2.380
1955    52     2.380
1955    53     2.380
1955    54     2.380
1955    55     2.380
1956    12     0.000
1956    13     0.000
1956    14     0.000
1956    15     0.002
1956    16     0.010
1956    17     0.033
1956    18     0.084
1956    19     0.172
1956    20     0.301
1956    21     0.467
1956    22     0.653
1956    23     0.844
1956    24     1.030
1956    25     1.210
1956    26     1.375
1956    27     1.516
1956    28     1.638
1956    29     1.744
1956    30     1.840
1956    31     1.922
1956    32     1.990
1956    33     2.048
1956    34     2.100
1956    35     2.147
1956    36     2.185
1956    37     2.218
1956    38     2.246
1956    39     2.268
1956    40     2.287
1956    41     2.302
1956    42     2.315
1956    43     2.324
1956    44     2.331
1956    45     2.336
1956    46     2.340
1956    47     2.343
1956    48     2.344
1956    49     2.345
1956    50     2.345
1956    51     2.345
1956    52     2.345
1956    53     2.345
1956    54     2.345
1956    55     2.345
1957    12     0.000
1957    13     0.000
1957    14     0.000
1957    15     0.002
1957    16     0.010
1957    17     0.034
1957    18     0.087
1957    19     0.181
1957    20     0.315
1957    21     0.485
1957    22     0.672
1957    23     0.860
1957    24     1.042
1957    25     1.216
1957    26     1.375
1957    27     1.510
1957    28     1.624
1957    29     1.724
1957    30     1.812
1957    31     1.888
1957    32     1.950
1957    33     2.002
1957    34     2.048
1957    35     2.089
1957    36     2.122
1957    37     2.150
1957    38     2.173
1957    39     2.192
1957    40     2.206
1957    41     2.219
1957    42     2.229
1957    43     2.236
1957    44     2.242
1957    45     2.246
1957    46     2.249
1957    47     2.252
1957    48     2.253
1957    49     2.253
1957    50     2.254
1957    51     2.254
1957    52     2.254
1957    53     2.254
1957    54     2.254
1957    55     2.254
1958    12     0.000
1958    13     0.000
1958    14     0.000
1958    15     0.002
1958    16     0.010
1958    17     0.034
1958    18     0.088
1958    19     0.184
1958    20     0.321
1958    21     0.491
1958    22     0.675
1958    23     0.860
1958    24     1.038
1958    25     1.211
1958    26     1.368
1958    27     1.501
1958    28     1.615
1958    29     1.714
1958    30     1.803
1958    31     1.879
1958    32     1.942
1958    33     1.995
1958    34     2.040
1958    35     2.078
1958    36     2.109
1958    37     2.133
1958    38     2.154
1958    39     2.171
1958    40     2.185
1958    41     2.198
1958    42     2.208
1958    43     2.215
1958    44     2.221
1958    45     2.225
1958    46     2.227
1958    47     2.229
1958    48     2.230
1958    49     2.231
1958    50     2.231
1958    51     2.231
1958    52     2.231
1958    53     2.231
1958    54     2.231
1958    55     2.231
1959    12     0.000
1959    13     0.000
1959    14     0.000
1959    15     0.002
1959    16     0.011
1959    17     0.038
1959    18     0.100
1959    19     0.208
1959    20     0.360
1959    21     0.541
1959    22     0.731
1959    23     0.917
1959    24     1.094
1959    25     1.264
1959    26     1.419
1959    27     1.551
1959    28     1.662
1959    29     1.757
1959    30     1.841
1959    31     1.911
1959    32     1.969
1959    33     2.017
1959    34     2.058
1959    35     2.094
1959    36     2.123
1959    37     2.147
1959    38     2.167
1959    39     2.183
1959    40     2.196
1959    41     2.206
1959    42     2.214
1959    43     2.220
1959    44     2.224
1959    45     2.228
1959    46     2.231
1959    47     2.233
1959    48     2.234
1959    49     2.235
1959    50     2.235
1959    51     2.235
1959    52     2.235
1959    53     2.235
1959    54     2.235
1959    55     2.235
1960    12     0.000
1960    13     0.000
1960    14     0.000
1960    15     0.002
1960    16     0.010
1960    17     0.035
1960    18     0.100
1960    19     0.216
1960    20     0.382
1960    21     0.577
1960    22     0.775
1960    23     0.972
1960    24     1.152
1960    25     1.322
1960    26     1.473
1960    27     1.609
1960    28     1.726
1960    29     1.829
1960    30     1.918
1960    31     1.991
1960    32     2.050
1960    33     2.100
1960    34     2.142
1960    35     2.176
1960    36     2.204
1960    37     2.228
1960    38     2.246
1960    39     2.261
1960    40     2.274
1960    41     2.285
1960    42     2.293
1960    43     2.299
1960    44     2.304
1960    45     2.307
1960    46     2.309
1960    47     2.310
1960    48     2.311
1960    49     2.311
1960    50     2.311
1960    51     2.312
1960    52     2.312
1960    53     2.312
1960    54     2.312
1960    55     2.312
1961    12     0.000
1961    13     0.000
1961    14     0.000
1961    15     0.002
1961    16     0.010
1961    17     0.037
1961    18     0.100
1961    19     0.214
1961    20     0.378
1961    21     0.568
1961    22     0.765
1961    23     0.951
1961    24     1.133
1961    25     1.299
1961    26     1.456
1961    27     1.590
1961    28     1.711
1961    29     1.811
1961    30     1.899
1961    31     1.975
1961    32     2.035
1961    33     2.086
1961    34     2.127
1961    35     2.161
1961    36     2.189
1961    37     2.212
1961    38     2.230
1961    39     2.245
1961    40     2.257
1961    41     2.266
1961    42     2.273
1961    43     2.278
1961    44     2.283
1961    45     2.286
1961    46     2.288
1961    47     2.289
1961    48     2.289
1961    49     2.290
1961    50     2.290
1961    51     2.290
1961    52     2.291
1961    53     2.291
1961    54     2.291
1961    55     2.291
1962    12     0.000
1962    13     0.000
1962    14     0.000
1962    15     0.002
1962    16     0.009
1962    17     0.031
1962    18     0.093
1962    19     0.201
1962    20     0.362
1962    21     0.553
1962    22     0.745
1962    23     0.934
1962    24     1.109
1962    25     1.273
1962    26     1.424
1962    27     1.554
1962    28     1.668
1962    29     1.768
1962    30     1.853
1962    31     1.925
1962    32     1.987
1962    33     2.036
1962    34     2.077
1962    35     2.111
1962    36     2.140
1962    37     2.163
1962    38     2.181
1962    39     2.196
1962    40     2.207
1962    41     2.216
1962    42     2.224
1962    43     2.229
1962    44     2.233
1962    45     2.236
1962    46     2.238
1962    47     2.239
1962    48     2.240
1962    49     2.240
1962    50     2.241
1962    51     2.241
1962    52     2.241
1962    53     2.241
1962    54     2.241
1962    55     2.241
1963    12     0.000
1963    13     0.000
1963    14     0.000
1963    15     0.002
1963    16     0.009
1963    17     0.031
1963    18     0.088
1963    19     0.199
1963    20     0.359
1963    21     0.549
1963    22     0.744
1963    23     0.933
1963    24     1.108
1963    25     1.266
1963    26     1.414
1963    27     1.545
1963    28     1.661
1963    29     1.757
1963    30     1.841
1963    31     1.913
1963    32     1.971
1963    33     2.021
1963    34     2.060
1963    35     2.090
1963    36     2.117
1963    37     2.138
1963    38     2.156
1963    39     2.169
1963    40     2.181
1963    41     2.189
1963    42     2.196
1963    43     2.201
1963    44     2.204
1963    45     2.207
1963    46     2.208
1963    47     2.209
1963    48     2.210
1963    49     2.210
1963    50     2.210
1963    51     2.211
1963    52     2.211
1963    53     2.211
1963    54     2.211
1963    55     2.211
1964    12     0.000
1964    13     0.000
1964    14     0.000
1964    15     0.002
1964    16     0.009
1964    17     0.033
1964    18     0.089
1964    19     0.200
1964    20     0.365
1964    21     0.559
1964    22     0.759
1964    23     0.949
1964    24     1.125
1964    25     1.286
1964    26     1.426
1964    27     1.551
1964    28     1.659
1964    29     1.752
1964    30     1.830
1964    31     1.897
1964    32     1.952
1964    33     1.999
1964    34     2.038
1964    35     2.070
1964    36     2.094
1964    37     2.115
1964    38     2.132
1964    39     2.145
1964    40     2.155
1964    41     2.163
1964    42     2.169
1964    43     2.174
1964    44     2.177
1964    45     2.180
1964    46     2.181
1964    47     2.182
1964    48     2.183
1964    49     2.183
1964    50     2.183
1964    51     2.184
1964    52     2.184
1964    53     2.184
1964    54     2.184
1964    55     2.184
1965    12     0.000
1965    13     0.000
1965    14     0.000
1965    15     0.002
1965    16     0.011
1965    17     0.036
1965    18     0.093
1965    19     0.193
1965    20     0.348
1965    21     0.535
1965    22     0.724
1965    23     0.905
1965    24     1.077
1965    25     1.227
1965    26     1.365
1965    27     1.483
1965    28     1.589
1965    29     1.677
1965    30     1.753
1965    31     1.816
1965    32     1.868
1965    33     1.912
1965    34     1.947
1965    35     1.977
1965    36     2.000
1965    37     2.020
1965    38     2.037
1965    39     2.050
1965    40     2.061
1965    41     2.068
1965    42     2.074
1965    43     2.078
1965    44     2.081
1965    45     2.082
1965    46     2.084
1965    47     2.084
1965    48     2.085
1965    49     2.086
1965    50     2.086
1965    51     2.086
1965    52     2.086
1965    53     2.086
1965    54     2.086
1965    55     2.086
1966    12     0.000
1966    13     0.000
1966    14     0.000
1966    15     0.002
1966    16     0.011
1966    17     0.035
1966    18     0.090
1966    19     0.188
1966    20     0.334
1966    21     0.521
1966    22     0.713
1966    23     0.894
1966    24     1.055
1966    25     1.206
1966    26     1.340
1966    27     1.456
1966    28     1.559
1966    29     1.644
1966    30     1.715
1966    31     1.776
1966    32     1.826
1966    33     1.866
1966    34     1.898
1966    35     1.925
1966    36     1.950
1966    37     1.967
1966    38     1.982
1966    39     1.993
1966    40     2.002
1966    41     2.009
1966    42     2.014
1966    43     2.018
1966    44     2.020
1966    45     2.021
1966    46     2.022
1966    47     2.023
1966    48     2.024
1966    49     2.024
1966    50     2.024
1966    51     2.025
1966    52     2.025
1966    53     2.025
1966    54     2.025
1966    55     2.025
1967    12     0.000
1967    13     0.000
1967    14     0.000
1967    15     0.002
1967    16     0.011
1967    17     0.035
1967    18     0.091
1967    19     0.191
1967    20     0.340
1967    21     0.525
1967    22     0.718
1967    23     0.901
1967    24     1.068
1967    25     1.217
1967    26     1.351
1967    27     1.469
1967    28     1.569
1967    29     1.651
1967    30     1.723
1967    31     1.783
1967    32     1.831
1967    33     1.869
1967    34     1.902
1967    35     1.927
1967    36     1.949
1967    37     1.967
1967    38     1.981
1967    39     1.992
1967    40     2.000
1967    41     2.007
1967    42     2.012
1967    43     2.015
1967    44     2.017
1967    45     2.019
1967    46     2.020
1967    47     2.021
1967    48     2.021
1967    49     2.021
1967    50     2.022
1967    51     2.022
1967    52     2.022
1967    53     2.022
1967    54     2.022
1967    55     2.022
1968    12     0.000
1968    13     0.000
1968    14     0.000
1968    15     0.003
1968    16     0.013
1968    17     0.040
1968    18     0.097
1968    19     0.207
1968    20     0.369
1968    21     0.570
1968    22     0.777
1968    23     0.984
1968    24     1.176
1968    25     1.349
1968    26     1.502
1968    27     1.637
1968    28     1.756
1968    29     1.856
1968    30     1.939
1968    31     2.007
1968    32     2.061
1968    33     2.105
1968    34     2.140
1968    35     2.169
1968    36     2.192
1968    37     2.212
1968    38     2.226
1968    39     2.238
1968    40     2.247
1968    41     2.254
1968    42     2.259
1968    43     2.263
1968    44     2.265
1968    45     2.267
1968    46     2.267
1968    47     2.268
1968    48     2.268
1968    49     2.269
1968    50     2.269
1968    51     2.269
1968    52     2.269
1968    53     2.269
1968    54     2.269
1968    55     2.269
1969    12     0.000
1969    13     0.000
1969    14     0.000
1969    15     0.003
1969    16     0.012
1969    17     0.041
1969    18     0.098
1969    19     0.204
1969    20     0.363
1969    21     0.561
1969    22     0.771
1969    23     0.968
1969    24     1.158
1969    25     1.328
1969    26     1.482
1969    27     1.617
1969    28     1.740
1969    29     1.843
1969    30     1.929
1969    31     2.000
1969    32     2.057
1969    33     2.103
1969    34     2.140
1969    35     2.169
1969    36     2.192
1969    37     2.210
1969    38     2.226
1969    39     2.238
1969    40     2.248
1969    41     2.254
1969    42     2.258
1969    43     2.261
1969    44     2.264
1969    45     2.265
1969    46     2.266
1969    47     2.267
1969    48     2.267
1969    49     2.267
1969    50     2.267
1969    51     2.268
1969    52     2.268
1969    53     2.268
1969    54     2.268
1969    55     2.268
1970    12     0.000
1970    13     0.000
1970    14     0.000
1970    15     0.003
1970    16     0.013
1970    17     0.041
1970    18     0.100
1970    19     0.200
1970    20     0.355
1970    21     0.553
1970    22     0.757
1970    23     0.951
1970    24     1.132
1970    25     1.296
1970    26     1.441
1970    27     1.569
1970    28     1.680
1970    29     1.773
1970    30     1.854
1970    31     1.922
1970    32     1.975
1970    33     2.018
1970    34     2.054
1970    35     2.081
1970    36     2.104
1970    37     2.122
1970    38     2.135
1970    39     2.146
1970    40     2.155
1970    41     2.161
1970    42     2.165
1970    43     2.168
1970    44     2.170
1970    45     2.171
1970    46     2.171
1970    47     2.172
1970    48     2.172
1970    49     2.172
1970    50     2.172
1970    51     2.172
1970    52     2.172
1970    53     2.173
1970    54     2.173
1970    55     2.173
1971    12     0.000
1971    13     0.000
1971    14     0.000
1971    15     0.003
1971    16     0.014
1971    17     0.043
1971    18     0.101
1971    19     0.201
1971    20     0.352
1971    21     0.545
1971    22     0.749
1971    23     0.945
1971    24     1.122
1971    25     1.282
1971    26     1.421
1971    27     1.542
1971    28     1.644
1971    29     1.732
1971    30     1.805
1971    31     1.866
1971    32     1.918
1971    33     1.957
1971    34     1.990
1971    35     2.016
1971    36     2.037
1971    37     2.053
1971    38     2.066
1971    39     2.076
1971    40     2.084
1971    41     2.090
1971    42     2.094
1971    43     2.097
1971    44     2.099
1971    45     2.100
1971    46     2.101
1971    47     2.101
1971    48     2.101
1971    49     2.102
1971    50     2.102
1971    51     2.102
1971    52     2.102
1971    53     2.102
1971    54     2.102
1971    55     2.102
1972    12     0.000
1972    13     0.000
1972    14     0.000
1972    15     0.003
1972    16     0.014
1972    17     0.042
1972    18     0.096
1972    19     0.194
1972    20     0.345
1972    21     0.535
1972    22     0.732
1972    23     0.926
1972    24     1.094
1972    25     1.251
1972    26     1.385
1972    27     1.501
1972    28     1.598
1972    29     1.683
1972    30     1.752
1972    31     1.809
1972    32     1.855
1972    33     1.893
1972    34     1.923
1972    35     1.948
1972    36     1.968
1972    37     1.983
1972    38     1.995
1972    39     2.004
1972    40     2.011
1972    41     2.017
1972    42     2.021
1972    43     2.024
1972    44     2.025
1972    45     2.026
1972    46     2.027
1972    47     2.027
1972    48     2.027
1972    49     2.027
1972    50     2.027
1972    51     2.027
1972    52     2.028
1972    53     2.028
1972    54     2.028
1972    55     2.028
1973    12     0.000
1973    13     0.000
1973    14     0.000
1973    15     0.004
1973    16     0.015
1973    17     0.044
1973    18     0.101
1973    19     0.202
1973    20     0.363
1973    21     0.564
1973    22     0.776
1973    23     0.977
1973    24     1.165
1973    25     1.334
1973    26     1.480
1973    27     1.603
1973    28     1.709
1973    29     1.795
1973    30     1.868
1973    31     1.926
1973    32     1.973
1973    33     2.012
1973    34     2.041
1973    35     2.066
1973    36     2.087
1973    37     2.103
1973    38     2.115
1973    39     2.124
1973    40     2.132
1973    41     2.137
1973    42     2.141
1973    43     2.144
1973    44     2.146
1973    45     2.147
1973    46     2.147
1973    47     2.148
1973    48     2.148
1973    49     2.148
1973    50     2.148
1973    51     2.148
1973    52     2.148
1973    53     2.148
1973    54     2.148
1973    55     2.148
1974    12     0.000
1974    13     0.000
1974    14     0.000
1974    15     0.004
1974    16     0.015
1974    17     0.046
1974    18     0.104
1974    19     0.205
1974    20     0.369
1974    21     0.579
1974    22     0.795
1974    23     1.011
1974    24     1.213
1974    25     1.395
1974    26     1.555
1974    27     1.695
1974    28     1.811
1974    29     1.908
1974    30     1.987
1974    31     2.052
1974    32     2.105
1974    33     2.145
1974    34     2.178
1974    35     2.205
1974    36     2.227
1974    37     2.243
1974    38     2.256
1974    39     2.266
1974    40     2.273
1974    41     2.279
1974    42     2.283
1974    43     2.285
1974    44     2.287
1974    45     2.288
1974    46     2.288
1974    47     2.289
1974    48     2.289
1974    49     2.289
1974    50     2.289
1974    51     2.289
1974    52     2.289
1974    53     2.289
1974    54     2.289
1974    55     2.289
1975    12     0.000
1975    13     0.000
1975    14     0.000
1975    15     0.004
1975    16     0.015
1975    17     0.047
1975    18     0.107
1975    19     0.208
1975    20     0.372
1975    21     0.576
1975    22     0.791
1975    23     0.999
1975    24     1.192
1975    25     1.365
1975    26     1.520
1975    27     1.652
1975    28     1.764
1975    29     1.858
1975    30     1.934
1975    31     1.996
1975    32     2.047
1975    33     2.088
1975    34     2.120
1975    35     2.146
1975    36     2.165
1975    37     2.181
1975    38     2.194
1975    39     2.204
1975    40     2.211
1975    41     2.216
1975    42     2.219
1975    43     2.222
1975    44     2.224
1975    45     2.225
1975    46     2.225
1975    47     2.226
1975    48     2.226
1975    49     2.226
1975    50     2.226
1975    51     2.226
1975    52     2.226
1975    53     2.226
1975    54     2.226
1975    55     2.226
1976    12     0.000
1976    13     0.000
1976    14     0.000
1976    15     0.004
1976    16     0.016
1976    17     0.048
1976    18     0.108
1976    19     0.216
1976    20     0.390
1976    21     0.602
1976    22     0.826
1976    23     1.040
1976    24     1.231
1976    25     1.404
1976    26     1.553
1976    27     1.687
1976    28     1.795
1976    29     1.887
1976    30     1.962
1976    31     2.022
1976    32     2.069
1976    33     2.109
1976    34     2.140
1976    35     2.162
1976    36     2.183
1976    37     2.199
1976    38     2.211
1976    39     2.220
1976    40     2.228
1976    41     2.233
1976    42     2.237
1976    43     2.239
1976    44     2.240
1976    45     2.241
1976    46     2.242
1976    47     2.242
1976    48     2.242
1976    49     2.242
1976    50     2.242
1976    51     2.242
1976    52     2.242
1976    53     2.242
1976    54     2.243
1976    55     2.243
1977    12     0.000
1977    13     0.000
1977    14     0.000
1977    15     0.004
1977    16     0.016
1977    17     0.047
1977    18     0.108
1977    19     0.215
1977    20     0.393
1977    21     0.615
1977    22     0.840
1977    23     1.051
1977    24     1.243
1977    25     1.410
1977    26     1.554
1977    27     1.678
1977    28     1.784
1977    29     1.869
1977    30     1.941
1977    31     1.999
1977    32     2.044
1977    33     2.079
1977    34     2.108
1977    35     2.131
1977    36     2.150
1977    37     2.164
1977    38     2.176
1977    39     2.185
1977    40     2.192
1977    41     2.197
1977    42     2.200
1977    43     2.202
1977    44     2.204
1977    45     2.205
1977    46     2.205
1977    47     2.205
1977    48     2.205
1977    49     2.205
1977    50     2.206
1977    51     2.206
1977    52     2.206
1977    53     2.206
1977    54     2.206
1977    55     2.206
1978    12     0.000
1978    13     0.000
1978    14     0.001
1978    15     0.004
1978    16     0.017
1978    17     0.047
1978    18     0.105
1978    19     0.213
1978    20     0.392
1978    21     0.609
1978    22     0.834
1978    23     1.043
1978    24     1.233
1978    25     1.396
1978    26     1.538
1978    27     1.656
1978    28     1.753
1978    29     1.836
1978    30     1.903
1978    31     1.957
1978    32     1.999
1978    33     2.034
1978    34     2.060
1978    35     2.081
1978    36     2.098
1978    37     2.112
1978    38     2.122
1978    39     2.131
1978    40     2.137
1978    41     2.141
1978    42     2.144
1978    43     2.146
1978    44     2.147
1978    45     2.148
1978    46     2.148
1978    47     2.148
1978    48     2.148
1978    49     2.149
1978    50     2.149
1978    51     2.149
1978    52     2.149
1978    53     2.149
1978    54     2.149
1978    55     2.149
1979    12     0.000
1979    13     0.000
1979    14     0.001
1979    15     0.005
1979    16     0.019
1979    17     0.052
1979    18     0.112
1979    19     0.224
1979    20     0.405
1979    21     0.627
1979    22     0.852
1979    23     1.066
1979    24     1.256
1979    25     1.419
1979    26     1.559
1979    27     1.675
1979    28     1.772
1979    29     1.851
1979    30     1.917
1979    31     1.968
1979    32     2.012
1979    33     2.044
1979    34     2.071
1979    35     2.090
1979    36     2.106
1979    37     2.119
1979    38     2.128
1979    39     2.137
1979    40     2.143
1979    41     2.147
1979    42     2.150
1979    43     2.152
1979    44     2.153
1979    45     2.154
1979    46     2.155
1979    47     2.155
1979    48     2.155
1979    49     2.155
1979    50     2.155
1979    51     2.155
1979    52     2.155
1979    53     2.155
1979    54     2.155
1979    55     2.155
1980    12     0.000
1980    13     0.000
1980    14     0.001
1980    15     0.005
1980    16     0.018
1980    17     0.053
1980    18     0.112
1980    19     0.221
1980    20     0.401
1980    21     0.613
1980    22     0.830
1980    23     1.035
1980    24     1.212
1980    25     1.368
1980    26     1.500
1980    27     1.610
1980    28     1.700
1980    29     1.776
1980    30     1.834
1980    31     1.883
1980    32     1.921
1980    33     1.952
1980    34     1.975
1980    35     1.994
1980    36     2.008
1980    37     2.020
1980    38     2.029
1980    39     2.036
1980    40     2.042
1980    41     2.046
1980    42     2.049
1980    43     2.051
1980    44     2.052
1980    45     2.053
1980    46     2.053
1980    47     2.053
1980    48     2.053
1980    49     2.053
1980    50     2.054
1980    51     2.054
1980    52     2.054
1980    53     2.054
1980    54     2.054
1980    55     2.054
1981    12     0.000
1981    13     0.000
1981    14     0.001
1981    15     0.005
1981    16     0.017
1981    17     0.050
1981    18     0.111
1981    19     0.218
1981    20     0.387
1981    21     0.592
1981    22     0.804
1981    23     1.001
1981    24     1.177
1981    25     1.331
1981    26     1.460
1981    27     1.568
1981    28     1.654
1981    29     1.725
1981    30     1.782
1981    31     1.829
1981    32     1.868
1981    33     1.899
1981    34     1.924
1981    35     1.943
1981    36     1.958
1981    37     1.968
1981    38     1.978
1981    39     1.985
1981    40     1.992
1981    41     1.995
1981    42     1.999
1981    43     2.000
1981    44     2.001
1981    45     2.002
1981    46     2.002
1981    47     2.002
1981    48     2.002
1981    49     2.002
1981    50     2.003
1981    51     2.003
1981    52     2.003
1981    53     2.003
1981    54     2.003
1981    55     2.003
1982    12     0.000
1982    13     0.000
1982    14     0.001
1982    15     0.006
1982    16     0.024
1982    17     0.059
1982    18     0.123
1982    19     0.237
1982    20     0.414
1982    21     0.619
1982    22     0.824
1982    23     1.017
1982    24     1.190
1982    25     1.342
1982    26     1.473
1982    27     1.581
1982    28     1.669
1982    29     1.741
1982    30     1.798
1982    31     1.845
1982    32     1.882
1982    33     1.912
1982    34     1.936
1982    35     1.955
1982    36     1.969
1982    37     1.981
1982    38     1.990
1982    39     1.997
1982    40     2.002
1982    41     2.005
1982    42     2.008
1982    43     2.010
1982    44     2.011
1982    45     2.011
1982    46     2.012
1982    47     2.012
1982    48     2.012
1982    49     2.012
1982    50     2.012
1982    51     2.012
1982    52     2.012
1982    53     2.012
1982    54     2.012
1982    55     2.012
1983    12     0.000
1983    13     0.000
1983    14     0.001
1983    15     0.006
1983    16     0.021
1983    17     0.057
1983    18     0.119
1983    19     0.230
1983    20     0.405
1983    21     0.606
1983    22     0.809
1983    23     0.996
1983    24     1.169
1983    25     1.322
1983    26     1.453
1983    27     1.564
1983    28     1.652
1983    29     1.727
1983    30     1.786
1983    31     1.835
1983    32     1.874
1983    33     1.905
1983    34     1.929
1983    35     1.949
1983    36     1.964
1983    37     1.976
1983    38     1.984
1983    39     1.991
1983    40     1.996
1983    41     2.000
1983    42     2.002
1983    43     2.004
1983    44     2.005
1983    45     2.006
1983    46     2.006
1983    47     2.006
1983    48     2.006
1983    49     2.006
1983    50     2.006
1983    51     2.006
1983    52     2.006
1983    53     2.006
1983    54     2.006
1983    55     2.006
1984    12     0.000
1984    13     0.000
1984    14     0.001
1984    15     0.006
1984    16     0.021
1984    17     0.056
1984    18     0.118
1984    19     0.229
1984    20     0.406
1984    21     0.612
1984    22     0.811
1984    23     0.999
1984    24     1.168
1984    25     1.317
1984    26     1.447
1984    27     1.559
1984    28     1.650
1984    29     1.724
1984    30     1.785
1984    31     1.836
1984    32     1.875
1984    33     1.908
1984    34     1.932
1984    35     1.952
1984    36     1.966
1984    37     1.978
1984    38     1.987
1984    39     1.994
1984    40     1.999
1984    41     2.003
1984    42     2.005
1984    43     2.007
1984    44     2.008
1984    45     2.008
1984    46     2.009
1984    47     2.009
1984    48     2.009
1984    49     2.009
1984    50     2.009
1984    51     2.009
1984    52     2.009
1984    53     2.009
1984    54     2.009
1984    55     2.009
1985    12     0.000
1985    13     0.000
1985    14     0.001
1985    15     0.006
1985    16     0.023
1985    17     0.059
1985    18     0.122
1985    19     0.235
1985    20     0.404
1985    21     0.603
1985    22     0.802
1985    23     0.983
1985    24     1.149
1985    25     1.294
1985    26     1.423
1985    27     1.529
1985    28     1.621
1985    29     1.693
1985    30     1.754
1985    31     1.804
1985    32     1.843
1985    33     1.875
1985    34     1.901
1985    35     1.921
1985    36     1.936
1985    37     1.947
1985    38     1.956
1985    39     1.963
1985    40     1.968
1985    41     1.972
1985    42     1.975
1985    43     1.976
1985    44     1.977
1985    45     1.978
1985    46     1.978
1985    47     1.978
1985    48     1.978
1985    49     1.978
1985    50     1.978
1985    51     1.978
1985    52     1.978
1985    53     1.978
1985    54     1.978
1985    55     1.978
1986    12     0.000
1986    13     0.000
1986    14     0.001
1986    15     0.006
1986    16     0.020
1986    17     0.053
1986    18     0.117
1986    19     0.230
1986    20     0.405
1986    21     0.610
1986    22     0.814
1986    23     1.005
1986    24     1.174
1986    25     1.325
1986    26     1.453
1986    27     1.562
1986    28     1.653
1986    29     1.726
1986    30     1.787
1986    31     1.838
1986    32     1.879
1986    33     1.911
1986    34     1.937
1986    35     1.958
1986    36     1.973
1986    37     1.986
1986    38     1.996
1986    39     2.003
1986    40     2.009
1986    41     2.013
1986    42     2.016
1986    43     2.017
1986    44     2.018
1986    45     2.019
1986    46     2.019
1986    47     2.019
1986    48     2.019
1986    49     2.019
1986    50     2.019
1986    51     2.019
1986    52     2.019
1986    53     2.019
1986    54     2.019
1986    55     2.019
1987    12     0.000
1987    13     0.000
1987    14     0.001
1987    15     0.005
1987    16     0.020
1987    17     0.054
1987    18     0.113
1987    19     0.221
1987    20     0.391
1987    21     0.585
1987    22     0.786
1987    23     0.974
1987    24     1.142
1987    25     1.288
1987    26     1.413
1987    27     1.520
1987    28     1.609
1987    29     1.683
1987    30     1.743
1987    31     1.790
1987    32     1.829
1987    33     1.861
1987    34     1.886
1987    35     1.905
1987    36     1.921
1987    37     1.933
1987    38     1.942
1987    39     1.949
1987    40     1.955
1987    41     1.958
1987    42     1.961
1987    43     1.963
1987    44     1.964
1987    45     1.964
1987    46     1.965
1987    47     1.965
1987    48     1.965
1987    49     1.965
1987    50     1.965
1987    51     1.965
1987    52     1.965
1987    53     1.965
1987    54     1.965
1987    55     1.965
1988    12     0.000
1988    13     0.000
1988    14     0.001
1988    15     0.006
1988    16     0.021
1988    17     0.054
1988    18     0.113
1988    19     0.215
1988    20     0.384
1988    21     0.584
1988    22     0.785
1988    23     0.977
1988    24     1.147
1988    25     1.295
1988    26     1.421
1988    27     1.530
1988    28     1.620
1988    29     1.692
1988    30     1.751
1988    31     1.800
1988    32     1.838
1988    33     1.868
1988    34     1.893
1988    35     1.913
1988    36     1.928
1988    37     1.941
1988    38     1.950
1988    39     1.957
1988    40     1.962
1988    41     1.966
1988    42     1.968
1988    43     1.970
1988    44     1.971
1988    45     1.971
1988    46     1.971
1988    47     1.972
1988    48     1.972
1988    49     1.972
1988    50     1.972
1988    51     1.972
1988    52     1.972
1988    53     1.972
1988    54     1.972
1988    55     1.972
1989    12     0.000
1989    13     0.000
1989    14     0.001
1989    15     0.007
1989    16     0.023
1989    17     0.059
1989    18     0.118
1989    19     0.217
1989    20     0.376
1989    21     0.563
1989    22     0.759
1989    23     0.938
1989    24     1.103
1989    25     1.243
1989    26     1.362
1989    27     1.463
1989    28     1.546
1989    29     1.615
1989    30     1.673
1989    31     1.719
1989    32     1.755
1989    33     1.787
1989    34     1.811
1989    35     1.830
1989    36     1.845
1989    37     1.858
1989    38     1.868
1989    39     1.875
1989    40     1.880
1989    41     1.883
1989    42     1.886
1989    43     1.887
1989    44     1.888
1989    45     1.889
1989    46     1.889
1989    47     1.889
1989    48     1.889
1989    49     1.889
1989    50     1.889
1989    51     1.889
1989    52     1.889
1989    53     1.889
1989    54     1.889
1989    55     1.889
1990    12     0.000
1990    13     0.000
1990    14     0.001
1990    15     0.008
1990    16     0.024
1990    17     0.059
1990    18     0.120
1990    19     0.217
1990    20     0.368
1990    21     0.543
1990    22     0.724
1990    23     0.894
1990    24     1.045
1990    25     1.176
1990    26     1.288
1990    27     1.382
1990    28     1.462
1990    29     1.528
1990    30     1.581
1990    31     1.623
1990    32     1.658
1990    33     1.687
1990    34     1.710
1990    35     1.729
1990    36     1.745
1990    37     1.757
1990    38     1.766
1990    39     1.773
1990    40     1.778
1990    41     1.781
1990    42     1.784
1990    43     1.785
1990    44     1.786
1990    45     1.787
1990    46     1.787
1990    47     1.787
1990    48     1.787
1990    49     1.787
1990    50     1.787
1990    51     1.787
1990    52     1.787
1990    53     1.787
1990    54     1.787
1990    55     1.787
1991    12     0.000
1991    13     0.000
1991    14     0.002
1991    15     0.009
1991    16     0.029
1991    17     0.066
1991    18     0.127
1991    19     0.227
1991    20     0.373
1991    21     0.542
1991    22     0.707
1991    23     0.863
1991    24     0.998
1991    25     1.113
1991    26     1.211
1991    27     1.296
1991    28     1.364
1991    29     1.420
1991    30     1.465
1991    31     1.503
1991    32     1.533
1991    33     1.557
1991    34     1.578
1991    35     1.593
1991    36     1.607
1991    37     1.617
1991    38     1.625
1991    39     1.631
1991    40     1.636
1991    41     1.639
1991    42     1.641
1991    43     1.643
1991    44     1.644
1991    45     1.644
1991    46     1.644
1991    47     1.644
1991    48     1.644
1991    49     1.644
1991    50     1.644
1991    51     1.644
1991    52     1.644
1991    53     1.644
1991    54     1.644
1991    55     1.644
1992    12     0.000
1992    13     0.000
1992    14     0.002
1992    15     0.010
1992    16     0.030
1992    17     0.068
1992    18     0.129
1992    19     0.221
1992    20     0.358
1992    21     0.510
1992    22     0.664
1992    23     0.806
1992    24     0.931
1992    25     1.042
1992    26     1.136
1992    27     1.214
1992    28     1.276
1992    29     1.328
1992    30     1.371
1992    31     1.406
1992    32     1.434
1992    33     1.460
1992    34     1.478
1992    35     1.494
1992    36     1.506
1992    37     1.515
1992    38     1.523
1992    39     1.530
1992    40     1.534
1992    41     1.538
1992    42     1.540
1992    43     1.542
1992    44     1.543
1992    45     1.543
1992    46     1.543
1992    47     1.544
1992    48     1.544
1992    49     1.544
1992    50     1.544
1992    51     1.544
1992    52     1.544
1992    53     1.544
1992    54     1.544
1992    55     1.544
1993    12     0.000
1993    13     0.000
1993    14     0.002
1993    15     0.010
1993    16     0.031
1993    17     0.068
1993    18     0.126
1993    19     0.211
1993    20     0.335
1993    21     0.475
1993    22     0.614
1993    23     0.744
1993    24     0.863
1993    25     0.969
1993    26     1.062
1993    27     1.137
1993    28     1.199
1993    29     1.253
1993    30     1.294
1993    31     1.329
1993    32     1.357
1993    33     1.380
1993    34     1.399
1993    35     1.415
1993    36     1.427
1993    37     1.437
1993    38     1.444
1993    39     1.451
1993    40     1.456
1993    41     1.460
1993    42     1.462
1993    43     1.464
1993    44     1.465
1993    45     1.465
1993    46     1.465
1993    47     1.466
1993    48     1.466
1993    49     1.466
1993    50     1.466
1993    51     1.466
1993    52     1.466
1993    53     1.466
1993    54     1.466
1993    55     1.466
1994    12     0.000
1994    13     0.000
1994    14     0.002
1994    15     0.010
1994    16     0.029
1994    17     0.067
1994    18     0.121
1994    19     0.200
1994    20     0.306
1994    21     0.426
1994    22     0.552
1994    23     0.671
1994    24     0.783
1994    25     0.881
1994    26     0.969
1994    27     1.046
1994    28     1.111
1994    29     1.164
1994    30     1.208
1994    31     1.244
1994    32     1.272
1994    33     1.296
1994    34     1.314
1994    35     1.329
1994    36     1.342
1994    37     1.352
1994    38     1.360
1994    39     1.366
1994    40     1.370
1994    41     1.373
1994    42     1.375
1994    43     1.376
1994    44     1.377
1994    45     1.378
1994    46     1.378
1994    47     1.378
1994    48     1.378
1994    49     1.378
1994    50     1.378
1994    51     1.378
1994    52     1.378
1994    53     1.378
1994    54     1.378
1994    55     1.378
1995    12     0.000
1995    13     0.000
1995    14     0.001
1995    15     0.008
1995    16     0.026
1995    17     0.059
1995    18     0.106
1995    19     0.176
1995    20     0.270
1995    21     0.374
1995    22     0.481
1995    23     0.587
1995    24     0.686
1995    25     0.781
1995    26     0.864
1995    27     0.937
1995    28     0.997
1995    29     1.047
1995    30     1.088
1995    31     1.123
1995    32     1.149
1995    33     1.171
1995    34     1.188
1995    35     1.202
1995    36     1.214
1995    37     1.224
1995    38     1.231
1995    39     1.237
1995    40     1.241
1995    41     1.244
1995    42     1.246
1995    43     1.247
1995    44     1.248
1995    45     1.248
1995    46     1.248
1995    47     1.249
1995    48     1.249
1995    49     1.249
1995    50     1.249
1995    51     1.249
1995    52     1.249
1995    53     1.249
1995    54     1.249
1995    55     1.249
1996    12     0.000
1996    13     0.000
1996    14     0.002
1996    15     0.009
1996    16     0.026
1996    17     0.058
1996    18     0.106
1996    19     0.172
1996    20     0.259
1996    21     0.359
1996    22     0.464
1996    23     0.568
1996    24     0.668
1996    25     0.763
1996    26     0.849
1996    27     0.923
1996    28     0.988
1996    29     1.042
1996    30     1.088
1996    31     1.125
1996    32     1.153
1996    33     1.176
1996    34     1.194
1996    35     1.209
1996    36     1.221
1996    37     1.230
1996    38     1.238
1996    39     1.244
1996    40     1.248
1996    41     1.252
1996    42     1.254
1996    43     1.256
1996    44     1.256
1996    45     1.257
1996    46     1.257
1996    47     1.257
1996    48     1.257
1996    49     1.257
1996    50     1.257
1996    51     1.257
1996    52     1.257
1996    53     1.257
1996    54     1.257
1996    55     1.257
1997    12     0.000
1997    13     0.000
1997    14     0.001
1997    15     0.007
1997    16     0.022
1997    17     0.050
1997    18     0.091
1997    19     0.149
1997    20     0.229
1997    21     0.319
1997    22     0.409
1997    23     0.498
1997    24     0.585
1997    25     0.669
1997    26     0.747
1997    27     0.814
1997    28     0.872
1997    29     0.920
1997    30     0.961
1997    31     0.995
1997    32     1.024
1997    33     1.046
1997    34     1.062
1997    35     1.076
1997    36     1.089
1997    37     1.097
1997    38     1.105
1997    39     1.110
1997    40     1.114
1997    41     1.117
1997    42     1.119
1997    43     1.121
1997    44     1.121
1997    45     1.122
1997    46     1.122
1997    47     1.122
1997    48     1.122
1997    49     1.122
1997    50     1.122
1997    51     1.122
1997    52     1.122
1997    53     1.122
1997    54     1.122
1997    55     1.122
1998    12     0.000
1998    13     0.000
1998    14     0.001
1998    15     0.007
1998    16     0.022
1998    17     0.051
1998    18     0.092
1998    19     0.152
1998    20     0.229
1998    21     0.316
1998    22     0.404
1998    23     0.495
1998    24     0.584
1998    25     0.671
1998    26     0.752
1998    27     0.825
1998    28     0.887
1998    29     0.940
1998    30     0.982
1998    31     1.020
1998    32     1.051
1998    33     1.073
1998    34     1.093
1998    35     1.107
1998    36     1.118
1998    37     1.127
1998    38     1.134
1998    39     1.140
1998    40     1.144
1998    41     1.147
1998    42     1.149
1998    43     1.150
1998    44     1.151
1998    45     1.152
1998    46     1.152
1998    47     1.152
1998    48     1.152
1998    49     1.152
1998    50     1.152
1998    51     1.152
1998    52     1.152
1998    53     1.152
1998    54     1.152
1998    55     1.152
1999    12     0.000
1999    13     0.000
1999    14     0.001
1999    15     0.007
1999    16     0.024
1999    17     0.056
1999    18     0.101
1999    19     0.164
1999    20     0.250
1999    21     0.345
1999    22     0.440
1999    23     0.537
1999    24     0.633
1999    25     0.728
1999    26     0.819
1999    27     0.902
1999    28     0.973
1999    29     1.034
1999    30     1.087
1999    31     1.131
1999    32     1.165
1999    33     1.195
1999    34     1.216
1999    35     1.233
1999    36     1.246
1999    37     1.257
1999    38     1.264
1999    39     1.271
1999    40     1.276
1999    41     1.280
1999    42     1.282
1999    43     1.283
1999    44     1.284
1999    45     1.284
1999    46     1.284
1999    47     1.284
1999    48     1.284
1999    49     1.284
1999    50     1.284
1999    51     1.285
1999    52     1.285
1999    53     1.285
1999    54     1.285
1999    55     1.285
2000    12     0.000
2000    13     0.000
2000    14     0.001
2000    15     0.008
2000    16     0.024
2000    17     0.054
2000    18     0.099
2000    19     0.160
2000    20     0.240
2000    21     0.333
2000    22     0.429
2000    23     0.525
2000    24     0.621
2000    25     0.716
2000    26     0.808
2000    27     0.894
2000    28     0.972
2000    29     1.039
2000    30     1.098
2000    31     1.146
2000    32     1.184
2000    33     1.216
2000    34     1.242
2000    35     1.262
2000    36     1.277
2000    37     1.289
2000    38     1.300
2000    39     1.307
2000    40     1.312
2000    41     1.316
2000    42     1.318
2000    43     1.320
2000    44     1.321
2000    45     1.322
2000    46     1.322
2000    47     1.322
2000    48     1.322
2000    49     1.322
2000    50     1.322
2000    51     1.322
2000    52     1.322
2000    53     1.322
2000    54     1.322
2000    55     1.322
2001    12     0.000
2001    13     0.000
2001    14     0.001
2001    15     0.007
2001    16     0.023
2001    17     0.052
2001    18     0.093
2001    19     0.148
2001    20     0.222
2001    21     0.306
2001    22     0.394
2001    23     0.481
2001    24     0.568
2001    25     0.654
2001    26     0.739
2001    27     0.818
2001    28     0.893
2001    29     0.958
2001    30     1.013
2001    31     1.061
2001    32     1.100
2001    33     1.130
2001    34     1.157
2001    35     1.176
2001    36     1.192
2001    37     1.204
2001    38     1.214
2001    39     1.221
2001    40     1.226
2001    41     1.230
2001    42     1.232
2001    43     1.234
2001    44     1.235
2001    45     1.235
2001    46     1.236
2001    47     1.236
2001    48     1.236
2001    49     1.236
2001    50     1.236
2001    51     1.236
2001    52     1.236
2001    53     1.236
2001    54     1.236
2001    55     1.236
2002    12     0.000
2002    13     0.000
2002    14     0.001
2002    15     0.006
2002    16     0.021
2002    17     0.049
2002    18     0.087
2002    19     0.138
2002    20     0.208
2002    21     0.285
2002    22     0.369
2002    23     0.452
2002    24     0.536
2002    25     0.622
2002    26     0.708
2002    27     0.788
2002    28     0.861
2002    29     0.929
2002    30     0.987
2002    31     1.037
2002    32     1.078
2002    33     1.111
2002    34     1.137
2002    35     1.158
2002    36     1.175
2002    37     1.187
2002    38     1.196
2002    39     1.203
2002    40     1.208
2002    41     1.212
2002    42     1.214
2002    43     1.216
2002    44     1.217
2002    45     1.217
2002    46     1.217
2002    47     1.217
2002    48     1.217
2002    49     1.217
2002    50     1.217
2002    51     1.217
2002    52     1.217
2002    53     1.217
2002    54     1.217
2002    55     1.217
2003    12     0.000
2003    13     0.000
2003    14     0.001
2003    15     0.007
2003    16     0.021
2003    17     0.050
2003    18     0.090
2003    19     0.139
2003    20     0.204
2003    21     0.283
2003    22     0.362
2003    23     0.443
2003    24     0.527
2003    25     0.612
2003    26     0.698
2003    27     0.782
2003    28     0.857
2003    29     0.928
2003    30     0.991
2003    31     1.045
2003    32     1.091
2003    33     1.126
2003    34     1.157
2003    35     1.180
2003    36     1.199
2003    37     1.213
2003    38     1.224
2003    39     1.231
2003    40     1.237
2003    41     1.241
2003    42     1.243
2003    43     1.245
2003    44     1.246
2003    45     1.246
2003    46     1.246
2003    47     1.247
2003    48     1.247
2003    49     1.247
2003    50     1.247
2003    51     1.247
2003    52     1.247
2003    53     1.247
2003    54     1.247
2003    55     1.247
2004    12     0.000
2004    13     0.000
2004    14     0.001
2004    15     0.007
2004    16     0.024
2004    17     0.054
2004    18     0.095
2004    19     0.146
2004    20     0.212
2004    21     0.291
2004    22     0.371
2004    23     0.455
2004    24     0.542
2004    25     0.628
2004    26     0.716
2004    27     0.802
2004    28     0.882
2004    29     0.958
2004    30     1.024
2004    31     1.082
2004    32     1.134
2004    33     1.175
2004    34     1.208
2004    35     1.235
2004    36     1.255
2004    37     1.272
2004    38     1.284
2004    39     1.293
2004    40     1.298
2004    41     1.303
2004    42     1.306
2004    43     1.308
2004    44     1.309
2004    45     1.309
2004    46     1.309
2004    47     1.309
2004    48     1.309
2004    49     1.309
2004    50     1.309
2004    51     1.309
2004    52     1.309
2004    53     1.309
2004    54     1.309
2004    55     1.309
2005    12     0.000
2005    13     0.000
2005    14     0.001
2005    15     0.009
2005    16     0.027
2005    17     0.057
2005    18     0.097
2005    19     0.143
2005    20     0.203
2005    21     0.277
2005    22     0.358
2005    23     0.438
2005    24     0.523
2005    25     0.610
2005    26     0.698
2005    27     0.787
2005    28     0.873
2005    29     0.953
2005    30     1.025
2005    31     1.092
2005    32     1.148
2005    33     1.195
2005    34     1.234
2005    35     1.264
2005    36     1.289
2005    37     1.307
2005    38     1.319
2005    39     1.329
2005    40     1.336
2005    41     1.340
2005    42     1.343
2005    43     1.345
2005    44     1.346
2005    45     1.346
2005    46     1.347
2005    47     1.347
2005    48     1.347
2005    49     1.347
2005    50     1.347
2005    51     1.347
2005    52     1.347
2005    53     1.347
2005    54     1.347
2005    55     1.347
2006    12     0.000
2006    13     0.000
2006    14     0.002
2006    15     0.010
2006    16     0.029
2006    17     0.061
2006    18     0.103
2006    19     0.152
2006    20     0.212
2006    21     0.286
2006    22     0.367
2006    23     0.450
2006    24     0.537
2006    25     0.626
2006    26     0.717
2006    27     0.808
2006    28     0.898
2006    29     0.985
2006    30     1.063
2006    31     1.134
2006    32     1.197
2006    33     1.250
2006    34     1.293
2006    35     1.327
2006    36     1.355
2006    37     1.375
2006    38     1.390
2006    39     1.401
2006    40     1.409
2006    41     1.414
2006    42     1.418
2006    43     1.420
2006    44     1.421
2006    45     1.421
2006    46     1.421
2006    47     1.421
2006    48     1.422
2006    49     1.422
2006    50     1.422
2006    51     1.422
2006    52     1.422
2006    53     1.422
2006    54     1.422
2006    55     1.422
2007    12     0.000
2007    13     0.000
2007    14     0.002
2007    15     0.011
2007    16     0.030
2007    17     0.062
2007    18     0.107
2007    19     0.155
2007    20     0.215
2007    21     0.287
2007    22     0.365
2007    23     0.446
2007    24     0.534
2007    25     0.623
2007    26     0.717
2007    27     0.811
2007    28     0.904
2007    29     0.993
2007    30     1.074
2007    31     1.148
2007    32     1.216
2007    33     1.272
2007    34     1.321
2007    35     1.361
2007    36     1.392
2007    37     1.415
2007    38     1.433
2007    39     1.446
2007    40     1.455
2007    41     1.461
2007    42     1.465
2007    43     1.468
2007    44     1.469
2007    45     1.470
2007    46     1.470
2007    47     1.470
2007    48     1.470
2007    49     1.470
2007    50     1.470
2007    51     1.470
2007    52     1.470
2007    53     1.470
2007    54     1.470
2007    55     1.470
2008    12     0.000
2008    13     0.000
2008    14     0.003
2008    15     0.013
2008    16     0.034
2008    17     0.068
2008    18     0.113
2008    19     0.165
2008    20     0.227
2008    21     0.301
2008    22     0.380
2008    23     0.462
2008    24     0.550
2008    25     0.641
2008    26     0.737
2008    27     0.833
2008    28     0.928
2008    29     1.020
2008    30     1.106
2008    31     1.186
2008    32     1.261
2008    33     1.325
2008    34     1.378
2008    35     1.421
2008    36     1.456
2008    37     1.484
2008    38     1.502
2008    39     1.517
2008    40     1.527
2008    41     1.534
2008    42     1.538
2008    43     1.541
2008    44     1.542
2008    45     1.543
2008    46     1.543
2008    47     1.543
2008    48     1.544
2008    49     1.544
2008    50     1.544
2008    51     1.544
2008    52     1.544
2008    53     1.544
2008    54     1.544
2008    55     1.544
2009    12     0.000
2009    13     0.000
2009    14     0.003
2009    15     0.014
2009    16     0.039
2009    17     0.076
2009    18     0.124
2009    19     0.179
2009    20     0.244
2009    21     0.318
2009    22     0.399
2009    23     0.481
2009    24     0.569
2009    25     0.664
2009    26     0.763
2009    27     0.865
2009    28     0.965
2009    29     1.064
2009    30     1.154
2009    31     1.241
2009    32     1.318
2009    33     1.386
2009    34     1.445
2009    35     1.495
2009    36     1.536
2009    37     1.567
2009    38     1.591
2009    39     1.608
2009    40     1.620
2009    41     1.628
2009    42     1.634
2009    43     1.637
2009    44     1.638
2009    45     1.639
2009    46     1.640
2009    47     1.640
2009    48     1.640
2009    49     1.640
2009    50     1.640
2009    51     1.640
2009    52     1.640
2009    53     1.640
2009    54     1.640
2009    55     1.640
2010    12     0.000
2010    13     0.000
2010    14     0.002
2010    15     0.011
2010    16     0.034
2010    17     0.069
2010    18     0.111
2010    19     0.158
2010    20     0.215
2010    21     0.282
2010    22     0.350
2010    23     0.425
2010    24     0.505
2010    25     0.593
2010    26     0.685
2010    27     0.781
2010    28     0.877
2010    29     0.970
2010    30     1.060
2010    31     1.146
2010    32     1.223
2010    33     1.291
2010    34     1.350
2010    35     1.404
2010    36     1.446
2010    37     1.479
2010    38     1.504
2010    39     1.523
2010    40     1.536
2010    41     1.545
2010    42     1.551
2010    43     1.554
2010    44     1.556
2010    45     1.557
2010    46     1.557
2010    47     1.557
2010    48     1.557
2010    49     1.558
2010    50     1.558
2010    51     1.558
2010    52     1.558
2010    53     1.558
2010    54     1.558
2010    55     1.558
2011    12     0.000
2011    13     0.000
2011    14     0.002
2011    15     0.011
2011    16     0.033
2011    17     0.068
2011    18     0.112
2011    19     0.159
2011    20     0.215
2011    21     0.279
2011    22     0.345
2011    23     0.413
2011    24     0.486
2011    25     0.565
2011    26     0.652
2011    27     0.744
2011    28     0.834
2011    29     0.924
2011    30     1.011
2011    31     1.093
2011    32     1.165
2011    33     1.234
2011    34     1.293
2011    35     1.343
2011    36     1.383
2011    37     1.416
2011    38     1.442
2011    39     1.461
2011    40     1.475
2011    41     1.485
2011    42     1.491
2011    43     1.494
2011    44     1.496
2011    45     1.497
2011    46     1.498
2011    47     1.498
2011    48     1.498
2011    49     1.498
2011    50     1.498
2011    51     1.498
2011    52     1.498
2011    53     1.498
2011    54     1.498
2011    55     1.498
2012    12     0.000
2012    13     0.000
2012    14     0.002
2012    15     0.009
2012    16     0.030
2012    17     0.064
2012    18     0.109
2012    19     0.159
2012    20     0.216
2012    21     0.278
2012    22     0.344
2012    23     0.414
2012    24     0.486
2012    25     0.564
2012    26     0.651
2012    27     0.741
2012    28     0.833
2012    29     0.922
2012    30     1.008
2012    31     1.089
2012    32     1.162
2012    33     1.228
2012    34     1.286
2012    35     1.338
2012    36     1.381
2012    37     1.415
2012    38     1.441
2012    39     1.460
2012    40     1.475
2012    41     1.484
2012    42     1.490
2012    43     1.494
2012    44     1.496
2012    45     1.497
2012    46     1.497
2012    47     1.498
2012    48     1.498
2012    49     1.498
2012    50     1.498
2012    51     1.498
2012    52     1.498
2012    53     1.498
2012    54     1.498
2012    55     1.498
2013    12     0.000
2013    13     0.000
2013    14     0.002
2013    15     0.010
2013    16     0.029
2013    17     0.062
2013    18     0.107
2013    19     0.156
2013    20     0.215
2013    21     0.279
2013    22     0.346
2013    23     0.413
2013    24     0.485
2013    25     0.560
2013    26     0.642
2013    27     0.728
2013    28     0.818
2013    29     0.908
2013    30     0.993
2013    31     1.072
2013    32     1.147
2013    33     1.211
2013    34     1.268
2013    35     1.319
2013    36     1.360
2013    37     1.394
2013    38     1.420
2013    39     1.440
2013    40     1.455
2013    41     1.466
2013    42     1.471
2013    43     1.475
2013    44     1.478
2013    45     1.479
2013    46     1.479
2013    47     1.480
2013    48     1.480
2013    49     1.480
2013    50     1.480
2013    51     1.480
2013    52     1.480
2013    53     1.480
2013    54     1.480
2013    55     1.480
2014    12     0.000
2014    13     0.000
2014    14     0.002
2014    15     0.010
2014    16     0.031
2014    17     0.061
2014    18     0.105
2014    19     0.156
2014    20     0.215
2014    21     0.282
2014    22     0.348
2014    23     0.417
2014    24     0.490
2014    25     0.569
2014    26     0.652
2014    27     0.740
2014    28     0.829
2014    29     0.921
2014    30     1.009
2014    31     1.092
2014    32     1.169
2014    33     1.238
2014    34     1.299
2014    35     1.352
2014    36     1.399
2014    37     1.437
2014    38     1.466
2014    39     1.488
2014    40     1.505
2014    41     1.516
2014    42     1.523
2014    43     1.528
2014    44     1.530
2014    45     1.532
2014    46     1.533
2014    47     1.533
2014    48     1.533
2014    49     1.534
2014    50     1.534
2014    51     1.534
2014    52     1.534
2014    53     1.534
2014    54     1.534
2014    55     1.534
2015    12     0.000
2015    13     0.000
2015    14     0.001
2015    15     0.010
2015    16     0.030
2015    17     0.062
2015    18     0.102
2015    19     0.149
2015    20     0.207
2015    21     0.272
2015    22     0.339
2015    23     0.408
2015    24     0.480
2015    25     0.555
2015    26     0.637
2015    27     0.725
2015    28     0.814
2015    29     0.904
2015    30     0.994
2015    31     1.078
2015    32     1.158
2015    33     1.229
2015    34     1.290
2015    35     1.344
2015    36     1.389
2015    37     1.427
2015    38     1.458
2015    39     1.481
2015    40     1.498
2015    41     1.510
2015    42     1.518
2015    43     1.523
2015    44     1.525
2015    45     1.527
2015    46     1.528
2015    47     1.529
2015    48     1.530
2015    49     1.530
2015    50     1.530
2015    51     1.530
2015    52     1.530
2015    53     1.530
2015    54     1.530
2015    55     1.530
2016    12     0.000
2016    13     0.000
2016    14     0.002
2016    15     0.009
2016    16     0.029
2016    17     0.061
2016    18     0.103
2016    19     0.147
2016    20     0.201
2016    21     0.263
2016    22     0.328
2016    23     0.400
2016    24     0.474
2016    25     0.551
2016    26     0.636
2016    27     0.724
2016    28     0.813
2016    29     0.903
2016    30     0.993
2016    31     1.079
2016    32     1.159
2016    33     1.230
2016    34     1.294
2016    35     1.349
2016    36     1.395
2016    37     1.433
2016    38     1.465
2016    39     1.489
2016    40     1.507
2016    41     1.520
2016    42     1.529
2016    43     1.534
2016    44     1.537
2016    45     1.539
2016    46     1.541
2016    47     1.541
2016    48     1.542
2016    49     1.542
2016    50     1.543
2016    51     1.543
2016    52     1.543
2016    53     1.543
2016    54     1.543
2016    55     1.543
2017    12     0.000
2017    13     0.000
2017    14     0.001
2017    15     0.009
2017    16     0.027
2017    17     0.061
2017    18     0.103
2017    19     0.149
2017    20     0.201
2017    21     0.263
2017    22     0.331
2017    23     0.401
2017    24     0.476
2017    25     0.555
2017    26     0.639
2017    27     0.725
2017    28     0.816
2017    29     0.906
2017    30     0.997
2017    31     1.081
2017    32     1.161
2017    33     1.232
2017    34     1.298
2017    35     1.355
2017    36     1.404
2017    37     1.444
2017    38     1.477
2017    39     1.501
2017    40     1.520
2017    41     1.534
2017    42     1.544
2017    43     1.549
2017    44     1.554
2017    45     1.556
2017    46     1.557
2017    47     1.558
2017    48     1.559
2017    49     1.559
2017    50     1.559
2017    51     1.560
2017    52     1.560
2017    53     1.560
2017    54     1.560
2017    55     1.560
2018    12     0.000
2018    13     0.000
2018    14     0.002
2018    15     0.008
2018    16     0.026
2018    17     0.058
2018    18     0.101
2018    19     0.150
2018    20     0.201
2018    21     0.258
2018    22     0.322
2018    23     0.393
2018    24     0.466
2018    25     0.546
2018    26     0.631
2018    27     0.722
2018    28     0.812
2018    29     0.902
2018    30     0.989
2018    31     1.075
2018    32     1.156
2018    33     1.228
2018    34     1.293
2018    35     1.350
2018    36     1.397
2018    37     1.438
2018    38     1.472
2018    39     1.497
2018    40     1.517
2018    41     1.531
2018    42     1.541
2018    43     1.547
2018    44     1.551
2018    45     1.553
2018    46     1.555
2018    47     1.555
2018    48     1.556
2018    49     1.557
2018    50     1.557
2018    51     1.557
2018    52     1.557
2018    53     1.557
2018    54     1.558
2018    55     1.558
2019    12     0.000
2019    13     0.000
2019    14     0.001
2019    15     0.008
2019    16     0.027
2019    17     0.058
2019    18     0.098
2019    19     0.147
2019    20     0.204
2019    21     0.265
2019    22     0.327
2019    23     0.395
2019    24     0.467
2019    25     0.550
2019    26     0.636
2019    27     0.728
2019    28     0.822
2019    29     0.914
2019    30     1.005
2019    31     1.090
2019    32     1.172
2019    33     1.246
2019    34     1.312
2019    35     1.369
2019    36     1.418
2019    37     1.458
2019    38     1.493
2019    39     1.519
2019    40     1.540
2019    41     1.555
2019    42     1.565
2019    43     1.572
2019    44     1.576
2019    45     1.579
2019    46     1.581
2019    47     1.582
2019    48     1.582
2019    49     1.583
2019    50     1.583
2019    51     1.583
2019    52     1.584
2019    53     1.584
2019    54     1.584
2019    55     1.584
2020    12     0.000
2020    13     0.000
2020    14     0.001
2020    15     0.007
2020    16     0.024
2020    17     0.053
2020    18     0.094
2020    19     0.142
2020    20     0.197
2020    21     0.257
2020    22     0.318
2020    23     0.381
2020    24     0.451
2020    25     0.535
2020    26     0.623
2020    27     0.713
2020    28     0.807
2020    29     0.899
2020    30     0.985
2020    31     1.072
2020    32     1.149
2020    33     1.220
2020    34     1.284
2020    35     1.341
2020    36     1.392
2020    37     1.433
2020    38     1.466
2020    39     1.492
2020    40     1.512
2020    41     1.527
2020    42     1.538
2020    43     1.545
2020    44     1.549
2020    45     1.552
2020    46     1.553
2020    47     1.555
2020    48     1.556
2020    49     1.557
2020    50     1.557
2020    51     1.557
2020    52     1.557
2020    53     1.557
2020    54     1.558
2020    55     1.558
2021    12     0.000
2021    13     0.000
2021    14     0.001
2021    15     0.008
2021    16     0.025
2021    17     0.055
2021    18     0.095
2021    19     0.141
2021    20     0.193
2021    21     0.252
2021    22     0.316
2021    23     0.381
2021    24     0.452
2021    25     0.530
2021    26     0.616
2021    27     0.710
2021    28     0.808
2021    29     0.902
2021    30     0.990
2021    31     1.077
2021    32     1.159
2021    33     1.233
2021    34     1.300
2021    35     1.359
2021    36     1.409
2021    37     1.451
2021    38     1.485
2021    39     1.512
2021    40     1.532
2021    41     1.547
2021    42     1.559
2021    43     1.565
2021    44     1.570
2021    45     1.573
2021    46     1.574
2021    47     1.576
2021    48     1.576
2021    49     1.577
2021    50     1.578
2021    51     1.578
2021    52     1.578
2021    53     1.578
2021    54     1.578
2021    55     1.578
