Bulgaria, Census-based period fertility tables, birth orders 1 to 5+
Last modified: 01/12/2022
Year     x       w0x       m1x       q1x     l0x    b1x     L0x   Sb1x       w1x       m2x       q2x    l1x    b2x     L1x   Sb2x       w2x       m3x       q3x    l2x    b3x     L2x   Sb3x       w3x       m4x       q4x    l3x    b4x     L3x   Sb4x       w4x      m5px      q5px    l4x   b5px     L4x  Sb5px
2001    12-  1.00000   0.00010   0.00010   10000      1   10000      0   0.00000         .         .      0      0       0      0   0.00000         .         .      0      0       0      0   0.00000         .         .      0      0       0      0   0.00000         .         .      0      0       0      0
2001    13   0.99887   0.00121   0.00121    9999     12    9993      1   0.00109   0.03626   0.03561      1      0       7      0   0.00004         .         .      0      0       0      0   0.00000         .         .      0      0       0      0   0.00000         .         .      0      0       0      0
2001    14   0.99519   0.00590   0.00588    9987     59    9958     13   0.00462   0.03393   0.03337     13      1      42      0   0.00019   0.00000   0.00000      0      0       0      0   0.00000         .         .      0      0       0      0   0.00000         .         .      0      0       0      0
2001    15   0.98558   0.01483   0.01472    9928    146    9855     72   0.01356   0.07046   0.06807     70     10     141      2   0.00085   0.00000   0.00000      2      0       4      0   0.00001         .         .      0      0       0      0   0.00000         .         .      0      0       0      0
2001    16   0.96861   0.02695   0.02659    9782    260    9652    218   0.02845   0.11319   0.10712    206     37     325     12   0.00278   0.07782   0.07490     12      2      22      0   0.00016   0.00000   0.00000      0      0       0      0   0.00000         .         .      0      0       0      0
2001    17   0.94259   0.03472   0.03413    9522    325    9359    478   0.04977   0.14198   0.13256    430     80     564     48   0.00713   0.09098   0.08703     47      7      73      2   0.00048   0.03986   0.03908      2      0       4      0   0.00004         .         .      0      0       0      0
2001    18   0.90564   0.04710   0.04602    9197    423    8985    803   0.07844   0.14186   0.13247    675    119     841    128   0.01454   0.09759   0.09305    120     16     159      8   0.00128   0.07491   0.07220      8      1      14      0   0.00010   0.19476   0.17748      0      0       0      0
2001    19   0.85884   0.06372   0.06175    8774    542    8503   1226   0.11291   0.14207   0.13265    978    168    1184    248   0.02504   0.11532   0.10904    224     32     277     24   0.00293   0.06462   0.06260     23      2      34      1   0.00027   0.06968   0.06733      1      0       2      0
2001    20   0.80150   0.07530   0.07257    8232    597    7933   1768   0.15431   0.12006   0.11326   1352    189    1574    416   0.03832   0.11715   0.11067    360     49     417     56   0.00514   0.16271   0.15047     52     11      68      3   0.00072   0.07731   0.07444      3      1       7      0
2001    21   0.73584   0.08016   0.07707    7635    588    7340   2365   0.20046   0.10971   0.10400   1760    215    1963    605   0.05378   0.10331   0.09823    500     59     567    105   0.00852   0.11719   0.11070     90     13     110     15   0.00141   0.15450   0.14342     15      3      19      1
2001    22   0.67159   0.08356   0.08021    7046    565    6764   2954   0.24226   0.09503   0.09072   2133    220    2319    820   0.07119   0.08222   0.07897    657     60     728    163   0.01235   0.14148   0.13214    136     22     153     27   0.00261   0.15166   0.14097     27      6      36      4
2001    23   0.60592   0.08948   0.08565    6481    555    6204   3519   0.28079   0.08327   0.07994   2478    221    2657   1041   0.09329   0.06322   0.06128    818     56     892    223   0.01588   0.13234   0.12412    174     25     188     49   0.00412   0.19301   0.17602     49     12      60      9
2001    24   0.53532   0.09741   0.09289    5926    550    5651   4074   0.31995   0.07820   0.07525   2812    233    2981   1262   0.11928   0.04979   0.04858    983     53    1064    279   0.01957   0.11445   0.10825    206     25     218     74   0.00587   0.19225   0.17539     74     16      85     21
2001    25   0.46359   0.10694   0.10151    5375    546    5103   4625   0.35822   0.07123   0.06879   3129    235    3295   1495   0.14765   0.03718   0.03650   1163     46    1249    332   0.02287   0.10413   0.09897    234     25     243     99   0.00766   0.19372   0.17661     99     21     110     37
2001    26   0.39404   0.11109   0.10525    4830    508    4576   5170   0.38830   0.06877   0.06649   3440    246    3580   1730   0.18257   0.03014   0.02969   1351     44    1445    379   0.02558   0.07796   0.07504    255     21     265    124   0.00951   0.17355   0.15969    124     23     134     59
2001    27   0.33052   0.11718   0.11069    4321    478    4082   5679   0.40483   0.06606   0.06394   3702    253    3823   1976   0.22343   0.02306   0.02280   1554     38    1654    422   0.02928   0.08302   0.07971    278     24     284    145   0.01194   0.18090   0.16590    145     28     156     82
2001    28   0.27501   0.10860   0.10301    3843    396    3645   6157   0.40859   0.06258   0.06068   3928    251    4007   2229   0.26759   0.01787   0.01771   1768     33    1872    461   0.03452   0.06566   0.06357    292     20     299    169   0.01429   0.15073   0.14016    169     27     178    110
2001    29   0.22964   0.09928   0.09458    3447    326    3284   6553   0.40458   0.05890   0.05722   4073    243    4120   2479   0.31120   0.01284   0.01276   1985     27    2089    494   0.03865   0.05927   0.05756    306     18     310    188   0.01592   0.14989   0.13944    188     30     197    137
2001    30   0.19284   0.09794   0.09337    3121    291    2976   6879   0.39344   0.05360   0.05220   4157    225    4194   2722   0.35361   0.00974   0.00969   2201     22    2299    521   0.04286   0.04715   0.04606    314     15     318    206   0.01725   0.13207   0.12389    206     28     214    166
2001    31   0.16443   0.08812   0.08440    2830    239    2710   7170   0.37318   0.04475   0.04377   4223    190    4250   2947   0.39438   0.00919   0.00915   2404     23    2485    543   0.04870   0.02956   0.02913    322     10     328    221   0.01932   0.12767   0.12001    221     29     226    195
2001    32   0.14218   0.07172   0.06924    2591    179    2501   7409   0.34814   0.03926   0.03851   4272    168    4279   3137   0.43350   0.00750   0.00747   2571     20    2644    566   0.05446   0.02154   0.02131    335      7     341    231   0.02173   0.10799   0.10246    231     25     235    223
2001    33   0.12482   0.06954   0.06720    2412    162    2331   7588   0.32377   0.03457   0.03398   4283    148    4292   3305   0.46781   0.00599   0.00597   2719     17    2784    586   0.05967   0.02143   0.02121    347      8     352    239   0.02393   0.08912   0.08532    239     22     242    249
2001    34   0.11171   0.05360   0.05220    2249    117    2191   7751   0.30144   0.02658   0.02623   4297    114    4299   3453   0.49542   0.00459   0.00458   2851     13    2901    603   0.06538   0.01884   0.01866    357      7     360    246   0.02604   0.09305   0.08891    246     23     249    270
2001    35   0.10039   0.05175   0.05044    2132    108    2078   7868   0.27930   0.02021   0.02001   4300     87    4311   3568   0.52169   0.00395   0.00394   2952     12    2989    616   0.07087   0.01560   0.01548    363      6     366    253   0.02774   0.06052   0.05874    253     15     256    294
2001    36   0.09016   0.04377   0.04283    2025     87    1981   7975   0.26125   0.01421   0.01411   4321     62    4334   3655   0.54373   0.00322   0.00321   3027     10    3053    628   0.07567   0.01121   0.01114    369      4     372    259   0.02920   0.05405   0.05263    259     14     261    309
2001    37   0.08335   0.03889   0.03815    1938     74    1901   8062   0.24922   0.01293   0.01285   4346     56    4355   3716   0.55828   0.00334   0.00333   3079     10    3102    638   0.07957   0.00969   0.00964    375      4     378    263   0.02958   0.04626   0.04522    263     12     265    323
2001    38   0.07782   0.02662   0.02628    1864     49    1839   8136   0.23884   0.00726   0.00723   4363     32    4372   3773   0.57042   0.00212   0.00211   3125      7    3137    648   0.08255   0.00986   0.00981    382      4     383    266   0.03037   0.03491   0.03431    266      9     268    335
2001    39   0.07259   0.02279   0.02253    1815     41    1794   8185   0.22887   0.00562   0.00561   4381     25    4389   3804   0.58208   0.00155   0.00155   3150      5    3160    655   0.08498   0.00478   0.00477    384      2     386    270   0.03149   0.02757   0.02719    270      7     271    345
2001    40   0.06882   0.01457   0.01447    1774     26    1761   8226   0.21923   0.00424   0.00423   4397     19    4400   3829   0.59228   0.00145   0.00145   3170      5    3177    659   0.08746   0.00524   0.00522    387      2     389    272   0.03220   0.01878   0.01860    272      5     273    352
2001    41   0.06440   0.00950   0.00945    1748     17    1740   8252   0.21240   0.00218   0.00218   4404     10    4407   3848   0.59932   0.00059   0.00059   3184      2    3188    664   0.09063   0.00370   0.00369    390      1     390    274   0.03324   0.01288   0.01280    274      4     275    357
2001    42   0.06063   0.00807   0.00804    1732     14    1725   8268   0.20883   0.00122   0.00121   4411      5    4415   3857   0.60215   0.00060   0.00060   3191      2    3193    666   0.09395   0.00233   0.00232    390      1     391    275   0.03444   0.01005   0.01000    275      3     276    361
2001    43   0.05815   0.00373   0.00372    1718      6    1715   8282   0.20678   0.00122   0.00122   4419      5    4420   3863   0.60288   0.00042   0.00042   3195      1    3197    668   0.09626   0.00151   0.00151    392      1     392    276   0.03593   0.00253   0.00253    276      1     277    364
2001    44   0.05615   0.00158   0.00158    1712      3    1710   8288   0.20497   0.00017   0.00017   4420      1    4421   3868   0.60690   0.00021   0.00021   3199      1    3199    669   0.09666   0.00018   0.00018    392      0     393    277   0.03532   0.00101   0.00101    277      0     277    364
2001    45   0.05440   0.00063   0.00063    1709      1    1708   8291   0.20114   0.00026   0.00026   4422      1    4422   3869   0.61263   0.00000   0.00000   3199      0    3200    670   0.09664   0.00018   0.00018    393      0     393    277   0.03519   0.00099   0.00099    277      0     277    365
2001    46   0.05302   0.00131   0.00130    1708      2    1707   8292   0.19925   0.00026   0.00026   4422      1    4423   3870   0.61465   0.00003   0.00003   3200      0    3201    670   0.09703   0.00000   0.00000    393      0     393    277   0.03606   0.00049   0.00049    277      0     277    365
2001    47   0.05169   0.00034   0.00034    1706      1    1705   8294   0.19942   0.00009   0.00009   4423      0    4423   3871   0.61645   0.00000   0.00000   3201      0    3201    670   0.09713   0.00000   0.00000    393      0     393    277   0.03531   0.00000   0.00000    277      0     277    365
2001    48   0.05042   0.00000   0.00000    1705      0    1705   8295   0.19860   0.00000   0.00000   4423      0    4423   3872   0.61673   0.00000   0.00000   3202      0    3202    670   0.09863   0.00000   0.00000    393      0     393    277   0.03563   0.00000   0.00000    277      0     277    365
2001    49   0.04964   0.00071   0.00071    1705      1    1704   8295   0.19714   0.00000   0.00000   4423      0    4424   3872   0.61784   0.00000   0.00000   3202      0    3202    670   0.09933   0.00018   0.00018    393      0     393    277   0.03605   0.00000   0.00000    277      0     277    365
2001    50   0.04840   0.00000   0.00000    1704      0    1704   8296   0.19608   0.00000   0.00000   4425      0    4425   3872   0.62173   0.00000   0.00000   3202      0    3202    670   0.09800   0.00017   0.00017    393      0     393    277   0.03580   0.00000   0.00000    277      0     277    365
2001    51   0.04590   0.00000   0.00000    1704      0    1704   8296   0.19398   0.00000   0.00000   4425      0    4425   3872   0.62552   0.00000   0.00000   3202      0    3202    670   0.09875   0.00000   0.00000    393      0     393    277   0.03585   0.00000   0.00000    277      0     277    365
2001    52   0.04496   0.00000   0.00000    1704      0    1704   8296   0.19534   0.00000   0.00000   4425      0    4425   3872   0.62566   0.00000   0.00000   3202      0    3202    670   0.09891   0.00000   0.00000    393      0     393    277   0.03514   0.00000   0.00000    277      0     277    365
2001    53   0.04566   0.00000   0.00000    1704      0    1704   8296   0.19940   0.00000   0.00000   4425      0    4425   3872   0.62547   0.00000   0.00000   3202      0    3202    670   0.09562   0.00000   0.00000    393      0     393    277   0.03385   0.00000   0.00000    277      0     277    365
2001    54   0.04575   0.00000   0.00000    1704      0    1704   8296   0.20302   0.00000   0.00000   4425      0    4425   3872   0.62392   0.00000   0.00000   3202      0    3202    670   0.09385   0.00000   0.00000    393      0     393    277   0.03346   0.00000   0.00000    277      0     277    365
2001    55+  0.04562   0.00000   0.00000    1704      0    1704   8296   0.20529   0.00000   0.00000   4425      0    4425   3872   0.62078   0.00000   0.00000   3202      0    3202    670   0.09451   0.00000   0.00000    393      0     393    277   0.03381   0.00000   0.00000    277      0     277    365
2011    12-  1.00000   0.00016   0.00016   10000      2    9999      0   0.00000         .         .      0      0       1      0   0.00000         .         .      0      0       0      0   0.00000         .         .      0      0       0      0   0.00000         .         .      0      0       0      0
2011    13   0.99614   0.00203   0.00203    9998     20    9988      2   0.00372   0.00000   0.00000      2      0      12      0   0.00012         .         .      0      0       0      0   0.00001         .         .      0      0       0      0   0.00000         .         .      0      0       0      0
2011    14   0.98738   0.00879   0.00875    9978     87    9934     22   0.01078   0.03700   0.03632     22      2      65      0   0.00172   0.00000   0.00000      0      0       0      0   0.00013         .         .      0      0       0      0   0.00000         .         .      0      0       0      0
2011    15   0.95877   0.02072   0.02051    9891    203    9789    109   0.03685   0.05176   0.05045    107     11     205      2   0.00406   0.03920   0.03845      2      0       5      0   0.00030   0.00000   0.00000      0      0       0      0   0.00002         .         .      0      0       0      0
2011    16   0.92437   0.03111   0.03064    9688    297    9540    312   0.06765   0.08619   0.08263    299     37     435     13   0.00745   0.03242   0.03190     13      1      25      0   0.00047   0.00000   0.00000      0      0       0      0   0.00005         .         .      0      0       0      0
2011    17   0.90138   0.03537   0.03476    9391    326    9228    609   0.08400   0.13061   0.12260    558     90     687     51   0.01328   0.09857   0.09394     50      8      81      1   0.00117   0.02390   0.02361      1      0       3      0   0.00016   0.00000   0.00000      0      0       0      0
2011    18   0.87792   0.03485   0.03426    9065    311    8909    935   0.09833   0.13833   0.12938    795    124     899    140   0.02108   0.09489   0.09059    131     17     177      9   0.00234   0.09015   0.08626      9      1      15      0   0.00033   0.07860   0.07562      0      0       0      0
2011    19   0.85257   0.04005   0.03926    8754    344    8582   1246   0.11260   0.15130   0.14066    981    164    1084    265   0.02994   0.14123   0.13192    239     41     292     26   0.00421   0.10096   0.09611     24      4      39      1   0.00068   0.07428   0.07162      1      0       3      0
2011    20   0.82097   0.04946   0.04827    8411    406    8208   1589   0.13133   0.13726   0.12844   1161    177    1289    429   0.03932   0.11941   0.11269    362     50     416     67   0.00699   0.18936   0.17298     62     15      77      5   0.00139   0.09842   0.09381      5      1      11      0
2011    21   0.78383   0.04931   0.04812    8005    385    7812   1995   0.15537   0.12376   0.11655   1390    186    1501    606   0.04878   0.11966   0.11290    489     65     542    117   0.00961   0.17720   0.16278     97     21     117     20   0.00242   0.15156   0.14089     20      4      28      1
2011    22   0.74194   0.05524   0.05376    7619    410    7415   2381   0.18319   0.09908   0.09440   1589    170    1719    791   0.05863   0.09848   0.09386    610     65     656    182   0.01271   0.16571   0.15303    141     26     159     41   0.00353   0.24236   0.21616     41     12      51      5
2011    23   0.69548   0.06348   0.06152    7210    444    6988   2790   0.21457   0.09294   0.08881   1829    183    1969    962   0.06954   0.07667   0.07384    716     59     770    246   0.01544   0.15713   0.14568    179     30     193     67   0.00496   0.23611   0.21118     67     19      80     18
2011    24   0.64422   0.07475   0.07205    6766    488    6522   3234   0.24586   0.08650   0.08291   2089    194    2246   1145   0.08532   0.06319   0.06126    839     57     900    305   0.01765   0.13606   0.12739    208     30     221     97   0.00695   0.20024   0.18202     97     22     110     37
2011    25   0.58459   0.09043   0.08652    6279    543    6007   3721   0.27791   0.08841   0.08467   2382    226    2553   1339   0.10728   0.05101   0.04974    977     54    1053    362   0.02102   0.12577   0.11832    235     31     245    127   0.00919   0.17677   0.16242    127     25     141     59
2011    26   0.52321   0.10419   0.09903    5735    568    5451   4265   0.31264   0.08856   0.08481   2700    254    2869   1565   0.13006   0.04186   0.04100   1149     52    1240    416   0.02366   0.11102   0.10518    258     30     268    158   0.01042   0.17563   0.16145    158     30     172     84
2011    27   0.46153   0.11187   0.10595    5167    547    4894   4833   0.34428   0.08123   0.07806   3014    257    3170   1819   0.15572   0.03490   0.03430   1351     50    1446    468   0.02622   0.10046   0.09565    280     29     290    188   0.01225   0.17549   0.16133    188     35     201    114
2011    28   0.40417   0.11559   0.10928    4620    505    4368   5380   0.36525   0.08795   0.08424   3304    301    3417   2076   0.18581   0.03260   0.03208   1558     55    1672    518   0.02995   0.08439   0.08097    301     27     314    217   0.01482   0.17340   0.15957    217     40     229    149
2011    29   0.35562   0.12114   0.11422    4115    470    3880   5885   0.37785   0.09009   0.08620   3508    324    3592   2377   0.21815   0.02302   0.02276   1804     45    1935    573   0.03252   0.05696   0.05538    329     19     341    243   0.01586   0.17717   0.16276    243     45     253    189
2011    30   0.31148   0.12128   0.11434    3645    417    3437   6355   0.38648   0.09073   0.08680   3654    336    3704   2700   0.25061   0.02023   0.02003   2083     45    2221    617   0.03441   0.05295   0.05159    355     19     366    263   0.01702   0.17637   0.16208    263     48     272    234
2011    31   0.27488   0.11355   0.10745    3228    347    3055   6772   0.38994   0.08251   0.07924   3735    310    3761   3037   0.28006   0.01588   0.01576   2374     40    2504    662   0.03652   0.04776   0.04664    380     19     390    282   0.01859   0.12076   0.11388    282     35     291    282
2011    32   0.24620   0.11210   0.10615    2881    306    2728   7119   0.38848   0.08338   0.08004   3772    315    3774   3347   0.30810   0.01409   0.01399   2645     39    2777    702   0.03790   0.04220   0.04133    401     17     411    301   0.01932   0.14099   0.13170    301     44     309    317
2011    33   0.22395   0.09770   0.09315    2576    240    2456   7424   0.38300   0.07594   0.07316   3763    284    3745   3661   0.33337   0.01479   0.01468   2920     45    3037    741   0.03990   0.03211   0.03161    423     14     438    318   0.01977   0.10928   0.10362    318     36     325    360
2011    34   0.20610   0.08452   0.08109    2336    189    2241   7664   0.37867   0.06733   0.06514   3718    249    3692   3946   0.35241   0.01228   0.01221   3160     40    3262    786   0.04245   0.02595   0.02561    454     12     467    332   0.02036   0.08800   0.08429    332     30     338    396
2011    35   0.18895   0.07315   0.07056    2146    151    2071   7854   0.37811   0.05353   0.05214   3659    195    3640   4194   0.36928   0.00937   0.00933   3368     32    3448    826   0.04372   0.01990   0.01971    482     10     493    344   0.01995   0.08169   0.07849    344     29     349    426
2011    36   0.17297   0.06071   0.05892    1995    118    1936   8005   0.37633   0.04302   0.04211   3616    155    3598   4389   0.38612   0.00900   0.00896   3531     32    3591    858   0.04454   0.02220   0.02195    504     11     515    354   0.02004   0.08039   0.07728    354     29     360    454
2011    37   0.16002   0.05349   0.05210    1877     98    1828   8123   0.37188   0.03305   0.03251   3579    118    3569   4544   0.40020   0.00739   0.00736   3653     27    3698    891   0.04640   0.01282   0.01274    525      7     535    366   0.02151   0.08635   0.08278    366     32     369    483
2011    38   0.14983   0.04423   0.04327    1779     77    1741   8221   0.36582   0.02153   0.02130   3558     77    3559   4662   0.41211   0.00631   0.00629   3744     24    3770    918   0.04933   0.01167   0.01160    546      6     554    372   0.02291   0.05633   0.05479    372     21     376    515
2011    39   0.14029   0.03338   0.03283    1702     56    1675   8298   0.36226   0.01567   0.01555   3559     56    3559   4739   0.42281   0.00484   0.00483   3797     18    3815    942   0.05200   0.00937   0.00932    563      5     569    379   0.02264   0.04928   0.04809    379     19     382    536
2011    40   0.13134   0.02424   0.02395    1647     39    1627   8353   0.35717   0.01073   0.01067   3559     38    3560   4794   0.43539   0.00312   0.00311   3834     12    3847    960   0.05376   0.00549   0.00547    576      3     580    384   0.02233   0.04139   0.04055    384     16     386    555
2011    41   0.12416   0.01505   0.01494    1607     24    1595   8393   0.34859   0.00564   0.00562   3560     20    3562   4833   0.44828   0.00185   0.00185   3860      7    3867    972   0.05561   0.00693   0.00691    585      4     586    387   0.02335   0.02973   0.02929    387     12     389    571
2011    42   0.11807   0.01114   0.01108    1583     18    1574   8417   0.33566   0.00409   0.00408   3564     15    3566   4853   0.46384   0.00095   0.00095   3873      4    3879    979   0.05836   0.00163   0.00163    588      1     589    391   0.02407   0.01268   0.01260    391      5     392    582
2011    43   0.11167   0.00571   0.00569    1566      9    1561   8434   0.31886   0.00193   0.00193   3567      7    3568   4867   0.48274   0.00075   0.00075   3884      3    3886    983   0.06180   0.00138   0.00138    591      1     592    392   0.02493   0.00853   0.00849    392      3     393    587
2011    44   0.10791   0.00351   0.00351    1557      5    1554   8443   0.30168   0.00118   0.00118   3569      4    3570   4874   0.50009   0.00022   0.00022   3888      1    3890    986   0.06456   0.00000   0.00000    593      0     593    393   0.02576   0.00519   0.00518    393      2     393    591
2011    45   0.10550   0.00257   0.00256    1551      4    1549   8449   0.28338   0.00040   0.00040   3570      1    3572   4878   0.51742   0.00022   0.00022   3892      1    3892    987   0.06737   0.00034   0.00034    594      0     594    393   0.02633   0.00343   0.00342    393      1     393    593
2011    46   0.10042   0.00230   0.00229    1547      4    1545   8453   0.26814   0.00023   0.00023   3573      1    3574   4880   0.53269   0.00012   0.00012   3892      0    3892    988   0.07132   0.00000   0.00000    594      0     595    393   0.02744   0.00000   0.00000    393      0     393    594
2011    47   0.09635   0.00064   0.00064    1544      1    1543   8456   0.25785   0.00000   0.00000   3576      0    3576   4881   0.54469   0.00000   0.00000   3892      0    3892    988   0.07349   0.00000   0.00000    595      0     595    393   0.02762   0.00000   0.00000    393      0     393    594
2011    48   0.09347   0.00108   0.00108    1543      2    1542   8457   0.24766   0.00016   0.00016   3577      1    3577   4881   0.55562   0.00000   0.00000   3892      0    3893    988   0.07543   0.00000   0.00000    595      0     595    393   0.02782   0.00000   0.00000    393      0     393    594
2011    49   0.09066   0.00065   0.00065    1541      1    1541   8459   0.23669   0.00000   0.00000   3578      0    3578   4881   0.56641   0.00000   0.00000   3893      0    3893    988   0.07770   0.00000   0.00000    595      0     595    393   0.02854   0.00000   0.00000    393      0     393    594
2011    50   0.08757   0.00000   0.00000    1540      0    1540   8460   0.22704   0.00009   0.00009   3579      0    3579   4881   0.57635   0.00000   0.00000   3893      0    3893    988   0.07993   0.00000   0.00000    595      0     595    393   0.02911   0.00000   0.00000    393      0     393    594
2011    51   0.08385   0.00024   0.00024    1540      0    1540   8460   0.22026   0.00000   0.00000   3578      0    3579   4882   0.58156   0.00000   0.00000   3893      0    3893    988   0.08394   0.00000   0.00000    595      0     595    393   0.03038   0.00000   0.00000    393      0     393    594
2011    52   0.08045   0.00000   0.00000    1540      0    1540   8460   0.21568   0.00000   0.00000   3579      0    3579   4882   0.58474   0.00000   0.00000   3893      0    3893    988   0.08721   0.00000   0.00000    595      0     595    393   0.03191   0.00000   0.00000    393      0     393    594
2011    53   0.07686   0.00025   0.00025    1540      0    1539   8460   0.21147   0.00009   0.00009   3579      0    3579   4882   0.58898   0.00000   0.00000   3893      0    3894    988   0.08980   0.00000   0.00000    595      0     595    393   0.03288   0.00000   0.00000    393      0     393    594
2011    54   0.07462   0.00000   0.00000    1539      0    1539   8461   0.20765   0.00000   0.00000   3579      0    3579   4882   0.59443   0.00000   0.00000   3894      0    3894    988   0.09101   0.00000   0.00000    595      0     595    393   0.03230   0.00000   0.00000    393      0     393    594
2011    55+  0.07402   0.00000   0.00000    1539      0    1539   8461   0.20517   0.00000   0.00000   3579      0    3579   4882   0.59844   0.00000   0.00000   3894      0    3894    988   0.09062   0.00000   0.00000    595      0     595    393   0.03175   0.00000   0.00000    393      0     393    594
