Austria, Period fertility rates by calendar year and age (Lexis squares, age in completed years (ACY))
Last modified: 05/08/2021
Year    Age        ASFR
1951     12-    0.00000
1951     13     0.00000
1951     14     0.00037
1951     15     0.00150
1951     16     0.00846
1951     17     0.02615
1951     18     0.05113
1951     19     0.07838
1951     20     0.10010
1951     21     0.11041
1951     22     0.11919
1951     23     0.12044
1951     24     0.12267
1951     25     0.12121
1951     26     0.11673
1951     27     0.11540
1951     28     0.10743
1951     29     0.10672
1951     30     0.09880
1951     31     0.08850
1951     32     0.07601
1951     33     0.06957
1951     34     0.06326
1951     35     0.05725
1951     36     0.05347
1951     37     0.04687
1951     38     0.04035
1951     39     0.03363
1951     40     0.02779
1951     41     0.02074
1951     42     0.01533
1951     43     0.01030
1951     44     0.00595
1951     45     0.00343
1951     46     0.00168
1951     47     0.00088
1951     48     0.00039
1951     49     0.00017
1951     50     0.00017
1951     51     0.00007
1951     52     0.00000
1951     53     0.00000
1951     54     0.00000
1951     55+    0.00000
1952     12-    0.00000
1952     13     0.00004
1952     14     0.00038
1952     15     0.00171
1952     16     0.00816
1952     17     0.02519
1952     18     0.05052
1952     19     0.08222
1952     20     0.10226
1952     21     0.11361
1952     22     0.12334
1952     23     0.12349
1952     24     0.12821
1952     25     0.12386
1952     26     0.12439
1952     27     0.11792
1952     28     0.11027
1952     29     0.10458
1952     30     0.09904
1952     31     0.08923
1952     32     0.08245
1952     33     0.07272
1952     34     0.06523
1952     35     0.05612
1952     36     0.05141
1952     37     0.04749
1952     38     0.03974
1952     39     0.03339
1952     40     0.02579
1952     41     0.02156
1952     42     0.01481
1952     43     0.00997
1952     44     0.00562
1952     45     0.00350
1952     46     0.00159
1952     47     0.00065
1952     48     0.00026
1952     49     0.00015
1952     50     0.00010
1952     51     0.00002
1952     52     0.00000
1952     53     0.00000
1952     54     0.00000
1952     55+    0.00000
1953     12-    0.00000
1953     13     0.00004
1953     14     0.00033
1953     15     0.00188
1953     16     0.00881
1953     17     0.02523
1953     18     0.05062
1953     19     0.08029
1953     20     0.10696
1953     21     0.12003
1953     22     0.12885
1953     23     0.12787
1953     24     0.13171
1953     25     0.13080
1953     26     0.12304
1953     27     0.11860
1953     28     0.11329
1953     29     0.10995
1953     30     0.09610
1953     31     0.09336
1953     32     0.08105
1953     33     0.07362
1953     34     0.06448
1953     35     0.05964
1953     36     0.05160
1953     37     0.04282
1953     38     0.03864
1953     39     0.03223
1953     40     0.02611
1953     41     0.01959
1953     42     0.01489
1953     43     0.00947
1953     44     0.00582
1953     45     0.00376
1953     46     0.00166
1953     47     0.00075
1953     48     0.00032
1953     49     0.00013
1953     50     0.00002
1953     51     0.00000
1953     52     0.00000
1953     53     0.00000
1953     54     0.00000
1953     55+    0.00000
1954     12-    0.00000
1954     13     0.00002
1954     14     0.00018
1954     15     0.00204
1954     16     0.00894
1954     17     0.02773
1954     18     0.05217
1954     19     0.08006
1954     20     0.10948
1954     21     0.12211
1954     22     0.13298
1954     23     0.13456
1954     24     0.13642
1954     25     0.13507
1954     26     0.12991
1954     27     0.12410
1954     28     0.11453
1954     29     0.10946
1954     30     0.10208
1954     31     0.09130
1954     32     0.08476
1954     33     0.07584
1954     34     0.06525
1954     35     0.05923
1954     36     0.05345
1954     37     0.04721
1954     38     0.03895
1954     39     0.03338
1954     40     0.02790
1954     41     0.02111
1954     42     0.01434
1954     43     0.00944
1954     44     0.00559
1954     45     0.00320
1954     46     0.00170
1954     47     0.00065
1954     48     0.00040
1954     49     0.00007
1954     50     0.00008
1954     51     0.00001
1954     52     0.00000
1954     53     0.00000
1954     54     0.00000
1954     55+    0.00000
1955     12-    0.00002
1955     13     0.00003
1955     14     0.00003
1955     15     0.00219
1955     16     0.00963
1955     17     0.02750
1955     18     0.05747
1955     19     0.08610
1955     20     0.11072
1955     21     0.12869
1955     22     0.14012
1955     23     0.14761
1955     24     0.14409
1955     25     0.14408
1955     26     0.13890
1955     27     0.13327
1955     28     0.12349
1955     29     0.11507
1955     30     0.10842
1955     31     0.10099
1955     32     0.08886
1955     33     0.08240
1955     34     0.07160
1955     35     0.06433
1955     36     0.05588
1955     37     0.04888
1955     38     0.04025
1955     39     0.03499
1955     40     0.02700
1955     41     0.02042
1955     42     0.01480
1955     43     0.00961
1955     44     0.00597
1955     45     0.00307
1955     46     0.00161
1955     47     0.00068
1955     48     0.00023
1955     49     0.00019
1955     50     0.00011
1955     51     0.00002
1955     52     0.00000
1955     53     0.00000
1955     54     0.00000
1955     55+    0.00000
1956     12-    0.00000
1956     13     0.00002
1956     14     0.00052
1956     15     0.00228
1956     16     0.01053
1956     17     0.02947
1956     18     0.06113
1956     19     0.09358
1956     20     0.11903
1956     21     0.14437
1956     22     0.15411
1956     23     0.15899
1956     24     0.16084
1956     25     0.15728
1956     26     0.14964
1956     27     0.14315
1956     28     0.13482
1956     29     0.12497
1956     30     0.11408
1956     31     0.10781
1956     32     0.09666
1956     33     0.08770
1956     34     0.07965
1956     35     0.06767
1956     36     0.06075
1956     37     0.05191
1956     38     0.04622
1956     39     0.03738
1956     40     0.03020
1956     41     0.02302
1956     42     0.01611
1956     43     0.01043
1956     44     0.00619
1956     45     0.00314
1956     46     0.00154
1956     47     0.00066
1956     48     0.00023
1956     49     0.00000
1956     50     0.00001
1956     51     0.00001
1956     52     0.00000
1956     53     0.00000
1956     54     0.00000
1956     55+    0.00000
1957     12-    0.00002
1957     13     0.00011
1957     14     0.00036
1957     15     0.00283
1957     16     0.01044
1957     17     0.03133
1957     18     0.06089
1957     19     0.09569
1957     20     0.12506
1957     21     0.14621
1957     22     0.15946
1957     23     0.16583
1957     24     0.16722
1957     25     0.16597
1957     26     0.15778
1957     27     0.15285
1957     28     0.13923
1957     29     0.13251
1957     30     0.11913
1957     31     0.10862
1957     32     0.09762
1957     33     0.08796
1957     34     0.08016
1957     35     0.07290
1957     36     0.06229
1957     37     0.05412
1957     38     0.04643
1957     39     0.03571
1957     40     0.03117
1957     41     0.02270
1957     42     0.01565
1957     43     0.01128
1957     44     0.00626
1957     45     0.00352
1957     46     0.00168
1957     47     0.00088
1957     48     0.00028
1957     49     0.00011
1957     50     0.00001
1957     51     0.00000
1957     52     0.00000
1957     53     0.00000
1957     54     0.00000
1957     55+    0.00000
1958     12-    0.00003
1958     13     0.00006
1958     14     0.00045
1958     15     0.00257
1958     16     0.01112
1958     17     0.03202
1958     18     0.06128
1958     19     0.09682
1958     20     0.12866
1958     21     0.15008
1958     22     0.16504
1958     23     0.17253
1958     24     0.17395
1958     25     0.16988
1958     26     0.16278
1958     27     0.15159
1958     28     0.14011
1958     29     0.12908
1958     30     0.12084
1958     31     0.10898
1958     32     0.09984
1958     33     0.08994
1958     34     0.08034
1958     35     0.07043
1958     36     0.06286
1958     37     0.05211
1958     38     0.04369
1958     39     0.03630
1958     40     0.02822
1958     41     0.02106
1958     42     0.01472
1958     43     0.01106
1958     44     0.00646
1958     45     0.00336
1958     46     0.00125
1958     47     0.00059
1958     48     0.00029
1958     49     0.00004
1958     50     0.00002
1958     51     0.00000
1958     52     0.00000
1958     53     0.00000
1958     54     0.00000
1958     55+    0.00000
1959     12-    0.00002
1959     13     0.00010
1959     14     0.00059
1959     15     0.00316
1959     16     0.01273
1959     17     0.03385
1959     18     0.06534
1959     19     0.10235
1959     20     0.13081
1959     21     0.15484
1959     22     0.17307
1959     23     0.17642
1959     24     0.18368
1959     25     0.17526
1959     26     0.16793
1959     27     0.16042
1959     28     0.14479
1959     29     0.13713
1959     30     0.12451
1959     31     0.11130
1959     32     0.09853
1959     33     0.09039
1959     34     0.07936
1959     35     0.07266
1959     36     0.06096
1959     37     0.05522
1959     38     0.04452
1959     39     0.03840
1959     40     0.02938
1959     41     0.02297
1959     42     0.01551
1959     43     0.00939
1959     44     0.00627
1959     45     0.00360
1959     46     0.00140
1959     47     0.00056
1959     48     0.00025
1959     49     0.00012
1959     50     0.00005
1959     51     0.00001
1959     52     0.00000
1959     53     0.00000
1959     54     0.00000
1959     55+    0.00000
1960     12-    0.00000
1960     13     0.00010
1960     14     0.00055
1960     15     0.00321
1960     16     0.01353
1960     17     0.03749
1960     18     0.06714
1960     19     0.10243
1960     20     0.13236
1960     21     0.15199
1960     22     0.16985
1960     23     0.17894
1960     24     0.18035
1960     25     0.17634
1960     26     0.17272
1960     27     0.16146
1960     28     0.15244
1960     29     0.13477
1960     30     0.12184
1960     31     0.11238
1960     32     0.10374
1960     33     0.08975
1960     34     0.07940
1960     35     0.07018
1960     36     0.06113
1960     37     0.05166
1960     38     0.04612
1960     39     0.03719
1960     40     0.02766
1960     41     0.02255
1960     42     0.01515
1960     43     0.00972
1960     44     0.00578
1960     45     0.00325
1960     46     0.00157
1960     47     0.00050
1960     48     0.00020
1960     49     0.00006
1960     50     0.00001
1960     51     0.00000
1960     52     0.00000
1960     53     0.00000
1960     54     0.00000
1960     55+    0.00000
1961     12-    0.00002
1961     13     0.00011
1961     14     0.00051
1961     15     0.00432
1961     16     0.01712
1961     17     0.04137
1961     18     0.07549
1961     19     0.10720
1961     20     0.13549
1961     21     0.15674
1961     22     0.17162
1961     23     0.18556
1961     24     0.18768
1961     25     0.18379
1961     26     0.17543
1961     27     0.16422
1961     28     0.15690
1961     29     0.13907
1961     30     0.13030
1961     31     0.11306
1961     32     0.10415
1961     33     0.09204
1961     34     0.08140
1961     35     0.07107
1961     36     0.06521
1961     37     0.05480
1961     38     0.04541
1961     39     0.03864
1961     40     0.02868
1961     41     0.02248
1961     42     0.01585
1961     43     0.00960
1961     44     0.00543
1961     45     0.00272
1961     46     0.00163
1961     47     0.00076
1961     48     0.00034
1961     49     0.00005
1961     50     0.00002
1961     51     0.00003
1961     52     0.00000
1961     53     0.00000
1961     54     0.00000
1961     55+    0.00000
1962     12-    0.00000
1962     13     0.00008
1962     14     0.00030
1962     15     0.00408
1962     16     0.01839
1962     17     0.04684
1962     18     0.08003
1962     19     0.11121
1962     20     0.13835
1962     21     0.15625
1962     22     0.17107
1962     23     0.18123
1962     24     0.18599
1962     25     0.18433
1962     26     0.17699
1962     27     0.16513
1962     28     0.15454
1962     29     0.14203
1962     30     0.13303
1962     31     0.11546
1962     32     0.10553
1962     33     0.08981
1962     34     0.08062
1962     35     0.07275
1962     36     0.06058
1962     37     0.05263
1962     38     0.04531
1962     39     0.03866
1962     40     0.02991
1962     41     0.02225
1962     42     0.01501
1962     43     0.01021
1962     44     0.00682
1962     45     0.00285
1962     46     0.00113
1962     47     0.00074
1962     48     0.00024
1962     49     0.00007
1962     50     0.00000
1962     51     0.00000
1962     52     0.00000
1962     53     0.00000
1962     54     0.00000
1962     55+    0.00000
1963     12-    0.00004
1963     13     0.00006
1963     14     0.00064
1963     15     0.00422
1963     16     0.01840
1963     17     0.04927
1963     18     0.08746
1963     19     0.11839
1963     20     0.14264
1963     21     0.15726
1963     22     0.16988
1963     23     0.17598
1963     24     0.17970
1963     25     0.18701
1963     26     0.17673
1963     27     0.16639
1963     28     0.15823
1963     29     0.14200
1963     30     0.13133
1963     31     0.11976
1963     32     0.10583
1963     33     0.09176
1963     34     0.08393
1963     35     0.07156
1963     36     0.06180
1963     37     0.05443
1963     38     0.04439
1963     39     0.03647
1963     40     0.02917
1963     41     0.02080
1963     42     0.01538
1963     43     0.00964
1963     44     0.00557
1963     45     0.00305
1963     46     0.00103
1963     47     0.00076
1963     48     0.00027
1963     49     0.00009
1963     50     0.00002
1963     51     0.00000
1963     52     0.00000
1963     53     0.00000
1963     54     0.00000
1963     55+    0.00000
1964     12-    0.00000
1964     13     0.00008
1964     14     0.00062
1964     15     0.00460
1964     16     0.01796
1964     17     0.05124
1964     18     0.09510
1964     19     0.12269
1964     20     0.14499
1964     21     0.15477
1964     22     0.16839
1964     23     0.17367
1964     24     0.17301
1964     25     0.17351
1964     26     0.17676
1964     27     0.16294
1964     28     0.15222
1964     29     0.14419
1964     30     0.12934
1964     31     0.11682
1964     32     0.10532
1964     33     0.09205
1964     34     0.08033
1964     35     0.07213
1964     36     0.06244
1964     37     0.05109
1964     38     0.04301
1964     39     0.03548
1964     40     0.02905
1964     41     0.02300
1964     42     0.01613
1964     43     0.01018
1964     44     0.00578
1964     45     0.00308
1964     46     0.00170
1964     47     0.00074
1964     48     0.00032
1964     49     0.00002
1964     50     0.00000
1964     51     0.00000
1964     52     0.00000
1964     53     0.00000
1964     54     0.00000
1964     55+    0.00000
1965     12-    0.00000
1965     13     0.00002
1965     14     0.00042
1965     15     0.00337
1965     16     0.01745
1965     17     0.04929
1965     18     0.09405
1965     19     0.13396
1965     20     0.14362
1965     21     0.15666
1965     22     0.16629
1965     23     0.16798
1965     24     0.16992
1965     25     0.16760
1965     26     0.15795
1965     27     0.15611
1965     28     0.14596
1965     29     0.13452
1965     30     0.12619
1965     31     0.11174
1965     32     0.09767
1965     33     0.08607
1965     34     0.08000
1965     35     0.06873
1965     36     0.05999
1965     37     0.04844
1965     38     0.04219
1965     39     0.03418
1965     40     0.02727
1965     41     0.02093
1965     42     0.01481
1965     43     0.00913
1965     44     0.00561
1965     45     0.00272
1965     46     0.00149
1965     47     0.00059
1965     48     0.00048
1965     49     0.00005
1965     50     0.00001
1965     51     0.00000
1965     52     0.00000
1965     53     0.00000
1965     54     0.00000
1965     55+    0.00000
1966     12-    0.00000
1966     13     0.00002
1966     14     0.00049
1966     15     0.00310
1966     16     0.01706
1966     17     0.05111
1966     18     0.09616
1966     19     0.13577
1966     20     0.15995
1966     21     0.15986
1966     22     0.16568
1966     23     0.17035
1966     24     0.16439
1966     25     0.16001
1966     26     0.15391
1966     27     0.14529
1966     28     0.14270
1966     29     0.12935
1966     30     0.11891
1966     31     0.11007
1966     32     0.09539
1966     33     0.08630
1966     34     0.07433
1966     35     0.06556
1966     36     0.05728
1966     37     0.04847
1966     38     0.04053
1966     39     0.03190
1966     40     0.02476
1966     41     0.01999
1966     42     0.01456
1966     43     0.00896
1966     44     0.00575
1966     45     0.00290
1966     46     0.00112
1966     47     0.00050
1966     48     0.00024
1966     49     0.00006
1966     50     0.00001
1966     51     0.00000
1966     52     0.00000
1966     53     0.00000
1966     54     0.00000
1966     55+    0.00000
1967     12-    0.00002
1967     13     0.00010
1967     14     0.00044
1967     15     0.00335
1967     16     0.01764
1967     17     0.04981
1967     18     0.09628
1967     19     0.13619
1967     20     0.16584
1967     21     0.17095
1967     22     0.16515
1967     23     0.16735
1967     24     0.16344
1967     25     0.15606
1967     26     0.15177
1967     27     0.14008
1967     28     0.13276
1967     29     0.12745
1967     30     0.11549
1967     31     0.10424
1967     32     0.09390
1967     33     0.08379
1967     34     0.07140
1967     35     0.06504
1967     36     0.05594
1967     37     0.04555
1967     38     0.03716
1967     39     0.03045
1967     40     0.02432
1967     41     0.01825
1967     42     0.01243
1967     43     0.00904
1967     44     0.00500
1967     45     0.00276
1967     46     0.00109
1967     47     0.00042
1967     48     0.00031
1967     49     0.00003
1967     50     0.00000
1967     51     0.00000
1967     52     0.00000
1967     53     0.00000
1967     54     0.00000
1967     55+    0.00000
1968     12-    0.00004
1968     13     0.00016
1968     14     0.00035
1968     15     0.00276
1968     16     0.01475
1968     17     0.05300
1968     18     0.09740
1968     19     0.13973
1968     20     0.17016
1968     21     0.17757
1968     22     0.17475
1968     23     0.16244
1968     24     0.16135
1968     25     0.15327
1968     26     0.14612
1968     27     0.13666
1968     28     0.12659
1968     29     0.11715
1968     30     0.11078
1968     31     0.10194
1968     32     0.09010
1968     33     0.08103
1968     34     0.06959
1968     35     0.06131
1968     36     0.05376
1968     37     0.04575
1968     38     0.03623
1968     39     0.03080
1968     40     0.02350
1968     41     0.01704
1968     42     0.01173
1968     43     0.00794
1968     44     0.00514
1968     45     0.00304
1968     46     0.00110
1968     47     0.00056
1968     48     0.00017
1968     49     0.00006
1968     50     0.00003
1968     51     0.00000
1968     52     0.00000
1968     53     0.00000
1968     54     0.00000
1968     55+    0.00000
1969     12-    0.00002
1969     13     0.00004
1969     14     0.00038
1969     15     0.00281
1969     16     0.01512
1969     17     0.05028
1969     18     0.10075
1969     19     0.14007
1969     20     0.16448
1969     21     0.17170
1969     22     0.17341
1969     23     0.16734
1969     24     0.15010
1969     25     0.14221
1969     26     0.13891
1969     27     0.12827
1969     28     0.12088
1969     29     0.10803
1969     30     0.10090
1969     31     0.09476
1969     32     0.08515
1969     33     0.07571
1969     34     0.06864
1969     35     0.06159
1969     36     0.05108
1969     37     0.04449
1969     38     0.03638
1969     39     0.02921
1969     40     0.02176
1969     41     0.01648
1969     42     0.01146
1969     43     0.00669
1969     44     0.00463
1969     45     0.00247
1969     46     0.00116
1969     47     0.00033
1969     48     0.00012
1969     49     0.00003
1969     50     0.00003
1969     51     0.00001
1969     52     0.00000
1969     53     0.00000
1969     54     0.00000
1969     55+    0.00000
1970     12-    0.00004
1970     13     0.00007
1970     14     0.00059
1970     15     0.00335
1970     16     0.01648
1970     17     0.04899
1970     18     0.09116
1970     19     0.13264
1970     20     0.15291
1970     21     0.16213
1970     22     0.16536
1970     23     0.15218
1970     24     0.14129
1970     25     0.13135
1970     26     0.12515
1970     27     0.11618
1970     28     0.10868
1970     29     0.09884
1970     30     0.08967
1970     31     0.08195
1970     32     0.07715
1970     33     0.07028
1970     34     0.06161
1970     35     0.05358
1970     36     0.04866
1970     37     0.04076
1970     38     0.03318
1970     39     0.02642
1970     40     0.02156
1970     41     0.01474
1970     42     0.01008
1970     43     0.00715
1970     44     0.00421
1970     45     0.00204
1970     46     0.00115
1970     47     0.00025
1970     48     0.00017
1970     49     0.00008
1970     50     0.00004
1970     51     0.00001
1970     52     0.00000
1970     53     0.00000
1970     54     0.00000
1970     55+    0.00000
1971     12-    0.00002
1971     13     0.00005
1971     14     0.00071
1971     15     0.00317
1971     16     0.01710
1971     17     0.04989
1971     18     0.08946
1971     19     0.12566
1971     20     0.14500
1971     21     0.15582
1971     22     0.15488
1971     23     0.14863
1971     24     0.13852
1971     25     0.12927
1971     26     0.11687
1971     27     0.11113
1971     28     0.10291
1971     29     0.09392
1971     30     0.08736
1971     31     0.07608
1971     32     0.06846
1971     33     0.06651
1971     34     0.05886
1971     35     0.05265
1971     36     0.04501
1971     37     0.03899
1971     38     0.03398
1971     39     0.02701
1971     40     0.02077
1971     41     0.01578
1971     42     0.01101
1971     43     0.00649
1971     44     0.00417
1971     45     0.00225
1971     46     0.00114
1971     47     0.00043
1971     48     0.00011
1971     49     0.00004
1971     50     0.00000
1971     51     0.00000
1971     52     0.00000
1971     53     0.00000
1971     54     0.00000
1971     55+    0.00000
1972     12-    0.00000
1972     13     0.00014
1972     14     0.00077
1972     15     0.00371
1972     16     0.01874
1972     17     0.05184
1972     18     0.09023
1972     19     0.12065
1972     20     0.13789
1972     21     0.14692
1972     22     0.14567
1972     23     0.14055
1972     24     0.13628
1972     25     0.12522
1972     26     0.11424
1972     27     0.10418
1972     28     0.09688
1972     29     0.08616
1972     30     0.07925
1972     31     0.06899
1972     32     0.06378
1972     33     0.05776
1972     34     0.05500
1972     35     0.04721
1972     36     0.04229
1972     37     0.03601
1972     38     0.03033
1972     39     0.02601
1972     40     0.02013
1972     41     0.01395
1972     42     0.01021
1972     43     0.00691
1972     44     0.00411
1972     45     0.00172
1972     46     0.00113
1972     47     0.00028
1972     48     0.00011
1972     49     0.00004
1972     50     0.00000
1972     51     0.00000
1972     52     0.00000
1972     53     0.00000
1972     54     0.00000
1972     55+    0.00000
1973     12-    0.00000
1973     13     0.00002
1973     14     0.00086
1973     15     0.00477
1973     16     0.02014
1973     17     0.05155
1973     18     0.08421
1973     19     0.11529
1973     20     0.13014
1973     21     0.13519
1973     22     0.13622
1973     23     0.13506
1973     24     0.12580
1973     25     0.11560
1973     26     0.10778
1973     27     0.09693
1973     28     0.08564
1973     29     0.07927
1973     30     0.07185
1973     31     0.06460
1973     32     0.05881
1973     33     0.04967
1973     34     0.04837
1973     35     0.04300
1973     36     0.03961
1973     37     0.03262
1973     38     0.02910
1973     39     0.02282
1973     40     0.01764
1973     41     0.01304
1973     42     0.00980
1973     43     0.00577
1973     44     0.00340
1973     45     0.00191
1973     46     0.00098
1973     47     0.00031
1973     48     0.00015
1973     49     0.00000
1973     50     0.00001
1973     51     0.00001
1973     52     0.00000
1973     53     0.00000
1973     54     0.00000
1973     55+    0.00000
1974     12-    0.00000
1974     13     0.00024
1974     14     0.00085
1974     15     0.00415
1974     16     0.01853
1974     17     0.04874
1974     18     0.08379
1974     19     0.10998
1974     20     0.13048
1974     21     0.13758
1974     22     0.13554
1974     23     0.13499
1974     24     0.12844
1974     25     0.11972
1974     26     0.11018
1974     27     0.09716
1974     28     0.08829
1974     29     0.07619
1974     30     0.06704
1974     31     0.06358
1974     32     0.05449
1974     33     0.04808
1974     34     0.04237
1974     35     0.03811
1974     36     0.03631
1974     37     0.03284
1974     38     0.02730
1974     39     0.02084
1974     40     0.01680
1974     41     0.01348
1974     42     0.00908
1974     43     0.00624
1974     44     0.00326
1974     45     0.00178
1974     46     0.00068
1974     47     0.00027
1974     48     0.00010
1974     49     0.00003
1974     50     0.00001
1974     51     0.00000
1974     52     0.00000
1974     53     0.00000
1974     54     0.00000
1974     55+    0.00000
1975     12-    0.00000
1975     13     0.00009
1975     14     0.00055
1975     15     0.00320
1975     16     0.01549
1975     17     0.04214
1975     18     0.07470
1975     19     0.10465
1975     20     0.12027
1975     21     0.13208
1975     22     0.13445
1975     23     0.13349
1975     24     0.12753
1975     25     0.11966
1975     26     0.10933
1975     27     0.09850
1975     28     0.08917
1975     29     0.07689
1975     30     0.06776
1975     31     0.06037
1975     32     0.05126
1975     33     0.04343
1975     34     0.03933
1975     35     0.03420
1975     36     0.03107
1975     37     0.02741
1975     38     0.02363
1975     39     0.02072
1975     40     0.01510
1975     41     0.01174
1975     42     0.00777
1975     43     0.00484
1975     44     0.00319
1975     45     0.00126
1975     46     0.00086
1975     47     0.00033
1975     48     0.00013
1975     49     0.00008
1975     50     0.00000
1975     51     0.00000
1975     52     0.00000
1975     53     0.00000
1975     54     0.00000
1975     55+    0.00000
1976     12-    0.00002
1976     13     0.00006
1976     14     0.00050
1976     15     0.00250
1976     16     0.01333
1976     17     0.03743
1976     18     0.06375
1976     19     0.09282
1976     20     0.10720
1976     21     0.12161
1976     22     0.12577
1976     23     0.12531
1976     24     0.12162
1976     25     0.11494
1976     26     0.10915
1976     27     0.09460
1976     28     0.08630
1976     29     0.07383
1976     30     0.06298
1976     31     0.05432
1976     32     0.04755
1976     33     0.04316
1976     34     0.03532
1976     35     0.03132
1976     36     0.02583
1976     37     0.02255
1976     38     0.02053
1976     39     0.01606
1976     40     0.01239
1976     41     0.00969
1976     42     0.00697
1976     43     0.00424
1976     44     0.00239
1976     45     0.00110
1976     46     0.00053
1976     47     0.00022
1976     48     0.00011
1976     49     0.00000
1976     50     0.00001
1976     51     0.00001
1976     52     0.00000
1976     53     0.00000
1976     54     0.00000
1976     55+    0.00000
1977     12-    0.00000
1977     13     0.00009
1977     14     0.00044
1977     15     0.00241
1977     16     0.01149
1977     17     0.03259
1977     18     0.05690
1977     19     0.08462
1977     20     0.10386
1977     21     0.11595
1977     22     0.12258
1977     23     0.12418
1977     24     0.12284
1977     25     0.11417
1977     26     0.10428
1977     27     0.09662
1977     28     0.08487
1977     29     0.07298
1977     30     0.06273
1977     31     0.05526
1977     32     0.04397
1977     33     0.03991
1977     34     0.03429
1977     35     0.02977
1977     36     0.02430
1977     37     0.02036
1977     38     0.01735
1977     39     0.01534
1977     40     0.01300
1977     41     0.00852
1977     42     0.00638
1977     43     0.00388
1977     44     0.00229
1977     45     0.00117
1977     46     0.00081
1977     47     0.00024
1977     48     0.00016
1977     49     0.00005
1977     50     0.00005
1977     51     0.00001
1977     52     0.00000
1977     53     0.00000
1977     54     0.00000
1977     55+    0.00000
1978     12-    0.00000
1978     13     0.00005
1978     14     0.00049
1978     15     0.00228
1978     16     0.01024
1978     17     0.02954
1978     18     0.05420
1978     19     0.08244
1978     20     0.09830
1978     21     0.11210
1978     22     0.11922
1978     23     0.12254
1978     24     0.12140
1978     25     0.11902
1978     26     0.10956
1978     27     0.09661
1978     28     0.08677
1978     29     0.07539
1978     30     0.06321
1978     31     0.05367
1978     32     0.04668
1978     33     0.03714
1978     34     0.03342
1978     35     0.02776
1978     36     0.02267
1978     37     0.01897
1978     38     0.01529
1978     39     0.01338
1978     40     0.01051
1978     41     0.00791
1978     42     0.00576
1978     43     0.00335
1978     44     0.00222
1978     45     0.00121
1978     46     0.00045
1978     47     0.00027
1978     48     0.00007
1978     49     0.00002
1978     50     0.00000
1978     51     0.00000
1978     52     0.00000
1978     53     0.00000
1978     54     0.00000
1978     55+    0.00000
1979     12-    0.00000
1979     13     0.00002
1979     14     0.00034
1979     15     0.00199
1979     16     0.00977
1979     17     0.02863
1979     18     0.05260
1979     19     0.07971
1979     20     0.09912
1979     21     0.11173
1979     22     0.11641
1979     23     0.12268
1979     24     0.12135
1979     25     0.11764
1979     26     0.10784
1979     27     0.09824
1979     28     0.08744
1979     29     0.07770
1979     30     0.06628
1979     31     0.05571
1979     32     0.04539
1979     33     0.03959
1979     34     0.03249
1979     35     0.02811
1979     36     0.02306
1979     37     0.01895
1979     38     0.01571
1979     39     0.01171
1979     40     0.00831
1979     41     0.00704
1979     42     0.00462
1979     43     0.00397
1979     44     0.00181
1979     45     0.00099
1979     46     0.00082
1979     47     0.00021
1979     48     0.00011
1979     49     0.00007
1979     50     0.00002
1979     51     0.00000
1979     52     0.00000
1979     53     0.00000
1979     54     0.00000
1979     55+    0.00000
1980     12-    0.00002
1980     13     0.00006
1980     14     0.00048
1980     15     0.00206
1980     16     0.01008
1980     17     0.02751
1980     18     0.05185
1980     19     0.08169
1980     20     0.10157
1980     21     0.11538
1980     22     0.12105
1980     23     0.12492
1980     24     0.12709
1980     25     0.12186
1980     26     0.11446
1980     27     0.10213
1980     28     0.09213
1980     29     0.07897
1980     30     0.06996
1980     31     0.05848
1980     32     0.04990
1980     33     0.04071
1980     34     0.03580
1980     35     0.02791
1980     36     0.02280
1980     37     0.01902
1980     38     0.01605
1980     39     0.01133
1980     40     0.00816
1980     41     0.00616
1980     42     0.00446
1980     43     0.00365
1980     44     0.00202
1980     45     0.00096
1980     46     0.00068
1980     47     0.00019
1980     48     0.00005
1980     49     0.00002
1980     50     0.00003
1980     51     0.00002
1980     52     0.00000
1980     53     0.00000
1980     54     0.00000
1980     55+    0.00000
1981     12-    0.00000
1981     13     0.00007
1981     14     0.00031
1981     15     0.00212
1981     16     0.00962
1981     17     0.02597
1981     18     0.05159
1981     19     0.07950
1981     20     0.10229
1981     21     0.11763
1981     22     0.12273
1981     23     0.12741
1981     24     0.12644
1981     25     0.12096
1981     26     0.11213
1981     27     0.10573
1981     28     0.09490
1981     29     0.08479
1981     30     0.07220
1981     31     0.06272
1981     32     0.05130
1981     33     0.04159
1981     34     0.03607
1981     35     0.02972
1981     36     0.02407
1981     37     0.01900
1981     38     0.01565
1981     39     0.01147
1981     40     0.00878
1981     41     0.00591
1981     42     0.00426
1981     43     0.00299
1981     44     0.00160
1981     45     0.00102
1981     46     0.00054
1981     47     0.00023
1981     48     0.00012
1981     49     0.00009
1981     50     0.00001
1981     51     0.00000
1981     52     0.00000
1981     53     0.00000
1981     54     0.00000
1981     55+    0.00000
1982     12-    0.00000
1982     13     0.00012
1982     14     0.00024
1982     15     0.00149
1982     16     0.00914
1982     17     0.02560
1982     18     0.04978
1982     19     0.07802
1982     20     0.09844
1982     21     0.11258
1982     22     0.12420
1982     23     0.12863
1982     24     0.12571
1982     25     0.12102
1982     26     0.11687
1982     27     0.10451
1982     28     0.09405
1982     29     0.08258
1982     30     0.07556
1982     31     0.06066
1982     32     0.05278
1982     33     0.04172
1982     34     0.03524
1982     35     0.03019
1982     36     0.02335
1982     37     0.01843
1982     38     0.01403
1982     39     0.01138
1982     40     0.00919
1982     41     0.00543
1982     42     0.00357
1982     43     0.00265
1982     44     0.00191
1982     45     0.00116
1982     46     0.00039
1982     47     0.00013
1982     48     0.00005
1982     49     0.00000
1982     50     0.00000
1982     51     0.00000
1982     52     0.00000
1982     53     0.00000
1982     54     0.00000
1982     55+    0.00000
1983     12-    0.00002
1983     13     0.00007
1983     14     0.00028
1983     15     0.00159
1983     16     0.00785
1983     17     0.02076
1983     18     0.04348
1983     19     0.07041
1983     20     0.09153
1983     21     0.10375
1983     22     0.11156
1983     23     0.11739
1983     24     0.11934
1983     25     0.11520
1983     26     0.10873
1983     27     0.10201
1983     28     0.09310
1983     29     0.08226
1983     30     0.06902
1983     31     0.05980
1983     32     0.04969
1983     33     0.04183
1983     34     0.03447
1983     35     0.02798
1983     36     0.02212
1983     37     0.01922
1983     38     0.01362
1983     39     0.00995
1983     40     0.00780
1983     41     0.00555
1983     42     0.00380
1983     43     0.00220
1983     44     0.00135
1983     45     0.00089
1983     46     0.00034
1983     47     0.00021
1983     48     0.00000
1983     49     0.00002
1983     50     0.00001
1983     51     0.00000
1983     52     0.00000
1983     53     0.00000
1983     54     0.00000
1983     55+    0.00000
1984     12-    0.00000
1984     13     0.00006
1984     14     0.00018
1984     15     0.00159
1984     16     0.00654
1984     17     0.01982
1984     18     0.03826
1984     19     0.06377
1984     20     0.08605
1984     21     0.09883
1984     22     0.11176
1984     23     0.11502
1984     24     0.11647
1984     25     0.11701
1984     26     0.10801
1984     27     0.09985
1984     28     0.08956
1984     29     0.08202
1984     30     0.06962
1984     31     0.05938
1984     32     0.04959
1984     33     0.04158
1984     34     0.03465
1984     35     0.02838
1984     36     0.02203
1984     37     0.01891
1984     38     0.01389
1984     39     0.00924
1984     40     0.00675
1984     41     0.00523
1984     42     0.00352
1984     43     0.00217
1984     44     0.00114
1984     45     0.00067
1984     46     0.00059
1984     47     0.00021
1984     48     0.00005
1984     49     0.00000
1984     50     0.00000
1984     51     0.00000
1984     52     0.00000
1984     53     0.00000
1984     54     0.00000
1984     55+    0.00000
1985     12-    0.00000
1985     13     0.00002
1985     14     0.00037
1985     15     0.00138
1985     16     0.00643
1985     17     0.01754
1985     18     0.03527
1985     19     0.05848
1985     20     0.07907
1985     21     0.09318
1985     22     0.10150
1985     23     0.10867
1985     24     0.11656
1985     25     0.11246
1985     26     0.10655
1985     27     0.10026
1985     28     0.09113
1985     29     0.07854
1985     30     0.06912
1985     31     0.05977
1985     32     0.05181
1985     33     0.04080
1985     34     0.03518
1985     35     0.02823
1985     36     0.02284
1985     37     0.01718
1985     38     0.01224
1985     39     0.00976
1985     40     0.00762
1985     41     0.00467
1985     42     0.00322
1985     43     0.00233
1985     44     0.00099
1985     45     0.00057
1985     46     0.00031
1985     47     0.00013
1985     48     0.00008
1985     49     0.00000
1985     50     0.00000
1985     51     0.00000
1985     52     0.00000
1985     53     0.00000
1985     54     0.00000
1985     55+    0.00000
1986     12-    0.00000
1986     13     0.00008
1986     14     0.00023
1986     15     0.00151
1986     16     0.00619
1986     17     0.01700
1986     18     0.03267
1986     19     0.05586
1986     20     0.07377
1986     21     0.08685
1986     22     0.10097
1986     23     0.10981
1986     24     0.11176
1986     25     0.11007
1986     26     0.10715
1986     27     0.09947
1986     28     0.08987
1986     29     0.07970
1986     30     0.07091
1986     31     0.05901
1986     32     0.04942
1986     33     0.04163
1986     34     0.03569
1986     35     0.02682
1986     36     0.02327
1986     37     0.01714
1986     38     0.01344
1986     39     0.00936
1986     40     0.00779
1986     41     0.00506
1986     42     0.00274
1986     43     0.00192
1986     44     0.00118
1986     45     0.00041
1986     46     0.00030
1986     47     0.00016
1986     48     0.00010
1986     49     0.00003
1986     50     0.00005
1986     51     0.00000
1986     52     0.00000
1986     53     0.00000
1986     54     0.00000
1986     55+    0.00000
1987     12-    0.00002
1987     13     0.00004
1987     14     0.00029
1987     15     0.00166
1987     16     0.00635
1987     17     0.01629
1987     18     0.03125
1987     19     0.04967
1987     20     0.06720
1987     21     0.08641
1987     22     0.09377
1987     23     0.10688
1987     24     0.11131
1987     25     0.11071
1987     26     0.10436
1987     27     0.10299
1987     28     0.09011
1987     29     0.08012
1987     30     0.06993
1987     31     0.05906
1987     32     0.05161
1987     33     0.04138
1987     34     0.03590
1987     35     0.02946
1987     36     0.02311
1987     37     0.01807
1987     38     0.01349
1987     39     0.01005
1987     40     0.00743
1987     41     0.00529
1987     42     0.00326
1987     43     0.00164
1987     44     0.00153
1987     45     0.00053
1987     46     0.00029
1987     47     0.00010
1987     48     0.00006
1987     49     0.00003
1987     50     0.00000
1987     51     0.00000
1987     52     0.00003
1987     53     0.00000
1987     54     0.00000
1987     55+    0.00000
1988     12-    0.00000
1988     13     0.00004
1988     14     0.00035
1988     15     0.00184
1988     16     0.00616
1988     17     0.01521
1988     18     0.03042
1988     19     0.05083
1988     20     0.06678
1988     21     0.08327
1988     22     0.09602
1988     23     0.10522
1988     24     0.11086
1988     25     0.11211
1988     26     0.10798
1988     27     0.10422
1988     28     0.09120
1988     29     0.08422
1988     30     0.07412
1988     31     0.06280
1988     32     0.05115
1988     33     0.04268
1988     34     0.03736
1988     35     0.02991
1988     36     0.02308
1988     37     0.01742
1988     38     0.01356
1988     39     0.00982
1988     40     0.00700
1988     41     0.00428
1988     42     0.00343
1988     43     0.00183
1988     44     0.00095
1988     45     0.00049
1988     46     0.00028
1988     47     0.00019
1988     48     0.00003
1988     49     0.00000
1988     50     0.00000
1988     51     0.00000
1988     52     0.00000
1988     53     0.00000
1988     54     0.00000
1988     55+    0.00000
1989     12-    0.00000
1989     13     0.00002
1989     14     0.00033
1989     15     0.00175
1989     16     0.00699
1989     17     0.01634
1989     18     0.02825
1989     19     0.04828
1989     20     0.06489
1989     21     0.07800
1989     22     0.09163
1989     23     0.10067
1989     24     0.11116
1989     25     0.11379
1989     26     0.10895
1989     27     0.10371
1989     28     0.09397
1989     29     0.08445
1989     30     0.07560
1989     31     0.06324
1989     32     0.05444
1989     33     0.04564
1989     34     0.03772
1989     35     0.03058
1989     36     0.02332
1989     37     0.01839
1989     38     0.01429
1989     39     0.01065
1989     40     0.00692
1989     41     0.00471
1989     42     0.00298
1989     43     0.00219
1989     44     0.00077
1989     45     0.00048
1989     46     0.00025
1989     47     0.00011
1989     48     0.00009
1989     49     0.00002
1989     50     0.00002
1989     51     0.00000
1989     52     0.00000
1989     53     0.00000
1989     54     0.00000
1989     55+    0.00000
1990     12-    0.00005
1990     13     0.00005
1990     14     0.00037
1990     15     0.00159
1990     16     0.00714
1990     17     0.01715
1990     18     0.03009
1990     19     0.04477
1990     20     0.06305
1990     21     0.07705
1990     22     0.08627
1990     23     0.09875
1990     24     0.10658
1990     25     0.11406
1990     26     0.10983
1990     27     0.10581
1990     28     0.09674
1990     29     0.08702
1990     30     0.07776
1990     31     0.06623
1990     32     0.05787
1990     33     0.04820
1990     34     0.03853
1990     35     0.03231
1990     36     0.02623
1990     37     0.01968
1990     38     0.01353
1990     39     0.01057
1990     40     0.00753
1990     41     0.00545
1990     42     0.00331
1990     43     0.00189
1990     44     0.00106
1990     45     0.00042
1990     46     0.00024
1990     47     0.00014
1990     48     0.00000
1990     49     0.00002
1990     50     0.00002
1990     51     0.00000
1990     52     0.00000
1990     53     0.00000
1990     54     0.00000
1990     55+    0.00000
1991     12-    0.00000
1991     13     0.00005
1991     14     0.00049
1991     15     0.00213
1991     16     0.00678
1991     17     0.01837
1991     18     0.03194
1991     19     0.04914
1991     20     0.06530
1991     21     0.07616
1991     22     0.08762
1991     23     0.09841
1991     24     0.11250
1991     25     0.11631
1991     26     0.11517
1991     27     0.11007
1991     28     0.10117
1991     29     0.08869
1991     30     0.07919
1991     31     0.06955
1991     32     0.05895
1991     33     0.05125
1991     34     0.04156
1991     35     0.03277
1991     36     0.02688
1991     37     0.02062
1991     38     0.01592
1991     39     0.01138
1991     40     0.00730
1991     41     0.00529
1991     42     0.00271
1991     43     0.00150
1991     44     0.00110
1991     45     0.00046
1991     46     0.00026
1991     47     0.00008
1991     48     0.00002
1991     49     0.00002
1991     50     0.00000
1991     51     0.00000
1991     52     0.00000
1991     53     0.00000
1991     54     0.00000
1991     55+    0.00000
1992     12-    0.00000
1992     13     0.00005
1992     14     0.00042
1992     15     0.00202
1992     16     0.00713
1992     17     0.01824
1992     18     0.03135
1992     19     0.05123
1992     20     0.06402
1992     21     0.07798
1992     22     0.08810
1992     23     0.09793
1992     24     0.10564
1992     25     0.11420
1992     26     0.11269
1992     27     0.10850
1992     28     0.10237
1992     29     0.09056
1992     30     0.08050
1992     31     0.06952
1992     32     0.05979
1992     33     0.05108
1992     34     0.04200
1992     35     0.03435
1992     36     0.02687
1992     37     0.02138
1992     38     0.01616
1992     39     0.01133
1992     40     0.00765
1992     41     0.00504
1992     42     0.00303
1992     43     0.00208
1992     44     0.00098
1992     45     0.00042
1992     46     0.00013
1992     47     0.00004
1992     48     0.00004
1992     49     0.00004
1992     50     0.00002
1992     51     0.00000
1992     52     0.00000
1992     53     0.00000
1992     54     0.00000
1992     55+    0.00000
1993     12-    0.00000
1993     13     0.00009
1993     14     0.00030
1993     15     0.00149
1993     16     0.00702
1993     17     0.01662
1993     18     0.03066
1993     19     0.05110
1993     20     0.06431
1993     21     0.07595
1993     22     0.08819
1993     23     0.09663
1993     24     0.10462
1993     25     0.11200
1993     26     0.11101
1993     27     0.11065
1993     28     0.10229
1993     29     0.09363
1993     30     0.08143
1993     31     0.07002
1993     32     0.06020
1993     33     0.05021
1993     34     0.04128
1993     35     0.03539
1993     36     0.02696
1993     37     0.02046
1993     38     0.01610
1993     39     0.01177
1993     40     0.00859
1993     41     0.00518
1993     42     0.00317
1993     43     0.00199
1993     44     0.00093
1993     45     0.00055
1993     46     0.00017
1993     47     0.00013
1993     48     0.00002
1993     49     0.00004
1993     50     0.00000
1993     51     0.00002
1993     52     0.00002
1993     53     0.00000
1993     54     0.00000
1993     55+    0.00000
1994     12-    0.00002
1994     13     0.00008
1994     14     0.00036
1994     15     0.00138
1994     16     0.00579
1994     17     0.01390
1994     18     0.02734
1994     19     0.04262
1994     20     0.06113
1994     21     0.07286
1994     22     0.08166
1994     23     0.09402
1994     24     0.10149
1994     25     0.10608
1994     26     0.10991
1994     27     0.10929
1994     28     0.10330
1994     29     0.09297
1994     30     0.08379
1994     31     0.07043
1994     32     0.06039
1994     33     0.05124
1994     34     0.04273
1994     35     0.03490
1994     36     0.02879
1994     37     0.02127
1994     38     0.01628
1994     39     0.01064
1994     40     0.00746
1994     41     0.00578
1994     42     0.00347
1994     43     0.00204
1994     44     0.00104
1994     45     0.00058
1994     46     0.00020
1994     47     0.00002
1994     48     0.00008
1994     49     0.00002
1994     50     0.00002
1994     51     0.00000
1994     52     0.00002
1994     53     0.00000
1994     54     0.00000
1994     55+    0.00000
1995     12-    0.00002
1995     13     0.00006
1995     14     0.00030
1995     15     0.00167
1995     16     0.00498
1995     17     0.01383
1995     18     0.02358
1995     19     0.04193
1995     20     0.05358
1995     21     0.06672
1995     22     0.07694
1995     23     0.08728
1995     24     0.09512
1995     25     0.10483
1995     26     0.10754
1995     27     0.10529
1995     28     0.10007
1995     29     0.09464
1995     30     0.08493
1995     31     0.07276
1995     32     0.05973
1995     33     0.05301
1995     34     0.04190
1995     35     0.03495
1995     36     0.02750
1995     37     0.02119
1995     38     0.01656
1995     39     0.01184
1995     40     0.00800
1995     41     0.00494
1995     42     0.00350
1995     43     0.00216
1995     44     0.00108
1995     45     0.00063
1995     46     0.00021
1995     47     0.00017
1995     48     0.00006
1995     49     0.00000
1995     50     0.00002
1995     51     0.00000
1995     52     0.00000
1995     53     0.00000
1995     54     0.00000
1995     55+    0.00000
1996     12-    0.00000
1996     13     0.00004
1996     14     0.00019
1996     15     0.00097
1996     16     0.00480
1996     17     0.01194
1996     18     0.02244
1996     19     0.03890
1996     20     0.05252
1996     21     0.06402
1996     22     0.07771
1996     23     0.08669
1996     24     0.09889
1996     25     0.10417
1996     26     0.10758
1996     27     0.10820
1996     28     0.10176
1996     29     0.09603
1996     30     0.08821
1996     31     0.07751
1996     32     0.06504
1996     33     0.05412
1996     34     0.04513
1996     35     0.03671
1996     36     0.02952
1996     37     0.02221
1996     38     0.01622
1996     39     0.01247
1996     40     0.00862
1996     41     0.00608
1996     42     0.00349
1996     43     0.00194
1996     44     0.00082
1996     45     0.00056
1996     46     0.00022
1996     47     0.00004
1996     48     0.00004
1996     49     0.00000
1996     50     0.00003
1996     51     0.00000
1996     52     0.00000
1996     53     0.00000
1996     54     0.00000
1996     55+    0.00000
1997     12-    0.00000
1997     13     0.00004
1997     14     0.00025
1997     15     0.00099
1997     16     0.00413
1997     17     0.01102
1997     18     0.02192
1997     19     0.03750
1997     20     0.04985
1997     21     0.06062
1997     22     0.07234
1997     23     0.08230
1997     24     0.08992
1997     25     0.10122
1997     26     0.10285
1997     27     0.10306
1997     28     0.09723
1997     29     0.09181
1997     30     0.08467
1997     31     0.07590
1997     32     0.06502
1997     33     0.05462
1997     34     0.04254
1997     35     0.03767
1997     36     0.02999
1997     37     0.02342
1997     38     0.01710
1997     39     0.01208
1997     40     0.00928
1997     41     0.00569
1997     42     0.00357
1997     43     0.00189
1997     44     0.00103
1997     45     0.00060
1997     46     0.00024
1997     47     0.00010
1997     48     0.00004
1997     49     0.00000
1997     50     0.00000
1997     51     0.00003
1997     52     0.00000
1997     53     0.00000
1997     54     0.00000
1997     55+    0.00002
1998     12-    0.00000
1998     13     0.00000
1998     14     0.00030
1998     15     0.00105
1998     16     0.00378
1998     17     0.01046
1998     18     0.02133
1998     19     0.03548
1998     20     0.04691
1998     21     0.05909
1998     22     0.06835
1998     23     0.07975
1998     24     0.08743
1998     25     0.09606
1998     26     0.10175
1998     27     0.10228
1998     28     0.09807
1998     29     0.09228
1998     30     0.08656
1998     31     0.07455
1998     32     0.06638
1998     33     0.05436
1998     34     0.04339
1998     35     0.03610
1998     36     0.02908
1998     37     0.02226
1998     38     0.01779
1998     39     0.01320
1998     40     0.00879
1998     41     0.00562
1998     42     0.00371
1998     43     0.00198
1998     44     0.00126
1998     45     0.00045
1998     46     0.00018
1998     47     0.00008
1998     48     0.00002
1998     49     0.00002
1998     50     0.00002
1998     51     0.00000
1998     52     0.00000
1998     53     0.00000
1998     54     0.00000
1998     55+    0.00000
1999     12-    0.00002
1999     13     0.00002
1999     14     0.00020
1999     15     0.00112
1999     16     0.00353
1999     17     0.01049
1999     18     0.01881
1999     19     0.03240
1999     20     0.04677
1999     21     0.05632
1999     22     0.06643
1999     23     0.07485
1999     24     0.08822
1999     25     0.09152
1999     26     0.09648
1999     27     0.09766
1999     28     0.09539
1999     29     0.09204
1999     30     0.08293
1999     31     0.07349
1999     32     0.06401
1999     33     0.05483
1999     34     0.04648
1999     35     0.03805
1999     36     0.02985
1999     37     0.02308
1999     38     0.01756
1999     39     0.01331
1999     40     0.01019
1999     41     0.00649
1999     42     0.00345
1999     43     0.00216
1999     44     0.00128
1999     45     0.00050
1999     46     0.00023
1999     47     0.00006
1999     48     0.00006
1999     49     0.00002
1999     50     0.00000
1999     51     0.00000
1999     52     0.00000
1999     53     0.00000
1999     54     0.00000
1999     55+    0.00000
2000     12-    0.00000
2000     13     0.00002
2000     14     0.00011
2000     15     0.00138
2000     16     0.00401
2000     17     0.01042
2000     18     0.01893
2000     19     0.03291
2000     20     0.04491
2000     21     0.05650
2000     22     0.06629
2000     23     0.07434
2000     24     0.08565
2000     25     0.09279
2000     26     0.09722
2000     27     0.10141
2000     28     0.09709
2000     29     0.09520
2000     30     0.08690
2000     31     0.07733
2000     32     0.06675
2000     33     0.05686
2000     34     0.04863
2000     35     0.03797
2000     36     0.02996
2000     37     0.02490
2000     38     0.01862
2000     39     0.01357
2000     40     0.01030
2000     41     0.00610
2000     42     0.00346
2000     43     0.00182
2000     44     0.00138
2000     45     0.00041
2000     46     0.00025
2000     47     0.00004
2000     48     0.00000
2000     49     0.00000
2000     50     0.00002
2000     51     0.00000
2000     52     0.00000
2000     53     0.00000
2000     54     0.00000
2000     55+    0.00002
2001     12-    0.00000
2001     13     0.00002
2001     14     0.00018
2001     15     0.00180
2001     16     0.00489
2001     17     0.01113
2001     18     0.01983
2001     19     0.02959
2001     20     0.04287
2001     21     0.05201
2001     22     0.06201
2001     23     0.06950
2001     24     0.07787
2001     25     0.08570
2001     26     0.09457
2001     27     0.09602
2001     28     0.09478
2001     29     0.09178
2001     30     0.08692
2001     31     0.07857
2001     32     0.06741
2001     33     0.05941
2001     34     0.04871
2001     35     0.04030
2001     36     0.03154
2001     37     0.02417
2001     38     0.01915
2001     39     0.01389
2001     40     0.01037
2001     41     0.00687
2001     42     0.00386
2001     43     0.00250
2001     44     0.00140
2001     45     0.00068
2001     46     0.00035
2001     47     0.00015
2001     48     0.00000
2001     49     0.00002
2001     50     0.00004
2001     51     0.00004
2001     52     0.00000
2001     53     0.00000
2001     54     0.00000
2001     55+    0.00003
2002     12-    0.00000
2002     13     0.00002
2002     14     0.00024
2002     15     0.00166
2002     16     0.00549
2002     17     0.01078
2002     18     0.01945
2002     19     0.03056
2002     20     0.04195
2002     21     0.05144
2002     22     0.06174
2002     23     0.07135
2002     24     0.07907
2002     25     0.08927
2002     26     0.09291
2002     27     0.09909
2002     28     0.10008
2002     29     0.09939
2002     30     0.09240
2002     31     0.08410
2002     32     0.07437
2002     33     0.06268
2002     34     0.05416
2002     35     0.04302
2002     36     0.03560
2002     37     0.02768
2002     38     0.02153
2002     39     0.01602
2002     40     0.01161
2002     41     0.00693
2002     42     0.00451
2002     43     0.00267
2002     44     0.00115
2002     45     0.00062
2002     46     0.00033
2002     47     0.00013
2002     48     0.00010
2002     49     0.00000
2002     50     0.00002
2002     51     0.00000
2002     52     0.00002
2002     53     0.00000
2002     54     0.00000
2002     55+    0.00004
2003     12-    0.00000
2003     13     0.00006
2003     14     0.00028
2003     15     0.00148
2003     16     0.00507
2003     17     0.01009
2003     18     0.01908
2003     19     0.02929
2003     20     0.03839
2003     21     0.04831
2003     22     0.05738
2003     23     0.06477
2003     24     0.07746
2003     25     0.08569
2003     26     0.09153
2003     27     0.09668
2003     28     0.09926
2003     29     0.09738
2003     30     0.09382
2003     31     0.08502
2003     32     0.07460
2003     33     0.06233
2003     34     0.05583
2003     35     0.04718
2003     36     0.03730
2003     37     0.02975
2003     38     0.02169
2003     39     0.01638
2003     40     0.01176
2003     41     0.00787
2003     42     0.00486
2003     43     0.00252
2003     44     0.00160
2003     45     0.00068
2003     46     0.00035
2003     47     0.00003
2003     48     0.00006
2003     49     0.00008
2003     50     0.00002
2003     51     0.00000
2003     52     0.00000
2003     53     0.00000
2003     54     0.00000
2003     55+    0.00000
2004     12-    0.00000
2004     13     0.00004
2004     14     0.00032
2004     15     0.00165
2004     16     0.00484
2004     17     0.01075
2004     18     0.01889
2004     19     0.03171
2004     20     0.03933
2004     21     0.04854
2004     22     0.05792
2004     23     0.06682
2004     24     0.07791
2004     25     0.08611
2004     26     0.09062
2004     27     0.09940
2004     28     0.09970
2004     29     0.10100
2004     30     0.09792
2004     31     0.09029
2004     32     0.07785
2004     33     0.06708
2004     34     0.05786
2004     35     0.04911
2004     36     0.04032
2004     37     0.03058
2004     38     0.02384
2004     39     0.01882
2004     40     0.01162
2004     41     0.00747
2004     42     0.00524
2004     43     0.00270
2004     44     0.00175
2004     45     0.00048
2004     46     0.00033
2004     47     0.00008
2004     48     0.00007
2004     49     0.00002
2004     50     0.00002
2004     51     0.00002
2004     52     0.00000
2004     53     0.00000
2004     54     0.00004
2004     55+    0.00004
2005     12-    0.00000
2005     13     0.00000
2005     14     0.00006
2005     15     0.00135
2005     16     0.00410
2005     17     0.00962
2005     18     0.01931
2005     19     0.02974
2005     20     0.03767
2005     21     0.04580
2005     22     0.05275
2005     23     0.06488
2005     24     0.07344
2005     25     0.08536
2005     26     0.09086
2005     27     0.09474
2005     28     0.09835
2005     29     0.10101
2005     30     0.09462
2005     31     0.08935
2005     32     0.08177
2005     33     0.07286
2005     34     0.06106
2005     35     0.05111
2005     36     0.04028
2005     37     0.03227
2005     38     0.02489
2005     39     0.01851
2005     40     0.01300
2005     41     0.00817
2005     42     0.00529
2005     43     0.00271
2005     44     0.00132
2005     45     0.00076
2005     46     0.00042
2005     47     0.00017
2005     48     0.00002
2005     49     0.00005
2005     50     0.00004
2005     51     0.00000
2005     52     0.00002
2005     53     0.00002
2005     54     0.00000
2005     55+    0.00004
2006     12-    0.00000
2006     13     0.00004
2006     14     0.00033
2006     15     0.00142
2006     16     0.00439
2006     17     0.00888
2006     18     0.01613
2006     19     0.02900
2006     20     0.03797
2006     21     0.04535
2006     22     0.05191
2006     23     0.06122
2006     24     0.07008
2006     25     0.07852
2006     26     0.08620
2006     27     0.09638
2006     28     0.10003
2006     29     0.09848
2006     30     0.09846
2006     31     0.09270
2006     32     0.08482
2006     33     0.07316
2006     34     0.06461
2006     35     0.05258
2006     36     0.04234
2006     37     0.03373
2006     38     0.02590
2006     39     0.01927
2006     40     0.01407
2006     41     0.00932
2006     42     0.00562
2006     43     0.00284
2006     44     0.00172
2006     45     0.00082
2006     46     0.00033
2006     47     0.00024
2006     48     0.00007
2006     49     0.00003
2006     50     0.00002
2006     51     0.00002
2006     52     0.00000
2006     53     0.00000
2006     54     0.00002
2006     55+    0.00002
2007     12-    0.00000
2007     13     0.00002
2007     14     0.00010
2007     15     0.00131
2007     16     0.00390
2007     17     0.00857
2007     18     0.01572
2007     19     0.02648
2007     20     0.03477
2007     21     0.04268
2007     22     0.05099
2007     23     0.06038
2007     24     0.06577
2007     25     0.07581
2007     26     0.08620
2007     27     0.09047
2007     28     0.09425
2007     29     0.09718
2007     30     0.09642
2007     31     0.09255
2007     32     0.08439
2007     33     0.07520
2007     34     0.06440
2007     35     0.05307
2007     36     0.04656
2007     37     0.03586
2007     38     0.02547
2007     39     0.02089
2007     40     0.01462
2007     41     0.00927
2007     42     0.00546
2007     43     0.00289
2007     44     0.00170
2007     45     0.00098
2007     46     0.00035
2007     47     0.00016
2007     48     0.00010
2007     49     0.00002
2007     50     0.00002
2007     51     0.00002
2007     52     0.00006
2007     53     0.00000
2007     54     0.00000
2007     55+    0.00002
2008     12-    0.00002
2008     13     0.00000
2008     14     0.00013
2008     15     0.00142
2008     16     0.00391
2008     17     0.00890
2008     18     0.01629
2008     19     0.02558
2008     20     0.03642
2008     21     0.04340
2008     22     0.04889
2008     23     0.05910
2008     24     0.06651
2008     25     0.07579
2008     26     0.08521
2008     27     0.09068
2008     28     0.09965
2008     29     0.09805
2008     30     0.09630
2008     31     0.09526
2008     32     0.08682
2008     33     0.07634
2008     34     0.06944
2008     35     0.05798
2008     36     0.04737
2008     37     0.03840
2008     38     0.02875
2008     39     0.02153
2008     40     0.01549
2008     41     0.00924
2008     42     0.00632
2008     43     0.00380
2008     44     0.00187
2008     45     0.00079
2008     46     0.00057
2008     47     0.00026
2008     48     0.00020
2008     49     0.00019
2008     50     0.00003
2008     51     0.00003
2008     52     0.00000
2008     53     0.00000
2008     54     0.00000
2008     55+    0.00004
2009     12-    0.00000
2009     13     0.00002
2009     14     0.00028
2009     15     0.00105
2009     16     0.00379
2009     17     0.00772
2009     18     0.01439
2009     19     0.02449
2009     20     0.03274
2009     21     0.04052
2009     22     0.04765
2009     23     0.05683
2009     24     0.06491
2009     25     0.07262
2009     26     0.08038
2009     27     0.08598
2009     28     0.09256
2009     29     0.09954
2009     30     0.09912
2009     31     0.09312
2009     32     0.08755
2009     33     0.07936
2009     34     0.06821
2009     35     0.06180
2009     36     0.04946
2009     37     0.03932
2009     38     0.02967
2009     39     0.02207
2009     40     0.01685
2009     41     0.01011
2009     42     0.00659
2009     43     0.00368
2009     44     0.00184
2009     45     0.00082
2009     46     0.00034
2009     47     0.00022
2009     48     0.00014
2009     49     0.00006
2009     50     0.00006
2009     51     0.00000
2009     52     0.00000
2009     53     0.00002
2009     54     0.00000
2009     55+    0.00000
2010     12-    0.00000
2010     13     0.00002
2010     14     0.00035
2010     15     0.00126
2010     16     0.00358
2010     17     0.00842
2010     18     0.01265
2010     19     0.02392
2010     20     0.03164
2010     21     0.04049
2010     22     0.04801
2010     23     0.05636
2010     24     0.06445
2010     25     0.07406
2010     26     0.08308
2010     27     0.08600
2010     28     0.09752
2010     29     0.10211
2010     30     0.10015
2010     31     0.09900
2010     32     0.09107
2010     33     0.08430
2010     34     0.07598
2010     35     0.06382
2010     36     0.05258
2010     37     0.04282
2010     38     0.03358
2010     39     0.02339
2010     40     0.01673
2010     41     0.01083
2010     42     0.00703
2010     43     0.00376
2010     44     0.00214
2010     45     0.00095
2010     46     0.00049
2010     47     0.00035
2010     48     0.00009
2010     49     0.00015
2010     50     0.00006
2010     51     0.00005
2010     52     0.00005
2010     53     0.00002
2010     54     0.00000
2010     55+    0.00000
2011     12-    0.00000
2011     13     0.00002
2011     14     0.00022
2011     15     0.00088
2011     16     0.00347
2011     17     0.00707
2011     18     0.01310
2011     19     0.01977
2011     20     0.02942
2011     21     0.03779
2011     22     0.04585
2011     23     0.05364
2011     24     0.06300
2011     25     0.07302
2011     26     0.07864
2011     27     0.08703
2011     28     0.09377
2011     29     0.10013
2011     30     0.10036
2011     31     0.09890
2011     32     0.09240
2011     33     0.08541
2011     34     0.07729
2011     35     0.06510
2011     36     0.05457
2011     37     0.04351
2011     38     0.03445
2011     39     0.02586
2011     40     0.01948
2011     41     0.01075
2011     42     0.00728
2011     43     0.00446
2011     44     0.00201
2011     45     0.00093
2011     46     0.00048
2011     47     0.00031
2011     48     0.00010
2011     49     0.00020
2011     50     0.00008
2011     51     0.00003
2011     52     0.00006
2011     53     0.00000
2011     54     0.00000
2011     55+    0.00005
2012     12-    0.00000
2012     13     0.00000
2012     14     0.00016
2012     15     0.00064
2012     16     0.00274
2012     17     0.00754
2012     18     0.01138
2012     19     0.01949
2012     20     0.02528
2012     21     0.03415
2012     22     0.04500
2012     23     0.05164
2012     24     0.06135
2012     25     0.07236
2012     26     0.07995
2012     27     0.08749
2012     28     0.09688
2012     29     0.10067
2012     30     0.10088
2012     31     0.10123
2012     32     0.09594
2012     33     0.08680
2012     34     0.07747
2012     35     0.06751
2012     36     0.05747
2012     37     0.04535
2012     38     0.03552
2012     39     0.02681
2012     40     0.01998
2012     41     0.01185
2012     42     0.00773
2012     43     0.00433
2012     44     0.00217
2012     45     0.00124
2012     46     0.00070
2012     47     0.00025
2012     48     0.00013
2012     49     0.00010
2012     50     0.00006
2012     51     0.00011
2012     52     0.00000
2012     53     0.00002
2012     54     0.00002
2012     55+    0.00003
2013     12-    0.00002
2013     13     0.00002
2013     14     0.00019
2013     15     0.00097
2013     16     0.00252
2013     17     0.00611
2013     18     0.01107
2013     19     0.01841
2013     20     0.02379
2013     21     0.03320
2013     22     0.04231
2013     23     0.05181
2013     24     0.06131
2013     25     0.06957
2013     26     0.08054
2013     27     0.08520
2013     28     0.09480
2013     29     0.09884
2013     30     0.09969
2013     31     0.10269
2013     32     0.09623
2013     33     0.08726
2013     34     0.07784
2013     35     0.06943
2013     36     0.05848
2013     37     0.04670
2013     38     0.03739
2013     39     0.02819
2013     40     0.02049
2013     41     0.01296
2013     42     0.00807
2013     43     0.00479
2013     44     0.00241
2013     45     0.00112
2013     46     0.00074
2013     47     0.00033
2013     48     0.00015
2013     49     0.00018
2013     50     0.00013
2013     51     0.00009
2013     52     0.00002
2013     53     0.00006
2013     54     0.00002
2013     55+    0.00003
2014     12-    0.00000
2014     13     0.00005
2014     14     0.00031
2014     15     0.00109
2014     16     0.00242
2014     17     0.00545
2014     18     0.00983
2014     19     0.01675
2014     20     0.02407
2014     21     0.03330
2014     22     0.04021
2014     23     0.04933
2014     24     0.06214
2014     25     0.06889
2014     26     0.07835
2014     27     0.09034
2014     28     0.09623
2014     29     0.10431
2014     30     0.10461
2014     31     0.10367
2014     32     0.09864
2014     33     0.09165
2014     34     0.08169
2014     35     0.07254
2014     36     0.06187
2014     37     0.04866
2014     38     0.03680
2014     39     0.02853
2014     40     0.02196
2014     41     0.01323
2014     42     0.00829
2014     43     0.00402
2014     44     0.00229
2014     45     0.00104
2014     46     0.00064
2014     47     0.00048
2014     48     0.00027
2014     49     0.00006
2014     50     0.00013
2014     51     0.00004
2014     52     0.00001
2014     53     0.00000
2014     54     0.00002
2014     55+    0.00003
2015     12-    0.00002
2015     13     0.00005
2015     14     0.00029
2015     15     0.00079
2015     16     0.00269
2015     17     0.00542
2015     18     0.01072
2015     19     0.01681
2015     20     0.02269
2015     21     0.03082
2015     22     0.03982
2015     23     0.04887
2015     24     0.05952
2015     25     0.06904
2015     26     0.08011
2015     27     0.08930
2015     28     0.09904
2015     29     0.10279
2015     30     0.10492
2015     31     0.10780
2015     32     0.10272
2015     33     0.09326
2015     34     0.08444
2015     35     0.07396
2015     36     0.06404
2015     37     0.05157
2015     38     0.04083
2015     39     0.03138
2015     40     0.02299
2015     41     0.01442
2015     42     0.00863
2015     43     0.00477
2015     44     0.00300
2015     45     0.00143
2015     46     0.00088
2015     47     0.00033
2015     48     0.00017
2015     49     0.00011
2015     50     0.00013
2015     51     0.00001
2015     52     0.00004
2015     53     0.00000
2015     54     0.00002
2015     55+    0.00005
2016     12-    0.00002
2016     13     0.00002
2016     14     0.00015
2016     15     0.00073
2016     16     0.00223
2016     17     0.00533
2016     18     0.00923
2016     19     0.01686
2016     20     0.02525
2016     21     0.03126
2016     22     0.04183
2016     23     0.05031
2016     24     0.06061
2016     25     0.06914
2016     26     0.08102
2016     27     0.09242
2016     28     0.09791
2016     29     0.10528
2016     30     0.10678
2016     31     0.10929
2016     32     0.10450
2016     33     0.09844
2016     34     0.08694
2016     35     0.08005
2016     36     0.06582
2016     37     0.05352
2016     38     0.04069
2016     39     0.03381
2016     40     0.02406
2016     41     0.01567
2016     42     0.00873
2016     43     0.00555
2016     44     0.00290
2016     45     0.00145
2016     46     0.00077
2016     47     0.00034
2016     48     0.00024
2016     49     0.00016
2016     50     0.00016
2016     51     0.00010
2016     52     0.00003
2016     53     0.00003
2016     54     0.00001
2016     55+    0.00005
2017     12-    0.00000
2017     13     0.00000
2017     14     0.00024
2017     15     0.00051
2017     16     0.00166
2017     17     0.00489
2017     18     0.00949
2017     19     0.01632
2017     20     0.02310
2017     21     0.03013
2017     22     0.03924
2017     23     0.04812
2017     24     0.05844
2017     25     0.06954
2017     26     0.08102
2017     27     0.09054
2017     28     0.09862
2017     29     0.10486
2017     30     0.10703
2017     31     0.10748
2017     32     0.10251
2017     33     0.09991
2017     34     0.08814
2017     35     0.07758
2017     36     0.06623
2017     37     0.05396
2017     38     0.04462
2017     39     0.03359
2017     40     0.02422
2017     41     0.01484
2017     42     0.00945
2017     43     0.00570
2017     44     0.00271
2017     45     0.00148
2017     46     0.00081
2017     47     0.00033
2017     48     0.00031
2017     49     0.00015
2017     50     0.00008
2017     51     0.00007
2017     52     0.00003
2017     53     0.00003
2017     54     0.00000
2017     55+    0.00001
2018     12-    0.00000
2018     13     0.00005
2018     14     0.00022
2018     15     0.00031
2018     16     0.00169
2018     17     0.00389
2018     18     0.00703
2018     19     0.01380
2018     20     0.02086
2018     21     0.02790
2018     22     0.03689
2018     23     0.04605
2018     24     0.05634
2018     25     0.06685
2018     26     0.07832
2018     27     0.08648
2018     28     0.09406
2018     29     0.10283
2018     30     0.10458
2018     31     0.10793
2018     32     0.10077
2018     33     0.09547
2018     34     0.08576
2018     35     0.07819
2018     36     0.06763
2018     37     0.05217
2018     38     0.04173
2018     39     0.03284
2018     40     0.02485
2018     41     0.01654
2018     42     0.00990
2018     43     0.00580
2018     44     0.00284
2018     45     0.00180
2018     46     0.00107
2018     47     0.00057
2018     48     0.00040
2018     49     0.00011
2018     50     0.00014
2018     51     0.00008
2018     52     0.00000
2018     53     0.00003
2018     54     0.00001
2018     55+    0.00001
2019     12-    0.00000
2019     13     0.00000
2019     14     0.00007
2019     15     0.00053
2019     16     0.00177
2019     17     0.00355
2019     18     0.00697
2019     19     0.01272
2019     20     0.01911
2019     21     0.02473
2019     22     0.03464
2019     23     0.04472
2019     24     0.05345
2019     25     0.06278
2019     26     0.07564
2019     27     0.08588
2019     28     0.09152
2019     29     0.10141
2019     30     0.10788
2019     31     0.10707
2019     32     0.10009
2019     33     0.09634
2019     34     0.08505
2019     35     0.07855
2019     36     0.06696
2019     37     0.05506
2019     38     0.04294
2019     39     0.03517
2019     40     0.02643
2019     41     0.01586
2019     42     0.01053
2019     43     0.00579
2019     44     0.00332
2019     45     0.00193
2019     46     0.00098
2019     47     0.00063
2019     48     0.00029
2019     49     0.00018
2019     50     0.00014
2019     51     0.00006
2019     52     0.00003
2019     53     0.00001
2019     54     0.00000
2019     55+    0.00011
