Austria, Cumulative cohort fertility rates (horizontal parallelograms
Last modified: 05/08/2021
Cohort  Age     CCFR
1936    12         .
1936    13         .
1936    14         .
1936    15     0.000
1936    16     0.002
1936    17     0.011
1936    18     0.037
1936    19     0.091
1936    20     0.184
1936    21     0.305
1936    22     0.458
1936    23     0.627
1936    24     0.807
1936    25     0.987
1936    26     1.173
1936    27     1.351
1936    28     1.516
1936    29     1.663
1936    30     1.793
1936    31     1.912
1936    32     2.016
1936    33     2.103
1936    34     2.175
1936    35     2.233
1936    36     2.282
1936    37     2.324
1936    38     2.357
1936    39     2.384
1936    40     2.402
1936    41     2.415
1936    42     2.423
1936    43     2.428
1936    44     2.432
1936    45     2.434
1936    46     2.435
1936    47     2.436
1936    48     2.436
1936    49     2.436
1936    50     2.436
1936    51     2.436
1936    52     2.436
1936    53     2.436
1936    54     2.436
1936    55     2.436
1937    12         .
1937    13         .
1937    14     0.000
1937    15     0.000
1937    16     0.002
1937    17     0.011
1937    18     0.039
1937    19     0.099
1937    20     0.192
1937    21     0.320
1937    22     0.471
1937    23     0.641
1937    24     0.822
1937    25     1.010
1937    26     1.196
1937    27     1.374
1937    28     1.535
1937    29     1.681
1937    30     1.810
1937    31     1.923
1937    32     2.021
1937    33     2.102
1937    34     2.171
1937    35     2.228
1937    36     2.275
1937    37     2.311
1937    38     2.342
1937    39     2.364
1937    40     2.379
1937    41     2.391
1937    42     2.399
1937    43     2.403
1937    44     2.406
1937    45     2.408
1937    46     2.409
1937    47     2.409
1937    48     2.410
1937    49     2.410
1937    50     2.410
1937    51     2.410
1937    52     2.410
1937    53     2.410
1937    54     2.410
1937    55     2.410
1938    12         .
1938    13     0.000
1938    14     0.000
1938    15     0.000
1938    16     0.003
1938    17     0.013
1938    18     0.041
1938    19     0.103
1938    20     0.204
1938    21     0.335
1938    22     0.489
1938    23     0.662
1938    24     0.848
1938    25     1.034
1938    26     1.214
1938    27     1.383
1938    28     1.533
1938    29     1.671
1938    30     1.794
1938    31     1.900
1938    32     1.989
1938    33     2.062
1938    34     2.125
1938    35     2.177
1938    36     2.218
1938    37     2.254
1938    38     2.279
1938    39     2.298
1938    40     2.313
1938    41     2.322
1938    42     2.329
1938    43     2.333
1938    44     2.336
1938    45     2.338
1938    46     2.338
1938    47     2.339
1938    48     2.339
1938    49     2.339
1938    50     2.339
1938    51     2.339
1938    52     2.339
1938    53     2.339
1938    54     2.339
1938    55     2.339
1939    12     0.000
1939    13     0.000
1939    14     0.000
1939    15     0.000
1939    16     0.002
1939    17     0.013
1939    18     0.044
1939    19     0.105
1939    20     0.205
1939    21     0.339
1939    22     0.492
1939    23     0.664
1939    24     0.842
1939    25     1.018
1939    26     1.190
1939    27     1.345
1939    28     1.486
1939    29     1.615
1939    30     1.730
1939    31     1.826
1939    32     1.904
1939    33     1.970
1939    34     2.023
1939    35     2.067
1939    36     2.103
1939    37     2.130
1939    38     2.151
1939    39     2.167
1939    40     2.179
1939    41     2.187
1939    42     2.193
1939    43     2.197
1939    44     2.200
1939    45     2.201
1939    46     2.202
1939    47     2.202
1939    48     2.202
1939    49     2.202
1939    50     2.202
1939    51     2.202
1939    52     2.202
1939    53     2.202
1939    54     2.202
1939    55     2.202
1940    12     0.000
1940    13     0.000
1940    14     0.000
1940    15     0.000
1940    16     0.002
1940    17     0.012
1940    18     0.044
1940    19     0.108
1940    20     0.209
1940    21     0.340
1940    22     0.497
1940    23     0.668
1940    24     0.843
1940    25     1.016
1940    26     1.178
1940    27     1.329
1940    28     1.469
1940    29     1.593
1940    30     1.694
1940    31     1.783
1940    32     1.854
1940    33     1.916
1940    34     1.965
1940    35     2.006
1940    36     2.039
1940    37     2.065
1940    38     2.084
1940    39     2.100
1940    40     2.111
1940    41     2.119
1940    42     2.125
1940    43     2.129
1940    44     2.131
1940    45     2.132
1940    46     2.132
1940    47     2.132
1940    48     2.132
1940    49     2.132
1940    50     2.132
1940    51     2.132
1940    52     2.132
1940    53     2.132
1940    54     2.132
1940    55     2.132
1941    12     0.000
1941    13     0.000
1941    14     0.000
1941    15     0.000
1941    16     0.003
1941    17     0.014
1941    18     0.046
1941    19     0.113
1941    20     0.217
1941    21     0.353
1941    22     0.510
1941    23     0.678
1941    24     0.847
1941    25     1.012
1941    26     1.169
1941    27     1.318
1941    28     1.451
1941    29     1.564
1941    30     1.660
1941    31     1.742
1941    32     1.808
1941    33     1.863
1941    34     1.909
1941    35     1.946
1941    36     1.975
1941    37     1.998
1941    38     2.016
1941    39     2.032
1941    40     2.043
1941    41     2.052
1941    42     2.057
1941    43     2.060
1941    44     2.063
1941    45     2.064
1941    46     2.064
1941    47     2.065
1941    48     2.065
1941    49     2.065
1941    50     2.065
1941    51     2.065
1941    52     2.065
1941    53     2.065
1941    54     2.065
1941    55     2.065
1942    12     0.000
1942    13     0.000
1942    14     0.000
1942    15     0.000
1942    16     0.003
1942    17     0.015
1942    18     0.051
1942    19     0.121
1942    20     0.228
1942    21     0.368
1942    22     0.523
1942    23     0.690
1942    24     0.858
1942    25     1.021
1942    26     1.176
1942    27     1.319
1942    28     1.441
1942    29     1.548
1942    30     1.640
1942    31     1.716
1942    32     1.780
1942    33     1.834
1942    34     1.878
1942    35     1.912
1942    36     1.942
1942    37     1.966
1942    38     1.986
1942    39     2.002
1942    40     2.014
1942    41     2.023
1942    42     2.029
1942    43     2.033
1942    44     2.034
1942    45     2.036
1942    46     2.036
1942    47     2.036
1942    48     2.037
1942    49     2.037
1942    50     2.037
1942    51     2.037
1942    52     2.037
1942    53     2.037
1942    54     2.037
1942    55     2.037
1943    12     0.000
1943    13     0.000
1943    14     0.000
1943    15     0.000
1943    16     0.003
1943    17     0.017
1943    18     0.056
1943    19     0.131
1943    20     0.248
1943    21     0.390
1943    22     0.546
1943    23     0.710
1943    24     0.878
1943    25     1.040
1943    26     1.189
1943    27     1.322
1943    28     1.435
1943    29     1.535
1943    30     1.616
1943    31     1.686
1943    32     1.747
1943    33     1.796
1943    34     1.836
1943    35     1.870
1943    36     1.899
1943    37     1.920
1943    38     1.939
1943    39     1.954
1943    40     1.964
1943    41     1.972
1943    42     1.976
1943    43     1.979
1943    44     1.981
1943    45     1.982
1943    46     1.983
1943    47     1.983
1943    48     1.983
1943    49     1.983
1943    50     1.983
1943    51     1.983
1943    52     1.983
1943    53     1.983
1943    54     1.983
1943    55     1.983
1944    12     0.000
1944    13     0.000
1944    14     0.000
1944    15     0.001
1944    16     0.004
1944    17     0.019
1944    18     0.063
1944    19     0.149
1944    20     0.269
1944    21     0.414
1944    22     0.572
1944    23     0.739
1944    24     0.907
1944    25     1.066
1944    26     1.201
1944    27     1.322
1944    28     1.430
1944    29     1.522
1944    30     1.598
1944    31     1.667
1944    32     1.724
1944    33     1.769
1944    34     1.808
1944    35     1.842
1944    36     1.869
1944    37     1.892
1944    38     1.911
1944    39     1.925
1944    40     1.935
1944    41     1.942
1944    42     1.947
1944    43     1.950
1944    44     1.951
1944    45     1.952
1944    46     1.953
1944    47     1.953
1944    48     1.953
1944    49     1.953
1944    50     1.953
1944    51     1.953
1944    52     1.953
1944    53     1.953
1944    54     1.953
1944    55     1.953
1945    12     0.000
1945    13     0.000
1945    14     0.000
1945    15     0.001
1945    16     0.005
1945    17     0.023
1945    18     0.071
1945    19     0.164
1945    20     0.292
1945    21     0.441
1945    22     0.604
1945    23     0.771
1945    24     0.934
1945    25     1.076
1945    26     1.207
1945    27     1.321
1945    28     1.422
1945    29     1.507
1945    30     1.584
1945    31     1.649
1945    32     1.703
1945    33     1.749
1945    34     1.788
1945    35     1.821
1945    36     1.849
1945    37     1.874
1945    38     1.893
1945    39     1.907
1945    40     1.917
1945    41     1.925
1945    42     1.930
1945    43     1.933
1945    44     1.936
1945    45     1.937
1945    46     1.937
1945    47     1.937
1945    48     1.937
1945    49     1.938
1945    50     1.938
1945    51     1.938
1945    52     1.938
1945    53     1.938
1945    54     1.938
1945    55     1.938
1946    12     0.000
1946    13     0.000
1946    14     0.000
1946    15     0.001
1946    16     0.005
1946    17     0.024
1946    18     0.076
1946    19     0.172
1946    20     0.309
1946    21     0.473
1946    22     0.650
1946    23     0.828
1946    24     0.989
1946    25     1.130
1946    26     1.258
1946    27     1.370
1946    28     1.467
1946    29     1.556
1946    30     1.633
1946    31     1.696
1946    32     1.751
1946    33     1.796
1946    34     1.837
1946    35     1.872
1946    36     1.903
1946    37     1.926
1946    38     1.945
1946    39     1.958
1946    40     1.967
1946    41     1.974
1946    42     1.979
1946    43     1.983
1946    44     1.985
1946    45     1.985
1946    46     1.986
1946    47     1.986
1946    48     1.986
1946    49     1.986
1946    50     1.986
1946    51     1.986
1946    52     1.986
1946    53     1.986
1946    54     1.986
1946    55     1.986
1947    12     0.000
1947    13     0.000
1947    14     0.000
1947    15     0.001
1947    16     0.004
1947    17     0.023
1947    18     0.072
1947    19     0.167
1947    20     0.301
1947    21     0.469
1947    22     0.646
1947    23     0.813
1947    24     0.962
1947    25     1.099
1947    26     1.220
1947    27     1.327
1947    28     1.424
1947    29     1.511
1947    30     1.583
1947    31     1.645
1947    32     1.699
1947    33     1.747
1947    34     1.787
1947    35     1.822
1947    36     1.851
1947    37     1.873
1947    38     1.891
1947    39     1.904
1947    40     1.913
1947    41     1.921
1947    42     1.925
1947    43     1.928
1947    44     1.929
1947    45     1.931
1947    46     1.931
1947    47     1.931
1947    48     1.931
1947    49     1.931
1947    50     1.931
1947    51     1.931
1947    52     1.931
1947    53     1.931
1947    54     1.931
1947    55     1.931
1948    12     0.000
1948    13     0.000
1948    14     0.000
1948    15     0.001
1948    16     0.005
1948    17     0.023
1948    18     0.075
1948    19     0.170
1948    20     0.310
1948    21     0.478
1948    22     0.641
1948    23     0.800
1948    24     0.947
1948    25     1.076
1948    26     1.191
1948    27     1.302
1948    28     1.399
1948    29     1.484
1948    30     1.558
1948    31     1.622
1948    32     1.679
1948    33     1.730
1948    34     1.773
1948    35     1.808
1948    36     1.835
1948    37     1.857
1948    38     1.874
1948    39     1.888
1948    40     1.898
1948    41     1.905
1948    42     1.910
1948    43     1.913
1948    44     1.915
1948    45     1.915
1948    46     1.916
1948    47     1.916
1948    48     1.916
1948    49     1.916
1948    50     1.916
1948    51     1.916
1948    52     1.916
1948    53     1.916
1948    54     1.916
1948    55     1.916
1949    12     0.000
1949    13     0.000
1949    14     0.000
1949    15     0.001
1949    16     0.004
1949    17     0.022
1949    18     0.071
1949    19     0.169
1949    20     0.308
1949    21     0.467
1949    22     0.630
1949    23     0.782
1949    24     0.922
1949    25     1.049
1949    26     1.171
1949    27     1.280
1949    28     1.376
1949    29     1.461
1949    30     1.538
1949    31     1.606
1949    32     1.666
1949    33     1.719
1949    34     1.760
1949    35     1.796
1949    36     1.825
1949    37     1.848
1949    38     1.865
1949    39     1.878
1949    40     1.888
1949    41     1.896
1949    42     1.901
1949    43     1.904
1949    44     1.906
1949    45     1.907
1949    46     1.908
1949    47     1.908
1949    48     1.908
1949    49     1.908
1949    50     1.908
1949    51     1.908
1949    52     1.908
1949    53     1.908
1949    54     1.908
1949    55     1.908
1950    12     0.000
1950    13     0.000
1950    14     0.000
1950    15     0.001
1950    16     0.004
1950    17     0.020
1950    18     0.072
1950    19     0.170
1950    20     0.304
1950    21     0.452
1950    22     0.602
1950    23     0.741
1950    24     0.874
1950    25     1.002
1950    26     1.119
1950    27     1.226
1950    28     1.321
1950    29     1.409
1950    30     1.487
1950    31     1.559
1950    32     1.622
1950    33     1.673
1950    34     1.715
1950    35     1.749
1950    36     1.777
1950    37     1.799
1950    38     1.818
1950    39     1.832
1950    40     1.843
1950    41     1.851
1950    42     1.856
1950    43     1.859
1950    44     1.861
1950    45     1.862
1950    46     1.863
1950    47     1.863
1950    48     1.863
1950    49     1.863
1950    50     1.863
1950    51     1.863
1950    52     1.863
1950    53     1.863
1950    54     1.863
1950    55     1.863
1951    12     0.000
1951    13     0.000
1951    14     0.000
1951    15     0.001
1951    16     0.004
1951    17     0.021
1951    18     0.074
1951    19     0.171
1951    20     0.301
1951    21     0.442
1951    22     0.582
1951    23     0.716
1951    24     0.850
1951    25     0.976
1951    26     1.090
1951    27     1.196
1951    28     1.294
1951    29     1.384
1951    30     1.465
1951    31     1.538
1951    32     1.598
1951    33     1.647
1951    34     1.687
1951    35     1.722
1951    36     1.750
1951    37     1.774
1951    38     1.791
1951    39     1.806
1951    40     1.816
1951    41     1.823
1951    42     1.828
1951    43     1.831
1951    44     1.833
1951    45     1.834
1951    46     1.835
1951    47     1.835
1951    48     1.835
1951    49     1.835
1951    50     1.835
1951    51     1.835
1951    52     1.835
1951    53     1.835
1951    54     1.835
1951    55     1.835
1952    12     0.000
1952    13     0.000
1952    14     0.000
1952    15     0.000
1952    16     0.003
1952    17     0.017
1952    18     0.065
1952    19     0.155
1952    20     0.276
1952    21     0.411
1952    22     0.547
1952    23     0.684
1952    24     0.812
1952    25     0.934
1952    26     1.049
1952    27     1.157
1952    28     1.257
1952    29     1.351
1952    30     1.434
1952    31     1.507
1952    32     1.566
1952    33     1.616
1952    34     1.658
1952    35     1.693
1952    36     1.722
1952    37     1.746
1952    38     1.765
1952    39     1.779
1952    40     1.791
1952    41     1.799
1952    42     1.805
1952    43     1.808
1952    44     1.810
1952    45     1.811
1952    46     1.812
1952    47     1.812
1952    48     1.812
1952    49     1.812
1952    50     1.812
1952    51     1.812
1952    52     1.812
1952    53     1.812
1952    54     1.812
1952    55     1.812
1953    12     0.000
1953    13     0.000
1953    14     0.000
1953    15     0.000
1953    16     0.003
1953    17     0.019
1953    18     0.070
1953    19     0.160
1953    20     0.279
1953    21     0.407
1953    22     0.544
1953    23     0.675
1953    24     0.799
1953    25     0.921
1953    26     1.040
1953    27     1.152
1953    28     1.255
1953    29     1.350
1953    30     1.433
1953    31     1.503
1953    32     1.564
1953    33     1.616
1953    34     1.657
1953    35     1.693
1953    36     1.724
1953    37     1.749
1953    38     1.768
1953    39     1.785
1953    40     1.796
1953    41     1.804
1953    42     1.809
1953    43     1.813
1953    44     1.815
1953    45     1.816
1953    46     1.816
1953    47     1.816
1953    48     1.816
1953    49     1.816
1953    50     1.817
1953    51     1.817
1953    52     1.817
1953    53     1.817
1953    54     1.817
1953    55     1.817
1954    12     0.000
1954    13     0.000
1954    14     0.000
1954    15     0.001
1954    16     0.004
1954    17     0.020
1954    18     0.070
1954    19     0.157
1954    20     0.269
1954    21     0.397
1954    22     0.524
1954    23     0.647
1954    24     0.771
1954    25     0.891
1954    26     1.010
1954    27     1.124
1954    28     1.229
1954    29     1.322
1954    30     1.403
1954    31     1.472
1954    32     1.530
1954    33     1.579
1954    34     1.621
1954    35     1.658
1954    36     1.689
1954    37     1.716
1954    38     1.737
1954    39     1.752
1954    40     1.763
1954    41     1.771
1954    42     1.776
1954    43     1.780
1954    44     1.782
1954    45     1.783
1954    46     1.784
1954    47     1.784
1954    48     1.784
1954    49     1.784
1954    50     1.784
1954    51     1.784
1954    52     1.784
1954    53     1.784
1954    54     1.784
1954    55     1.784
1955    12     0.000
1955    13     0.000
1955    14     0.000
1955    15     0.001
1955    16     0.004
1955    17     0.022
1955    18     0.073
1955    19     0.157
1955    20     0.265
1955    21     0.378
1955    22     0.496
1955    23     0.617
1955    24     0.740
1955    25     0.863
1955    26     0.985
1955    27     1.098
1955    28     1.201
1955    29     1.293
1955    30     1.374
1955    31     1.444
1955    32     1.503
1955    33     1.555
1955    34     1.600
1955    35     1.638
1955    36     1.670
1955    37     1.697
1955    38     1.718
1955    39     1.735
1955    40     1.746
1955    41     1.754
1955    42     1.760
1955    43     1.764
1955    44     1.766
1955    45     1.767
1955    46     1.767
1955    47     1.768
1955    48     1.768
1955    49     1.768
1955    50     1.768
1955    51     1.768
1955    52     1.768
1955    53     1.768
1955    54     1.768
1955    55     1.768
1956    12     0.000
1956    13     0.000
1956    14     0.000
1956    15     0.001
1956    16     0.004
1956    17     0.025
1956    18     0.075
1956    19     0.155
1956    20     0.253
1956    21     0.359
1956    22     0.474
1956    23     0.591
1956    24     0.714
1956    25     0.842
1956    26     0.962
1956    27     1.075
1956    28     1.176
1956    29     1.267
1956    30     1.345
1956    31     1.415
1956    32     1.476
1956    33     1.529
1956    34     1.575
1956    35     1.614
1956    36     1.647
1956    37     1.674
1956    38     1.695
1956    39     1.711
1956    40     1.724
1956    41     1.733
1956    42     1.738
1956    43     1.742
1956    44     1.744
1956    45     1.745
1956    46     1.746
1956    47     1.746
1956    48     1.746
1956    49     1.746
1956    50     1.746
1956    51     1.746
1956    52     1.746
1956    53     1.746
1956    54     1.746
1956    55     1.746
1957    12     0.000
1957    13     0.000
1957    14     0.000
1957    15     0.001
1957    16     0.005
1957    17     0.025
1957    18     0.070
1957    19     0.138
1957    20     0.228
1957    21     0.329
1957    22     0.441
1957    23     0.559
1957    24     0.686
1957    25     0.814
1957    26     0.933
1957    27     1.042
1957    28     1.142
1957    29     1.233
1957    30     1.312
1957    31     1.384
1957    32     1.447
1957    33     1.503
1957    34     1.553
1957    35     1.595
1957    36     1.630
1957    37     1.658
1957    38     1.679
1957    39     1.695
1957    40     1.707
1957    41     1.716
1957    42     1.722
1957    43     1.726
1957    44     1.728
1957    45     1.729
1957    46     1.730
1957    47     1.730
1957    48     1.730
1957    49     1.730
1957    50     1.730
1957    51     1.730
1957    52     1.730
1957    53     1.730
1957    54     1.730
1957    55     1.730
1958    12     0.000
1958    13     0.000
1958    14     0.000
1958    15     0.001
1958    16     0.005
1958    17     0.022
1958    18     0.061
1958    19     0.121
1958    20     0.203
1958    21     0.303
1958    22     0.416
1958    23     0.538
1958    24     0.666
1958    25     0.788
1958    26     0.904
1958    27     1.010
1958    28     1.109
1958    29     1.199
1958    30     1.281
1958    31     1.356
1958    32     1.420
1958    33     1.479
1958    34     1.531
1958    35     1.573
1958    36     1.609
1958    37     1.638
1958    38     1.659
1958    39     1.676
1958    40     1.688
1958    41     1.698
1958    42     1.704
1958    43     1.707
1958    44     1.710
1958    45     1.712
1958    46     1.712
1958    47     1.713
1958    48     1.713
1958    49     1.713
1958    50     1.713
1958    51     1.713
1958    52     1.713
1958    53     1.713
1958    54     1.713
1958    55     1.713
1959    12     0.000
1959    13     0.000
1959    14     0.000
1959    15     0.001
1959    16     0.005
1959    17     0.019
1959    18     0.054
1959    19     0.110
1959    20     0.192
1959    21     0.290
1959    22     0.407
1959    23     0.530
1959    24     0.654
1959    25     0.772
1959    26     0.888
1959    27     0.996
1959    28     1.096
1959    29     1.187
1959    30     1.273
1959    31     1.350
1959    32     1.419
1959    33     1.478
1959    34     1.529
1959    35     1.571
1959    36     1.605
1959    37     1.634
1959    38     1.657
1959    39     1.674
1959    40     1.687
1959    41     1.698
1959    42     1.704
1959    43     1.708
1959    44     1.710
1959    45     1.712
1959    46     1.713
1959    47     1.713
1959    48     1.713
1959    49     1.713
1959    50     1.713
1959    51     1.713
1959    52     1.713
1959    53     1.714
1959    54     1.714
1959    55     1.714
1960    12     0.000
1960    13     0.000
1960    14     0.000
1960    15     0.001
1960    16     0.004
1960    17     0.016
1960    18     0.047
1960    19     0.101
1960    20     0.180
1960    21     0.284
1960    22     0.400
1960    23     0.520
1960    24     0.636
1960    25     0.753
1960    26     0.864
1960    27     0.968
1960    28     1.073
1960    29     1.166
1960    30     1.251
1960    31     1.328
1960    32     1.397
1960    33     1.458
1960    34     1.507
1960    35     1.550
1960    36     1.585
1960    37     1.615
1960    38     1.638
1960    39     1.656
1960    40     1.670
1960    41     1.680
1960    42     1.687
1960    43     1.692
1960    44     1.695
1960    45     1.696
1960    46     1.697
1960    47     1.697
1960    48     1.698
1960    49     1.698
1960    50     1.698
1960    51     1.698
1960    52     1.698
1960    53     1.698
1960    54     1.698
1960    55     1.698
1961    12     0.000
1961    13     0.000
1961    14     0.000
1961    15     0.001
1961    16     0.003
1961    17     0.013
1961    18     0.042
1961    19     0.093
1961    20     0.175
1961    21     0.274
1961    22     0.381
1961    23     0.492
1961    24     0.603
1961    25     0.717
1961    26     0.825
1961    27     0.933
1961    28     1.038
1961    29     1.134
1961    30     1.222
1961    31     1.301
1961    32     1.371
1961    33     1.431
1961    34     1.483
1961    35     1.525
1961    36     1.563
1961    37     1.592
1961    38     1.615
1961    39     1.632
1961    40     1.646
1961    41     1.657
1961    42     1.664
1961    43     1.669
1961    44     1.672
1961    45     1.674
1961    46     1.674
1961    47     1.675
1961    48     1.675
1961    49     1.675
1961    50     1.675
1961    51     1.675
1961    52     1.676
1961    53     1.676
1961    54     1.676
1961    55     1.676
1962    12     0.000
1962    13     0.000
1962    14     0.000
1962    15     0.000
1962    16     0.003
1962    17     0.013
1962    18     0.041
1962    19     0.093
1962    20     0.172
1962    21     0.268
1962    22     0.370
1962    23     0.478
1962    24     0.588
1962    25     0.699
1962    26     0.812
1962    27     0.921
1962    28     1.025
1962    29     1.124
1962    30     1.212
1962    31     1.294
1962    32     1.364
1962    33     1.424
1962    34     1.478
1962    35     1.522
1962    36     1.558
1962    37     1.586
1962    38     1.610
1962    39     1.629
1962    40     1.644
1962    41     1.656
1962    42     1.663
1962    43     1.669
1962    44     1.671
1962    45     1.673
1962    46     1.674
1962    47     1.674
1962    48     1.675
1962    49     1.675
1962    50     1.675
1962    51     1.675
1962    52     1.675
1962    53     1.675
1962    54     1.675
1962    55     1.675
1963    12     0.000
1963    13     0.000
1963    14     0.000
1963    15     0.001
1963    16     0.003
1963    17     0.013
1963    18     0.039
1963    19     0.089
1963    20     0.164
1963    21     0.253
1963    22     0.349
1963    23     0.450
1963    24     0.557
1963    25     0.669
1963    26     0.781
1963    27     0.890
1963    28     0.998
1963    29     1.099
1963    30     1.193
1963    31     1.275
1963    32     1.347
1963    33     1.409
1963    34     1.464
1963    35     1.507
1963    36     1.544
1963    37     1.575
1963    38     1.600
1963    39     1.620
1963    40     1.636
1963    41     1.647
1963    42     1.655
1963    43     1.661
1963    44     1.663
1963    45     1.665
1963    46     1.666
1963    47     1.666
1963    48     1.667
1963    49     1.667
1963    50     1.667
1963    51     1.667
1963    52     1.667
1963    53     1.667
1963    54     1.667
1963    55     1.667
1964    12     0.000
1964    13     0.000
1964    14     0.000
1964    15     0.000
1964    16     0.002
1964    17     0.012
1964    18     0.038
1964    19     0.084
1964    20     0.151
1964    21     0.233
1964    22     0.322
1964    23     0.419
1964    24     0.525
1964    25     0.636
1964    26     0.749
1964    27     0.861
1964    28     0.971
1964    29     1.072
1964    30     1.164
1964    31     1.249
1964    32     1.322
1964    33     1.388
1964    34     1.442
1964    35     1.486
1964    36     1.524
1964    37     1.555
1964    38     1.580
1964    39     1.601
1964    40     1.619
1964    41     1.631
1964    42     1.639
1964    43     1.645
1964    44     1.648
1964    45     1.650
1964    46     1.651
1964    47     1.651
1964    48     1.652
1964    49     1.652
1964    50     1.652
1964    51     1.652
1964    52     1.652
1964    53     1.652
1964    54     1.652
1964    55     1.652
1965    12     0.000
1965    13     0.000
1965    14     0.000
1965    15     0.001
1965    16     0.003
1965    17     0.012
1965    18     0.035
1965    19     0.075
1965    20     0.136
1965    21     0.213
1965    22     0.299
1965    23     0.394
1965    24     0.498
1965    25     0.608
1965    26     0.724
1965    27     0.837
1965    28     0.947
1965    29     1.051
1965    30     1.145
1965    31     1.231
1965    32     1.309
1965    33     1.374
1965    34     1.428
1965    35     1.476
1965    36     1.516
1965    37     1.548
1965    38     1.578
1965    39     1.601
1965    40     1.620
1965    41     1.633
1965    42     1.643
1965    43     1.649
1965    44     1.653
1965    45     1.654
1965    46     1.655
1965    47     1.656
1965    48     1.656
1965    49     1.657
1965    50     1.657
1965    51     1.657
1965    52     1.657
1965    53     1.657
1965    54     1.657
1965    55         .
1966    12     0.000
1966    13     0.000
1966    14     0.000
1966    15     0.000
1966    16     0.002
1966    17     0.010
1966    18     0.030
1966    19     0.067
1966    20     0.125
1966    21     0.194
1966    22     0.281
1966    23     0.376
1966    24     0.475
1966    25     0.584
1966    26     0.701
1966    27     0.814
1966    28     0.924
1966    29     1.025
1966    30     1.122
1966    31     1.208
1966    32     1.283
1966    33     1.348
1966    34     1.405
1966    35     1.453
1966    36     1.494
1966    37     1.530
1966    38     1.559
1966    39     1.583
1966    40     1.602
1966    41     1.616
1966    42     1.625
1966    43     1.631
1966    44     1.635
1966    45     1.637
1966    46     1.638
1966    47     1.639
1966    48     1.639
1966    49     1.639
1966    50     1.640
1966    51     1.640
1966    52     1.640
1966    53     1.640
1966    54         .
1966    55         .
1967    12     0.000
1967    13     0.000
1967    14     0.000
1967    15     0.000
1967    16     0.002
1967    17     0.009
1967    18     0.028
1967    19     0.062
1967    20     0.116
1967    21     0.183
1967    22     0.264
1967    23     0.352
1967    24     0.449
1967    25     0.559
1967    26     0.672
1967    27     0.782
1967    28     0.890
1967    29     0.991
1967    30     1.086
1967    31     1.172
1967    32     1.246
1967    33     1.311
1967    34     1.370
1967    35     1.422
1967    36     1.467
1967    37     1.507
1967    38     1.538
1967    39     1.564
1967    40     1.585
1967    41     1.600
1967    42     1.609
1967    43     1.617
1967    44     1.621
1967    45     1.623
1967    46     1.624
1967    47     1.625
1967    48     1.625
1967    49     1.626
1967    50     1.626
1967    51     1.626
1967    52     1.626
1967    53         .
1967    54         .
1967    55         .
1968    12     0.000
1968    13     0.000
1968    14     0.000
1968    15     0.000
1968    16     0.002
1968    17     0.008
1968    18     0.026
1968    19     0.058
1968    20     0.108
1968    21     0.174
1968    22     0.250
1968    23     0.337
1968    24     0.436
1968    25     0.540
1968    26     0.649
1968    27     0.757
1968    28     0.864
1968    29     0.964
1968    30     1.056
1968    31     1.141
1968    32     1.216
1968    33     1.284
1968    34     1.344
1968    35     1.399
1968    36     1.447
1968    37     1.487
1968    38     1.520
1968    39     1.546
1968    40     1.567
1968    41     1.583
1968    42     1.594
1968    43     1.601
1968    44     1.605
1968    45     1.607
1968    46     1.608
1968    47     1.609
1968    48     1.609
1968    49     1.610
1968    50     1.610
1968    51     1.610
1968    52         .
1968    53         .
1968    54         .
1968    55         .
1969    12     0.000
1969    13     0.000
1969    14     0.000
1969    15     0.000
1969    16     0.002
1969    17     0.008
1969    18     0.025
1969    19     0.056
1969    20     0.104
1969    21     0.168
1969    22     0.245
1969    23     0.334
1969    24     0.431
1969    25     0.534
1969    26     0.639
1969    27     0.746
1969    28     0.853
1969    29     0.951
1969    30     1.042
1969    31     1.127
1969    32     1.205
1969    33     1.275
1969    34     1.338
1969    35     1.396
1969    36     1.446
1969    37     1.488
1969    38     1.522
1969    39     1.549
1969    40     1.570
1969    41     1.587
1969    42     1.598
1969    43     1.605
1969    44     1.610
1969    45     1.612
1969    46     1.613
1969    47     1.614
1969    48     1.614
1969    49     1.615
1969    50     1.615
1969    51         .
1969    52         .
1969    53         .
1969    54         .
1969    55         .
1970    12     0.000
1970    13     0.000
1970    14     0.000
1970    15     0.000
1970    16     0.002
1970    17     0.008
1970    18     0.022
1970    19     0.051
1970    20     0.098
1970    21     0.162
1970    22     0.238
1970    23     0.327
1970    24     0.422
1970    25     0.521
1970    26     0.625
1970    27     0.731
1970    28     0.834
1970    29     0.929
1970    30     1.023
1970    31     1.111
1970    32     1.192
1970    33     1.268
1970    34     1.332
1970    35     1.391
1970    36     1.444
1970    37     1.487
1970    38     1.525
1970    39     1.555
1970    40     1.577
1970    41     1.595
1970    42     1.606
1970    43     1.614
1970    44     1.618
1970    45     1.621
1970    46     1.622
1970    47     1.623
1970    48     1.624
1970    49     1.624
1970    50         .
1970    51         .
1970    52         .
1970    53         .
1970    54         .
1970    55         .
1971    12     0.000
1971    13     0.000
1971    14     0.000
1971    15     0.000
1971    16     0.002
1971    17     0.008
1971    18     0.024
1971    19     0.052
1971    20     0.098
1971    21     0.164
1971    22     0.239
1971    23     0.323
1971    24     0.413
1971    25     0.510
1971    26     0.615
1971    27     0.716
1971    28     0.815
1971    29     0.912
1971    30     1.005
1971    31     1.094
1971    32     1.178
1971    33     1.254
1971    34     1.325
1971    35     1.387
1971    36     1.440
1971    37     1.488
1971    38     1.526
1971    39     1.558
1971    40     1.583
1971    41     1.603
1971    42     1.615
1971    43     1.624
1971    44     1.628
1971    45     1.631
1971    46     1.632
1971    47     1.633
1971    48     1.634
1971    49         .
1971    50         .
1971    51         .
1971    52         .
1971    53         .
1971    54         .
1971    55         .
1972    12     0.000
1972    13     0.000
1972    14     0.000
1972    15     0.000
1972    16     0.002
1972    17     0.009
1972    18     0.025
1972    19     0.057
1972    20     0.107
1972    21     0.172
1972    22     0.247
1972    23     0.326
1972    24     0.412
1972    25     0.507
1972    26     0.604
1972    27     0.703
1972    28     0.803
1972    29     0.899
1972    30     0.994
1972    31     1.089
1972    32     1.176
1972    33     1.256
1972    34     1.329
1972    35     1.394
1972    36     1.448
1972    37     1.496
1972    38     1.537
1972    39     1.571
1972    40     1.597
1972    41     1.617
1972    42     1.630
1972    43     1.639
1972    44     1.644
1972    45     1.647
1972    46     1.649
1972    47     1.650
1972    48         .
1972    49         .
1972    50         .
1972    51         .
1972    52         .
1972    53         .
1972    54         .
1972    55         .
1973    12     0.000
1973    13     0.000
1973    14     0.000
1973    15     0.000
1973    16     0.002
1973    17     0.009
1973    18     0.027
1973    19     0.059
1973    20     0.111
1973    21     0.173
1973    22     0.244
1973    23     0.322
1973    24     0.407
1973    25     0.496
1973    26     0.590
1973    27     0.688
1973    28     0.787
1973    29     0.884
1973    30     0.981
1973    31     1.077
1973    32     1.167
1973    33     1.250
1973    34     1.322
1973    35     1.388
1973    36     1.448
1973    37     1.499
1973    38     1.543
1973    39     1.578
1973    40     1.605
1973    41     1.627
1973    42     1.641
1973    43     1.650
1973    44     1.655
1973    45     1.658
1973    46     1.660
1973    47         .
1973    48         .
1973    49         .
1973    50         .
1973    51         .
1973    52         .
1973    53         .
1973    54         .
1973    55         .
1974    12     0.000
1974    13     0.000
1974    14     0.000
1974    15     0.000
1974    16     0.002
1974    17     0.009
1974    18     0.028
1974    19     0.059
1974    20     0.105
1974    21     0.162
1974    22     0.226
1974    23     0.302
1974    24     0.383
1974    25     0.470
1974    26     0.563
1974    27     0.659
1974    28     0.756
1974    29     0.857
1974    30     0.958
1974    31     1.054
1974    32     1.145
1974    33     1.230
1974    34     1.308
1974    35     1.377
1974    36     1.440
1974    37     1.494
1974    38     1.538
1974    39     1.574
1974    40     1.603
1974    41     1.625
1974    42     1.640
1974    43     1.649
1974    44     1.654
1974    45     1.657
1974    46         .
1974    47         .
1974    48         .
1974    49         .
1974    50         .
1974    51         .
1974    52         .
1974    53         .
1974    54         .
1974    55         .
1975    12     0.000
1975    13     0.000
1975    14     0.000
1975    15     0.000
1975    16     0.002
1975    17     0.009
1975    18     0.027
1975    19     0.056
1975    20     0.098
1975    21     0.153
1975    22     0.216
1975    23     0.286
1975    24     0.364
1975    25     0.450
1975    26     0.539
1975    27     0.633
1975    28     0.733
1975    29     0.833
1975    30     0.933
1975    31     1.029
1975    32     1.122
1975    33     1.207
1975    34     1.286
1975    35     1.357
1975    36     1.422
1975    37     1.478
1975    38     1.523
1975    39     1.560
1975    40     1.590
1975    41     1.614
1975    42     1.629
1975    43     1.639
1975    44     1.645
1975    45         .
1975    46         .
1975    47         .
1975    48         .
1975    49         .
1975    50         .
1975    51         .
1975    52         .
1975    53         .
1975    54         .
1975    55         .
1976    12     0.000
1976    13     0.000
1976    14     0.000
1976    15     0.000
1976    16     0.002
1976    17     0.009
1976    18     0.024
1976    19     0.049
1976    20     0.089
1976    21     0.140
1976    22     0.198
1976    23     0.265
1976    24     0.339
1976    25     0.421
1976    26     0.507
1976    27     0.600
1976    28     0.698
1976    29     0.797
1976    30     0.898
1976    31     0.996
1976    32     1.091
1976    33     1.177
1976    34     1.258
1976    35     1.335
1976    36     1.402
1976    37     1.459
1976    38     1.507
1976    39     1.547
1976    40     1.579
1976    41     1.604
1976    42     1.620
1976    43     1.630
1976    44         .
1976    45         .
1976    46         .
1976    47         .
1976    48         .
1976    49         .
1976    50         .
1976    51         .
1976    52         .
1976    53         .
1976    54         .
1976    55         .
1977    12     0.000
1977    13     0.000
1977    14     0.000
1977    15     0.001
1977    16     0.002
1977    17     0.009
1977    18     0.023
1977    19     0.046
1977    20     0.085
1977    21     0.133
1977    22     0.191
1977    23     0.257
1977    24     0.329
1977    25     0.408
1977    26     0.496
1977    27     0.586
1977    28     0.684
1977    29     0.784
1977    30     0.880
1977    31     0.977
1977    32     1.069
1977    33     1.159
1977    34     1.245
1977    35     1.322
1977    36     1.389
1977    37     1.449
1977    38     1.500
1977    39     1.540
1977    40     1.574
1977    41     1.598
1977    42     1.614
1977    43         .
1977    44         .
1977    45         .
1977    46         .
1977    47         .
1977    48         .
1977    49         .
1977    50         .
1977    51         .
1977    52         .
1977    53         .
1977    54         .
1977    55         .
1978    12     0.000
1978    13     0.000
1978    14     0.000
1978    15     0.000
1978    16     0.002
1978    17     0.007
1978    18     0.020
1978    19     0.043
1978    20     0.078
1978    21     0.125
1978    22     0.183
1978    23     0.247
1978    24     0.318
1978    25     0.397
1978    26     0.483
1978    27     0.574
1978    28     0.668
1978    29     0.765
1978    30     0.864
1978    31     0.961
1978    32     1.059
1978    33     1.150
1978    34     1.237
1978    35     1.315
1978    36     1.388
1978    37     1.451
1978    38     1.504
1978    39     1.546
1978    40     1.579
1978    41     1.604
1978    42         .
1978    43         .
1978    44         .
1978    45         .
1978    46         .
1978    47         .
1978    48         .
1978    49         .
1978    50         .
1978    51         .
1978    52         .
1978    53         .
1978    54         .
1978    55         .
1979    12     0.000
1979    13     0.000
1979    14     0.000
1979    15     0.000
1979    16     0.002
1979    17     0.007
1979    18     0.019
1979    19     0.039
1979    20     0.074
1979    21     0.120
1979    22     0.174
1979    23     0.236
1979    24     0.302
1979    25     0.381
1979    26     0.467
1979    27     0.556
1979    28     0.650
1979    29     0.748
1979    30     0.845
1979    31     0.943
1979    32     1.042
1979    33     1.136
1979    34     1.222
1979    35     1.301
1979    36     1.373
1979    37     1.436
1979    38     1.489
1979    39     1.532
1979    40     1.567
1979    41         .
1979    42         .
1979    43         .
1979    44         .
1979    45         .
1979    46         .
1979    47         .
1979    48         .
1979    49         .
1979    50         .
1979    51         .
1979    52         .
1979    53         .
1979    54         .
1979    55         .
1980    12     0.000
1980    13     0.000
1980    14     0.000
1980    15     0.000
1980    16     0.002
1980    17     0.006
1980    18     0.017
1980    19     0.036
1980    20     0.069
1980    21     0.113
1980    22     0.165
1980    23     0.225
1980    24     0.291
1980    25     0.367
1980    26     0.449
1980    27     0.534
1980    28     0.625
1980    29     0.720
1980    30     0.821
1980    31     0.922
1980    32     1.021
1980    33     1.118
1980    34     1.207
1980    35     1.290
1980    36     1.368
1980    37     1.435
1980    38     1.488
1980    39     1.531
1980    40         .
1980    41         .
1980    42         .
1980    43         .
1980    44         .
1980    45         .
1980    46         .
1980    47         .
1980    48         .
1980    49         .
1980    50         .
1980    51         .
1980    52         .
1980    53         .
1980    54         .
1980    55         .
1981    12     0.000
1981    13     0.000
1981    14     0.000
1981    15     0.000
1981    16     0.001
1981    17     0.005
1981    18     0.015
1981    19     0.035
1981    20     0.065
1981    21     0.107
1981    22     0.156
1981    23     0.213
1981    24     0.278
1981    25     0.349
1981    26     0.427
1981    27     0.514
1981    28     0.601
1981    29     0.696
1981    30     0.799
1981    31     0.900
1981    32     1.002
1981    33     1.101
1981    34     1.193
1981    35     1.277
1981    36     1.355
1981    37     1.421
1981    38     1.474
1981    39         .
1981    40         .
1981    41         .
1981    42         .
1981    43         .
1981    44         .
1981    45         .
1981    46         .
1981    47         .
1981    48         .
1981    49         .
1981    50         .
1981    51         .
1981    52         .
1981    53         .
1981    54         .
1981    55         .
1982    12     0.000
1982    13     0.000
1982    14     0.000
1982    15     0.000
1982    16     0.001
1982    17     0.005
1982    18     0.015
1982    19     0.035
1982    20     0.066
1982    21     0.106
1982    22     0.156
1982    23     0.213
1982    24     0.277
1982    25     0.345
1982    26     0.422
1982    27     0.503
1982    28     0.588
1982    29     0.685
1982    30     0.785
1982    31     0.886
1982    32     0.990
1982    33     1.088
1982    34     1.185
1982    35     1.275
1982    36     1.353
1982    37     1.421
1982    38         .
1982    39         .
1982    40         .
1982    41         .
1982    42         .
1982    43         .
1982    44         .
1982    45         .
1982    46         .
1982    47         .
1982    48         .
1982    49         .
1982    50         .
1982    51         .
1982    52         .
1982    53         .
1982    54         .
1982    55         .
1983    12     0.000
1983    13     0.000
1983    14     0.000
1983    15     0.000
1983    16     0.001
1983    17     0.005
1983    18     0.016
1983    19     0.036
1983    20     0.066
1983    21     0.104
1983    22     0.151
1983    23     0.201
1983    24     0.262
1983    25     0.328
1983    26     0.402
1983    27     0.483
1983    28     0.569
1983    29     0.665
1983    30     0.763
1983    31     0.865
1983    32     0.970
1983    33     1.073
1983    34     1.172
1983    35     1.258
1983    36     1.338
1983    37         .
1983    38         .
1983    39         .
1983    40         .
1983    41         .
1983    42         .
1983    43         .
1983    44         .
1983    45         .
1983    46         .
1983    47         .
1983    48         .
1983    49         .
1983    50         .
1983    51         .
1983    52         .
1983    53         .
1983    54         .
1983    55         .
1984    12     0.000
1984    13     0.000
1984    14     0.000
1984    15     0.000
1984    16     0.002
1984    17     0.006
1984    18     0.017
1984    19     0.036
1984    20     0.067
1984    21     0.104
1984    22     0.149
1984    23     0.201
1984    24     0.260
1984    25     0.327
1984    26     0.398
1984    27     0.480
1984    28     0.568
1984    29     0.664
1984    30     0.765
1984    31     0.871
1984    32     0.979
1984    33     1.082
1984    34     1.180
1984    35     1.265
1984    36         .
1984    37         .
1984    38         .
1984    39         .
1984    40         .
1984    41         .
1984    42         .
1984    43         .
1984    44         .
1984    45         .
1984    46         .
1984    47         .
1984    48         .
1984    49         .
1984    50         .
1984    51         .
1984    52         .
1984    53         .
1984    54         .
1984    55         .
1985    12     0.000
1985    13     0.000
1985    14     0.000
1985    15     0.000
1985    16     0.002
1985    17     0.007
1985    18     0.017
1985    19     0.036
1985    20     0.066
1985    21     0.106
1985    22     0.151
1985    23     0.200
1985    24     0.257
1985    25     0.321
1985    26     0.396
1985    27     0.475
1985    28     0.560
1985    29     0.656
1985    30     0.760
1985    31     0.865
1985    32     0.975
1985    33     1.077
1985    34     1.173
1985    35         .
1985    36         .
1985    37         .
1985    38         .
1985    39         .
1985    40         .
1985    41         .
1985    42         .
1985    43         .
1985    44         .
1985    45         .
1985    46         .
1985    47         .
1985    48         .
1985    49         .
1985    50         .
1985    51         .
1985    52         .
1985    53         .
1985    54         .
1985    55         .
1986    12     0.000
1986    13     0.000
1986    14     0.000
1986    15     0.000
1986    16     0.002
1986    17     0.007
1986    18     0.017
1986    19     0.036
1986    20     0.066
1986    21     0.101
1986    22     0.144
1986    23     0.192
1986    24     0.249
1986    25     0.314
1986    26     0.386
1986    27     0.466
1986    28     0.554
1986    29     0.651
1986    30     0.755
1986    31     0.861
1986    32     0.969
1986    33     1.070
1986    34         .
1986    35         .
1986    36         .
1986    37         .
1986    38         .
1986    39         .
1986    40         .
1986    41         .
1986    42         .
1986    43         .
1986    44         .
1986    45         .
1986    46         .
1986    47         .
1986    48         .
1986    49         .
1986    50         .
1986    51         .
1986    52         .
1986    53         .
1986    54         .
1986    55         .
1987    12     0.000
1987    13     0.000
1987    14     0.000
1987    15     0.000
1987    16     0.002
1987    17     0.007
1987    18     0.018
1987    19     0.036
1987    20     0.064
1987    21     0.100
1987    22     0.142
1987    23     0.191
1987    24     0.246
1987    25     0.308
1987    26     0.379
1987    27     0.460
1987    28     0.550
1987    29     0.649
1987    30     0.753
1987    31     0.860
1987    32     0.966
1987    33         .
1987    34         .
1987    35         .
1987    36         .
1987    37         .
1987    38         .
1987    39         .
1987    40         .
1987    41         .
1987    42         .
1987    43         .
1987    44         .
1987    45         .
1987    46         .
1987    47         .
1987    48         .
1987    49         .
1987    50         .
1987    51         .
1987    52         .
1987    53         .
1987    54         .
1987    55         .
1988    12     0.000
1988    13     0.000
1988    14     0.000
1988    15     0.000
1988    16     0.002
1988    17     0.007
1988    18     0.016
1988    19     0.032
1988    20     0.058
1988    21     0.093
1988    22     0.133
1988    23     0.179
1988    24     0.232
1988    25     0.292
1988    26     0.362
1988    27     0.439
1988    28     0.529
1988    29     0.626
1988    30     0.731
1988    31     0.837
1988    32         .
1988    33         .
1988    34         .
1988    35         .
1988    36         .
1988    37         .
1988    38         .
1988    39         .
1988    40         .
1988    41         .
1988    42         .
1988    43         .
1988    44         .
1988    45         .
1988    46         .
1988    47         .
1988    48         .
1988    49         .
1988    50         .
1988    51         .
1988    52         .
1988    53         .
1988    54         .
1988    55         .
1989    12     0.000
1989    13     0.000
1989    14     0.000
1989    15     0.000
1989    16     0.002
1989    17     0.006
1989    18     0.014
1989    19     0.030
1989    20     0.055
1989    21     0.086
1989    22     0.125
1989    23     0.171
1989    24     0.222
1989    25     0.284
1989    26     0.354
1989    27     0.435
1989    28     0.526
1989    29     0.622
1989    30     0.724
1989    31         .
1989    32         .
1989    33         .
1989    34         .
1989    35         .
1989    36         .
1989    37         .
1989    38         .
1989    39         .
1989    40         .
1989    41         .
1989    42         .
1989    43         .
1989    44         .
1989    45         .
1989    46         .
1989    47         .
1989    48         .
1989    49         .
1989    50         .
1989    51         .
1989    52         .
1989    53         .
1989    54         .
1989    55         .
1990    12     0.000
1990    13     0.000
1990    14     0.000
1990    15     0.000
1990    16     0.001
1990    17     0.005
1990    18     0.014
1990    19     0.030
1990    20     0.053
1990    21     0.084
1990    22     0.121
1990    23     0.164
1990    24     0.215
1990    25     0.275
1990    26     0.343
1990    27     0.425
1990    28     0.514
1990    29     0.606
1990    30         .
1990    31         .
1990    32         .
1990    33         .
1990    34         .
1990    35         .
1990    36         .
1990    37         .
1990    38         .
1990    39         .
1990    40         .
1990    41         .
1990    42         .
1990    43         .
1990    44         .
1990    45         .
1990    46         .
1990    47         .
1990    48         .
1990    49         .
1990    50         .
1990    51         .
1990    52         .
1990    53         .
1990    54         .
1990    55         .
1991    12     0.000
1991    13     0.000
1991    14     0.000
1991    15     0.000
1991    16     0.002
1991    17     0.006
1991    18     0.014
1991    19     0.027
1991    20     0.050
1991    21     0.078
1991    22     0.111
1991    23     0.153
1991    24     0.203
1991    25     0.263
1991    26     0.332
1991    27     0.411
1991    28     0.497
1991    29         .
1991    30         .
1991    31         .
1991    32         .
1991    33         .
1991    34         .
1991    35         .
1991    36         .
1991    37         .
1991    38         .
1991    39         .
1991    40         .
1991    41         .
1991    42         .
1991    43         .
1991    44         .
1991    45         .
1991    46         .
1991    47         .
1991    48         .
1991    49         .
1991    50         .
1991    51         .
1991    52         .
1991    53         .
1991    54         .
1991    55         .
1992    12     0.000
1992    13     0.000
1992    14     0.000
1992    15     0.000
1992    16     0.002
1992    17     0.006
1992    18     0.014
1992    19     0.027
1992    20     0.046
1992    21     0.070
1992    22     0.103
1992    23     0.142
1992    24     0.191
1992    25     0.251
1992    26     0.319
1992    27     0.397
1992    28         .
1992    29         .
1992    30         .
1992    31         .
1992    32         .
1992    33         .
1992    34         .
1992    35         .
1992    36         .
1992    37         .
1992    38         .
1992    39         .
1992    40         .
1992    41         .
1992    42         .
1992    43         .
1992    44         .
1992    45         .
1992    46         .
1992    47         .
1992    48         .
1992    49         .
1992    50         .
1992    51         .
1992    52         .
1992    53         .
1992    54         .
1992    55         .
1993    12     0.000
1993    13     0.000
1993    14     0.000
1993    15     0.000
1993    16     0.001
1993    17     0.005
1993    18     0.013
1993    19     0.026
1993    20     0.044
1993    21     0.068
1993    22     0.101
1993    23     0.142
1993    24     0.192
1993    25     0.249
1993    26     0.314
1993    27         .
1993    28         .
1993    29         .
1993    30         .
1993    31         .
1993    32         .
1993    33         .
1993    34         .
1993    35         .
1993    36         .
1993    37         .
1993    38         .
1993    39         .
1993    40         .
1993    41         .
1993    42         .
1993    43         .
1993    44         .
1993    45         .
1993    46         .
1993    47         .
1993    48         .
1993    49         .
1993    50         .
1993    51         .
1993    52         .
1993    53         .
1993    54         .
1993    55         .
1994    12     0.000
1994    13     0.000
1994    14     0.000
1994    15     0.000
1994    16     0.001
1994    17     0.005
1994    18     0.012
1994    19     0.023
1994    20     0.041
1994    21     0.065
1994    22     0.094
1994    23     0.134
1994    24     0.182
1994    25     0.236
1994    26         .
1994    27         .
1994    28         .
1994    29         .
1994    30         .
1994    31         .
1994    32         .
1994    33         .
1994    34         .
1994    35         .
1994    36         .
1994    37         .
1994    38         .
1994    39         .
1994    40         .
1994    41         .
1994    42         .
1994    43         .
1994    44         .
1994    45         .
1994    46         .
1994    47         .
1994    48         .
1994    49         .
1994    50         .
1994    51         .
1994    52         .
1994    53         .
1994    54         .
1994    55         .
1995    12     0.000
1995    13     0.000
1995    14     0.000
1995    15     0.000
1995    16     0.001
1995    17     0.005
1995    18     0.011
1995    19     0.021
1995    20     0.038
1995    21     0.061
1995    22     0.093
1995    23     0.132
1995    24     0.177
1995    25         .
1995    26         .
1995    27         .
1995    28         .
1995    29         .
1995    30         .
1995    31         .
1995    32         .
1995    33         .
1995    34         .
1995    35         .
1995    36         .
1995    37         .
1995    38         .
1995    39         .
1995    40         .
1995    41         .
1995    42         .
1995    43         .
1995    44         .
1995    45         .
1995    46         .
1995    47         .
1995    48         .
1995    49         .
1995    50         .
1995    51         .
1995    52         .
1995    53         .
1995    54         .
1995    55         .
1996    12     0.000
1996    13     0.000
1996    14     0.000
1996    15     0.000
1996    16     0.001
1996    17     0.003
1996    18     0.009
1996    19     0.019
1996    20     0.035
1996    21     0.059
1996    22     0.088
1996    23     0.123
1996    24         .
1996    25         .
1996    26         .
1996    27         .
1996    28         .
1996    29         .
1996    30         .
1996    31         .
1996    32         .
1996    33         .
1996    34         .
1996    35         .
1996    36         .
1996    37         .
1996    38         .
1996    39         .
1996    40         .
1996    41         .
1996    42         .
1996    43         .
1996    44         .
1996    45         .
1996    46         .
1996    47         .
1996    48         .
1996    49         .
1996    50         .
1996    51         .
1996    52         .
1996    53         .
1996    54         .
1996    55         .
1997    12     0.000
1997    13     0.000
1997    14     0.000
1997    15     0.000
1997    16     0.001
1997    17     0.003
1997    18     0.009
1997    19     0.019
1997    20     0.036
1997    21     0.058
1997    22     0.085
1997    23         .
1997    24         .
1997    25         .
1997    26         .
1997    27         .
1997    28         .
1997    29         .
1997    30         .
1997    31         .
1997    32         .
1997    33         .
1997    34         .
1997    35         .
1997    36         .
1997    37         .
1997    38         .
1997    39         .
1997    40         .
1997    41         .
1997    42         .
1997    43         .
1997    44         .
1997    45         .
1997    46         .
1997    47         .
1997    48         .
1997    49         .
1997    50         .
1997    51         .
1997    52         .
1997    53         .
1997    54         .
1997    55         .
1998    12     0.000
1998    13     0.000
1998    14     0.000
1998    15     0.000
1998    16     0.001
1998    17     0.004
1998    18     0.009
1998    19     0.018
1998    20     0.033
1998    21     0.053
1998    22         .
1998    23         .
1998    24         .
1998    25         .
1998    26         .
1998    27         .
1998    28         .
1998    29         .
1998    30         .
1998    31         .
1998    32         .
1998    33         .
1998    34         .
1998    35         .
1998    36         .
1998    37         .
1998    38         .
1998    39         .
1998    40         .
1998    41         .
1998    42         .
1998    43         .
1998    44         .
1998    45         .
1998    46         .
1998    47         .
1998    48         .
1998    49         .
1998    50         .
1998    51         .
1998    52         .
1998    53         .
1998    54         .
1998    55         .
1999    12     0.000
1999    13     0.000
1999    14     0.000
1999    15     0.000
1999    16     0.001
1999    17     0.004
1999    18     0.009
1999    19     0.018
1999    20     0.031
1999    21         .
1999    22         .
1999    23         .
1999    24         .
1999    25         .
1999    26         .
1999    27         .
1999    28         .
1999    29         .
1999    30         .
1999    31         .
1999    32         .
1999    33         .
1999    34         .
1999    35         .
1999    36         .
1999    37         .
1999    38         .
1999    39         .
1999    40         .
1999    41         .
1999    42         .
1999    43         .
1999    44         .
1999    45         .
1999    46         .
1999    47         .
1999    48         .
1999    49         .
1999    50         .
1999    51         .
1999    52         .
1999    53         .
1999    54         .
1999    55         .
2000    12     0.000
2000    13     0.000
2000    14     0.000
2000    15     0.000
2000    16     0.001
2000    17     0.003
2000    18     0.007
2000    19     0.015
2000    20         .
2000    21         .
2000    22         .
2000    23         .
2000    24         .
2000    25         .
2000    26         .
2000    27         .
2000    28         .
2000    29         .
2000    30         .
2000    31         .
2000    32         .
2000    33         .
2000    34         .
2000    35         .
2000    36         .
2000    37         .
2000    38         .
2000    39         .
2000    40         .
2000    41         .
2000    42         .
2000    43         .
2000    44         .
2000    45         .
2000    46         .
2000    47         .
2000    48         .
2000    49         .
2000    50         .
2000    51         .
2000    52         .
2000    53         .
2000    54         .
2000    55         .
2001    12     0.000
2001    13     0.000
2001    14     0.000
2001    15     0.000
2001    16     0.001
2001    17     0.003
2001    18     0.006
2001    19         .
2001    20         .
2001    21         .
2001    22         .
2001    23         .
2001    24         .
2001    25         .
2001    26         .
2001    27         .
2001    28         .
2001    29         .
2001    30         .
2001    31         .
2001    32         .
2001    33         .
2001    34         .
2001    35         .
2001    36         .
2001    37         .
2001    38         .
2001    39         .
2001    40         .
2001    41         .
2001    42         .
2001    43         .
2001    44         .
2001    45         .
2001    46         .
2001    47         .
2001    48         .
2001    49         .
2001    50         .
2001    51         .
2001    52         .
2001    53         .
2001    54         .
2001    55         .
2002    12     0.000
2002    13     0.000
2002    14     0.000
2002    15     0.000
2002    16     0.001
2002    17     0.003
2002    18         .
2002    19         .
2002    20         .
2002    21         .
2002    22         .
2002    23         .
2002    24         .
2002    25         .
2002    26         .
2002    27         .
2002    28         .
2002    29         .
2002    30         .
2002    31         .
2002    32         .
2002    33         .
2002    34         .
2002    35         .
2002    36         .
2002    37         .
2002    38         .
2002    39         .
2002    40         .
2002    41         .
2002    42         .
2002    43         .
2002    44         .
2002    45         .
2002    46         .
2002    47         .
2002    48         .
2002    49         .
2002    50         .
2002    51         .
2002    52         .
2002    53         .
2002    54         .
2002    55         .
2003    12     0.000
2003    13     0.000
2003    14     0.000
2003    15     0.000
2003    16     0.001
2003    17         .
2003    18         .
2003    19         .
2003    20         .
2003    21         .
2003    22         .
2003    23         .
2003    24         .
2003    25         .
2003    26         .
2003    27         .
2003    28         .
2003    29         .
2003    30         .
2003    31         .
2003    32         .
2003    33         .
2003    34         .
2003    35         .
2003    36         .
2003    37         .
2003    38         .
2003    39         .
2003    40         .
2003    41         .
2003    42         .
2003    43         .
2003    44         .
2003    45         .
2003    46         .
2003    47         .
2003    48         .
2003    49         .
2003    50         .
2003    51         .
2003    52         .
2003    53         .
2003    54         .
2003    55         .
2004    12     0.000
2004    13     0.000
2004    14     0.000
2004    15     0.000
2004    16         .
2004    17         .
2004    18         .
2004    19         .
2004    20         .
2004    21         .
2004    22         .
2004    23         .
2004    24         .
2004    25         .
2004    26         .
2004    27         .
2004    28         .
2004    29         .
2004    30         .
2004    31         .
2004    32         .
2004    33         .
2004    34         .
2004    35         .
2004    36         .
2004    37         .
2004    38         .
2004    39         .
2004    40         .
2004    41         .
2004    42         .
2004    43         .
2004    44         .
2004    45         .
2004    46         .
2004    47         .
2004    48         .
2004    49         .
2004    50         .
2004    51         .
2004    52         .
2004    53         .
2004    54         .
2004    55         .
2005    12     0.000
2005    13     0.000
2005    14     0.000
2005    15         .
2005    16         .
2005    17         .
2005    18         .
2005    19         .
2005    20         .
2005    21         .
2005    22         .
2005    23         .
2005    24         .
2005    25         .
2005    26         .
2005    27         .
2005    28         .
2005    29         .
2005    30         .
2005    31         .
2005    32         .
2005    33         .
2005    34         .
2005    35         .
2005    36         .
2005    37         .
2005    38         .
2005    39         .
2005    40         .
2005    41         .
2005    42         .
2005    43         .
2005    44         .
2005    45         .
2005    46         .
2005    47         .
2005    48         .
2005    49         .
2005    50         .
2005    51         .
2005    52         .
2005    53         .
2005    54         .
2005    55         .
2006    12     0.000
2006    13     0.000
2006    14         .
2006    15         .
2006    16         .
2006    17         .
2006    18         .
2006    19         .
2006    20         .
2006    21         .
2006    22         .
2006    23         .
2006    24         .
2006    25         .
2006    26         .
2006    27         .
2006    28         .
2006    29         .
2006    30         .
2006    31         .
2006    32         .
2006    33         .
2006    34         .
2006    35         .
2006    36         .
2006    37         .
2006    38         .
2006    39         .
2006    40         .
2006    41         .
2006    42         .
2006    43         .
2006    44         .
2006    45         .
2006    46         .
2006    47         .
2006    48         .
2006    49         .
2006    50         .
2006    51         .
2006    52         .
2006    53         .
2006    54         .
2006    55         .
