Austria, Cumulative period fertility rates (vertical parallelograms)
Last modified: 05/08/2021
Year  ARDY  Cohort     CPFR
1951   12    1939     0.000
1951   13    1938     0.000
1951   14    1937     0.000
1951   15    1936     0.000
1951   16    1935     0.001
1951   17    1934     0.005
1951   18    1933     0.022
1951   19    1932     0.060
1951   20    1931     0.123
1951   21    1930     0.215
1951   22    1929     0.321
1951   23    1928     0.434
1951   24    1927     0.557
1951   25    1926     0.677
1951   26    1925     0.799
1951   27    1924     0.918
1951   28    1923     1.035
1951   29    1922     1.145
1951   30    1921     1.250
1951   31    1920     1.355
1951   32    1919     1.448
1951   33    1918     1.534
1951   34    1917     1.606
1951   35    1916     1.673
1951   36    1915     1.732
1951   37    1914     1.786
1951   38    1913     1.837
1951   39    1912     1.880
1951   40    1911     1.918
1951   41    1910     1.949
1951   42    1909     1.973
1951   43    1908     1.991
1951   44    1907     2.004
1951   45    1906     2.012
1951   46    1905     2.017
1951   47    1904     2.019
1951   48    1903     2.020
1951   49    1902     2.021
1951   50    1901     2.021
1951   51    1900     2.022
1951   52    1899     2.022
1951   53    1898     2.022
1951   54    1897     2.022
1951   55    1896     2.022
1952   12    1940     0.000
1952   13    1939     0.000
1952   14    1938     0.000
1952   15    1937     0.000
1952   16    1936     0.001
1952   17    1935     0.005
1952   18    1934     0.021
1952   19    1933     0.058
1952   20    1932     0.124
1952   21    1931     0.220
1952   22    1930     0.326
1952   23    1929     0.445
1952   24    1928     0.569
1952   25    1927     0.696
1952   26    1926     0.821
1952   27    1925     0.945
1952   28    1924     1.067
1952   29    1923     1.181
1952   30    1922     1.287
1952   31    1921     1.391
1952   32    1920     1.483
1952   33    1919     1.570
1952   34    1918     1.647
1952   35    1917     1.718
1952   36    1916     1.779
1952   37    1915     1.832
1952   38    1914     1.882
1952   39    1913     1.925
1952   40    1912     1.962
1952   41    1911     1.992
1952   42    1910     2.015
1952   43    1909     2.034
1952   44    1908     2.046
1952   45    1907     2.054
1952   46    1906     2.058
1952   47    1905     2.061
1952   48    1904     2.062
1952   49    1903     2.062
1952   50    1902     2.062
1952   51    1901     2.062
1952   52    1900     2.062
1952   53    1899     2.062
1952   54    1898     2.062
1952   55    1897     2.062
1953   12    1941     0.000
1953   13    1940     0.000
1953   14    1939     0.000
1953   15    1938     0.000
1953   16    1937     0.001
1953   17    1936     0.006
1953   18    1935     0.022
1953   19    1934     0.059
1953   20    1933     0.125
1953   21    1932     0.222
1953   22    1931     0.333
1953   23    1930     0.459
1953   24    1929     0.588
1953   25    1928     0.717
1953   26    1927     0.848
1953   27    1926     0.975
1953   28    1925     1.097
1953   29    1924     1.211
1953   30    1923     1.323
1953   31    1922     1.429
1953   32    1921     1.521
1953   33    1920     1.609
1953   34    1919     1.686
1953   35    1918     1.755
1953   36    1917     1.818
1953   37    1916     1.874
1953   38    1915     1.920
1953   39    1914     1.962
1953   40    1913     1.996
1953   41    1912     2.027
1953   42    1911     2.050
1953   43    1910     2.066
1953   44    1909     2.078
1953   45    1908     2.086
1953   46    1907     2.091
1953   47    1906     2.093
1953   48    1905     2.095
1953   49    1904     2.095
1953   50    1903     2.095
1953   51    1902     2.096
1953   52    1901     2.096
1953   53    1900     2.096
1953   54    1899     2.096
1953   55    1898     2.096
1954   12    1942     0.000
1954   13    1941     0.000
1954   14    1940     0.000
1954   15    1939     0.000
1954   16    1938     0.001
1954   17    1937     0.006
1954   18    1936     0.023
1954   19    1935     0.062
1954   20    1934     0.129
1954   21    1933     0.225
1954   22    1932     0.342
1954   23    1931     0.468
1954   24    1930     0.602
1954   25    1929     0.739
1954   26    1928     0.876
1954   27    1927     1.008
1954   28    1926     1.134
1954   29    1925     1.252
1954   30    1924     1.365
1954   31    1923     1.471
1954   32    1922     1.568
1954   33    1921     1.656
1954   34    1920     1.736
1954   35    1919     1.807
1954   36    1918     1.869
1954   37    1917     1.927
1954   38    1916     1.977
1954   39    1915     2.019
1954   40    1914     2.055
1954   41    1913     2.086
1954   42    1912     2.110
1954   43    1911     2.128
1954   44    1910     2.140
1954   45    1909     2.148
1954   46    1908     2.152
1954   47    1907     2.154
1954   48    1906     2.155
1954   49    1905     2.156
1954   50    1904     2.156
1954   51    1903     2.156
1954   52    1902     2.156
1954   53    1901     2.156
1954   54    1900     2.156
1954   55    1899     2.156
1955   12    1943     0.000
1955   13    1942     0.000
1955   14    1941     0.000
1955   15    1940     0.000
1955   16    1939     0.001
1955   17    1938     0.006
1955   18    1937     0.023
1955   19    1936     0.066
1955   20    1935     0.140
1955   21    1934     0.238
1955   22    1933     0.357
1955   23    1932     0.493
1955   24    1931     0.639
1955   25    1930     0.784
1955   26    1929     0.926
1955   27    1928     1.069
1955   28    1927     1.206
1955   29    1926     1.335
1955   30    1925     1.452
1955   31    1924     1.564
1955   32    1923     1.670
1955   33    1922     1.765
1955   34    1921     1.849
1955   35    1920     1.926
1955   36    1919     1.994
1955   37    1918     2.054
1955   38    1917     2.108
1955   39    1916     2.153
1955   40    1915     2.189
1955   41    1914     2.220
1955   42    1913     2.245
1955   43    1912     2.262
1955   44    1911     2.274
1955   45    1910     2.282
1955   46    1909     2.286
1955   47    1908     2.289
1955   48    1907     2.290
1955   49    1906     2.290
1955   50    1905     2.290
1955   51    1904     2.290
1955   52    1903     2.290
1955   53    1902     2.290
1955   54    1901     2.290
1955   55    1900     2.290
1956   12    1944     0.000
1956   13    1943     0.000
1956   14    1942     0.000
1956   15    1941     0.000
1956   16    1940     0.001
1956   17    1939     0.007
1956   18    1938     0.026
1956   19    1937     0.071
1956   20    1936     0.147
1956   21    1935     0.255
1956   22    1934     0.389
1956   23    1933     0.537
1956   24    1932     0.695
1956   25    1931     0.856
1956   26    1930     1.014
1956   27    1929     1.167
1956   28    1928     1.313
1956   29    1927     1.453
1956   30    1926     1.583
1956   31    1925     1.703
1956   32    1924     1.814
1956   33    1923     1.915
1956   34    1922     2.009
1956   35    1921     2.091
1956   36    1920     2.166
1956   37    1919     2.229
1956   38    1918     2.287
1956   39    1917     2.334
1956   40    1916     2.378
1956   41    1915     2.411
1956   42    1914     2.437
1956   43    1913     2.456
1956   44    1912     2.470
1956   45    1911     2.478
1956   46    1910     2.483
1956   47    1909     2.485
1956   48    1908     2.486
1956   49    1907     2.486
1956   50    1906     2.486
1956   51    1905     2.486
1956   52    1904     2.486
1956   53    1903     2.486
1956   54    1902     2.486
1956   55    1901     2.486
1957   12    1945     0.000
1957   13    1944     0.000
1957   14    1943     0.000
1957   15    1942     0.000
1957   16    1941     0.001
1957   17    1940     0.008
1957   18    1939     0.027
1957   19    1938     0.073
1957   20    1937     0.153
1957   21    1936     0.263
1957   22    1935     0.401
1957   23    1934     0.555
1957   24    1933     0.716
1957   25    1932     0.884
1957   26    1931     1.049
1957   27    1930     1.210
1957   28    1929     1.365
1957   29    1928     1.512
1957   30    1927     1.647
1957   31    1926     1.775
1957   32    1925     1.889
1957   33    1924     1.991
1957   34    1923     2.084
1957   35    1922     2.170
1957   36    1921     2.245
1957   37    1920     2.312
1957   38    1919     2.370
1957   39    1918     2.422
1957   40    1917     2.463
1957   41    1916     2.497
1957   42    1915     2.522
1957   43    1914     2.542
1957   44    1913     2.556
1957   45    1912     2.564
1957   46    1911     2.569
1957   47    1910     2.571
1957   48    1909     2.572
1957   49    1908     2.573
1957   50    1907     2.573
1957   51    1906     2.573
1957   52    1905     2.573
1957   53    1904     2.573
1957   54    1903     2.573
1957   55    1902     2.573
1958   12    1946     0.000
1958   13    1945     0.000
1958   14    1944     0.000
1958   15    1943     0.000
1958   16    1942     0.001
1958   17    1941     0.007
1958   18    1940     0.027
1958   19    1939     0.075
1958   20    1938     0.152
1958   21    1937     0.268
1958   22    1936     0.405
1958   23    1935     0.566
1958   24    1934     0.736
1958   25    1933     0.909
1958   26    1932     1.081
1958   27    1931     1.248
1958   28    1930     1.405
1958   29    1929     1.550
1958   30    1928     1.685
1958   31    1927     1.810
1958   32    1926     1.924
1958   33    1925     2.028
1958   34    1924     2.124
1958   35    1923     2.209
1958   36    1922     2.284
1958   37    1921     2.351
1958   38    1920     2.409
1958   39    1919     2.457
1958   40    1918     2.496
1958   41    1917     2.530
1958   42    1916     2.553
1958   43    1915     2.572
1958   44    1914     2.585
1958   45    1913     2.594
1958   46    1912     2.598
1958   47    1911     2.600
1958   48    1910     2.601
1958   49    1909     2.602
1958   50    1908     2.602
1958   51    1907     2.602
1958   52    1906     2.602
1958   53    1905     2.602
1958   54    1904     2.602
1958   55    1903     2.602
1959   12    1947     0.000
1959   13    1946     0.000
1959   14    1945     0.000
1959   15    1944     0.000
1959   16    1943     0.002
1959   17    1942     0.009
1959   18    1941     0.031
1959   19    1940     0.080
1959   20    1939     0.162
1959   21    1938     0.281
1959   22    1937     0.424
1959   23    1936     0.590
1959   24    1935     0.767
1959   25    1934     0.944
1959   26    1933     1.127
1959   27    1932     1.298
1959   28    1931     1.460
1959   29    1930     1.614
1959   30    1929     1.755
1959   31    1928     1.887
1959   32    1927     2.005
1959   33    1926     2.108
1959   34    1925     2.203
1959   35    1924     2.287
1959   36    1923     2.364
1959   37    1922     2.431
1959   38    1921     2.488
1959   39    1920     2.539
1959   40    1919     2.580
1959   41    1918     2.614
1959   42    1917     2.641
1959   43    1916     2.660
1959   44    1915     2.672
1959   45    1914     2.680
1959   46    1913     2.685
1959   47    1912     2.687
1959   48    1911     2.688
1959   49    1910     2.689
1959   50    1909     2.689
1959   51    1908     2.689
1959   52    1907     2.689
1959   53    1906     2.689
1959   54    1905     2.689
1959   55    1904     2.689
1960   12    1948     0.000
1960   13    1947     0.000
1960   14    1946     0.000
1960   15    1945     0.000
1960   16    1944     0.002
1960   17    1943     0.009
1960   18    1942     0.033
1960   19    1941     0.084
1960   20    1940     0.169
1960   21    1939     0.286
1960   22    1938     0.430
1960   23    1937     0.594
1960   24    1936     0.767
1960   25    1935     0.946
1960   26    1934     1.127
1960   27    1933     1.303
1960   28    1932     1.468
1960   29    1931     1.625
1960   30    1930     1.768
1960   31    1929     1.898
1960   32    1928     2.014
1960   33    1927     2.122
1960   34    1926     2.219
1960   35    1925     2.303
1960   36    1924     2.378
1960   37    1923     2.444
1960   38    1922     2.501
1960   39    1921     2.549
1960   40    1920     2.591
1960   41    1919     2.623
1960   42    1918     2.648
1960   43    1917     2.667
1960   44    1916     2.680
1960   45    1915     2.687
1960   46    1914     2.692
1960   47    1913     2.694
1960   48    1912     2.695
1960   49    1911     2.695
1960   50    1910     2.695
1960   51    1909     2.695
1960   52    1908     2.695
1960   53    1907     2.695
1960   54    1906     2.695
1960   55    1905     2.695
1961   12    1949     0.000
1961   13    1948     0.000
1961   14    1947     0.000
1961   15    1946     0.000
1961   16    1945     0.002
1961   17    1944     0.012
1961   18    1943     0.041
1961   19    1942     0.098
1961   20    1941     0.190
1961   21    1940     0.311
1961   22    1939     0.458
1961   23    1938     0.623
1961   24    1937     0.803
1961   25    1936     0.991
1961   26    1935     1.176
1961   27    1934     1.355
1961   28    1933     1.524
1961   29    1932     1.685
1961   30    1931     1.835
1961   31    1930     1.969
1961   32    1929     2.089
1961   33    1928     2.199
1961   34    1927     2.298
1961   35    1926     2.384
1961   36    1925     2.459
1961   37    1924     2.528
1961   38    1923     2.587
1961   39    1922     2.638
1961   40    1921     2.680
1961   41    1920     2.713
1961   42    1919     2.738
1961   43    1918     2.758
1961   44    1917     2.770
1961   45    1916     2.778
1961   46    1915     2.782
1961   47    1914     2.784
1961   48    1913     2.785
1961   49    1912     2.786
1961   50    1911     2.786
1961   51    1910     2.786
1961   52    1909     2.786
1961   53    1908     2.786
1961   54    1907     2.786
1961   55    1906     2.786
1962   12    1950     0.000
1962   13    1949     0.000
1962   14    1948     0.000
1962   15    1947     0.000
1962   16    1946     0.002
1962   17    1945     0.011
1962   18    1944     0.044
1962   19    1943     0.109
1962   20    1942     0.205
1962   21    1941     0.329
1962   22    1940     0.475
1962   23    1939     0.639
1962   24    1938     0.815
1962   25    1937     1.002
1962   26    1936     1.186
1962   27    1935     1.369
1962   28    1934     1.537
1962   29    1933     1.701
1962   30    1932     1.847
1962   31    1931     1.985
1962   32    1930     2.108
1962   33    1929     2.219
1962   34    1928     2.317
1962   35    1927     2.402
1962   36    1926     2.478
1962   37    1925     2.545
1962   38    1924     2.601
1962   39    1923     2.651
1962   40    1922     2.693
1962   41    1921     2.727
1962   42    1920     2.753
1962   43    1919     2.771
1962   44    1918     2.784
1962   45    1917     2.793
1962   46    1916     2.797
1962   47    1915     2.799
1962   48    1914     2.800
1962   49    1913     2.800
1962   50    1912     2.801
1962   51    1911     2.801
1962   52    1910     2.801
1962   53    1909     2.801
1962   54    1908     2.801
1962   55    1907     2.801
1963   12    1951     0.000
1963   13    1950     0.000
1963   14    1949     0.000
1963   15    1948     0.000
1963   16    1947     0.002
1963   17    1946     0.012
1963   18    1945     0.044
1963   19    1944     0.114
1963   20    1943     0.218
1963   21    1942     0.348
1963   22    1941     0.497
1963   23    1940     0.661
1963   24    1939     0.834
1963   25    1938     1.012
1963   26    1937     1.197
1963   27    1936     1.381
1963   28    1935     1.551
1963   29    1934     1.715
1963   30    1933     1.863
1963   31    1932     2.001
1963   32    1931     2.126
1963   33    1930     2.239
1963   34    1929     2.338
1963   35    1928     2.425
1963   36    1927     2.504
1963   37    1926     2.570
1963   38    1925     2.629
1963   39    1924     2.678
1963   40    1923     2.717
1963   41    1922     2.751
1963   42    1921     2.775
1963   43    1920     2.794
1963   44    1919     2.806
1963   45    1918     2.814
1963   46    1917     2.818
1963   47    1916     2.820
1963   48    1915     2.821
1963   49    1914     2.822
1963   50    1913     2.822
1963   51    1912     2.822
1963   52    1911     2.822
1963   53    1910     2.822
1963   54    1909     2.822
1963   55    1908     2.822
1964   12    1952     0.000
1964   13    1951     0.000
1964   14    1950     0.000
1964   15    1949     0.000
1964   16    1948     0.002
1964   17    1947     0.012
1964   18    1946     0.045
1964   19    1945     0.117
1964   20    1944     0.229
1964   21    1943     0.365
1964   22    1942     0.514
1964   23    1941     0.675
1964   24    1940     0.845
1964   25    1939     1.019
1964   26    1938     1.194
1964   27    1937     1.368
1964   28    1936     1.538
1964   29    1935     1.696
1964   30    1934     1.844
1964   31    1933     1.982
1964   32    1932     2.106
1964   33    1931     2.216
1964   34    1930     2.314
1964   35    1929     2.400
1964   36    1928     2.478
1964   37    1927     2.544
1964   38    1926     2.601
1964   39    1925     2.648
1964   40    1924     2.687
1964   41    1923     2.719
1964   42    1922     2.746
1964   43    1921     2.765
1964   44    1920     2.778
1964   45    1919     2.786
1964   46    1918     2.790
1964   47    1917     2.792
1964   48    1916     2.794
1964   49    1915     2.794
1964   50    1914     2.794
1964   51    1913     2.794
1964   52    1912     2.794
1964   53    1911     2.794
1964   54    1910     2.794
1964   55    1909     2.794
1965   12    1953     0.000
1965   13    1952     0.000
1965   14    1951     0.000
1965   15    1950     0.000
1965   16    1949     0.002
1965   17    1948     0.010
1965   18    1947     0.043
1965   19    1946     0.113
1965   20    1945     0.229
1965   21    1944     0.370
1965   22    1943     0.520
1965   23    1942     0.681
1965   24    1941     0.849
1965   25    1940     1.015
1965   26    1939     1.185
1965   27    1938     1.348
1965   28    1937     1.506
1965   29    1936     1.661
1965   30    1935     1.799
1965   31    1934     1.930
1965   32    1933     2.049
1965   33    1932     2.152
1965   34    1931     2.244
1965   35    1930     2.326
1965   36    1929     2.402
1965   37    1928     2.466
1965   38    1927     2.521
1965   39    1926     2.567
1965   40    1925     2.604
1965   41    1924     2.635
1965   42    1923     2.659
1965   43    1922     2.676
1965   44    1921     2.688
1965   45    1920     2.696
1965   46    1919     2.700
1965   47    1918     2.702
1965   48    1917     2.703
1965   49    1916     2.704
1965   50    1915     2.704
1965   51    1914     2.704
1965   52    1913     2.704
1965   53    1912     2.704
1965   54    1911     2.704
1965   55    1910     2.704
1966   12    1954     0.000
1966   13    1953     0.000
1966   14    1952     0.000
1966   15    1951     0.000
1966   16    1950     0.001
1966   17    1949     0.010
1966   18    1948     0.042
1966   19    1947     0.116
1966   20    1946     0.233
1966   21    1945     0.385
1966   22    1944     0.543
1966   23    1943     0.707
1966   24    1942     0.875
1966   25    1941     1.041
1966   26    1940     1.203
1966   27    1939     1.360
1966   28    1938     1.510
1966   29    1937     1.655
1966   30    1936     1.792
1966   31    1935     1.916
1966   32    1934     2.031
1966   33    1933     2.131
1966   34    1932     2.224
1966   35    1931     2.303
1966   36    1930     2.374
1966   37    1929     2.436
1966   38    1928     2.488
1966   39    1927     2.533
1966   40    1926     2.567
1966   41    1925     2.597
1966   42    1924     2.619
1966   43    1923     2.637
1966   44    1922     2.648
1966   45    1921     2.655
1966   46    1920     2.659
1966   47    1919     2.661
1966   48    1918     2.662
1966   49    1917     2.662
1966   50    1916     2.663
1966   51    1915     2.663
1966   52    1914     2.663
1966   53    1913     2.663
1966   54    1912     2.663
1966   55    1911     2.663
1967   12    1955     0.000
1967   13    1954     0.000
1967   14    1953     0.000
1967   15    1952     0.000
1967   16    1951     0.001
1967   17    1950     0.011
1967   18    1949     0.044
1967   19    1948     0.117
1967   20    1947     0.235
1967   21    1946     0.387
1967   22    1945     0.557
1967   23    1944     0.723
1967   24    1943     0.891
1967   25    1942     1.055
1967   26    1941     1.216
1967   27    1940     1.370
1967   28    1939     1.516
1967   29    1938     1.651
1967   30    1937     1.782
1967   31    1936     1.903
1967   32    1935     2.013
1967   33    1934     2.111
1967   34    1933     2.201
1967   35    1932     2.279
1967   36    1931     2.346
1967   37    1930     2.407
1967   38    1929     2.458
1967   39    1928     2.499
1967   40    1927     2.533
1967   41    1926     2.561
1967   42    1925     2.582
1967   43    1924     2.597
1967   44    1923     2.608
1967   45    1922     2.615
1967   46    1921     2.618
1967   47    1920     2.620
1967   48    1919     2.621
1967   49    1918     2.621
1967   50    1917     2.621
1967   51    1916     2.621
1967   52    1915     2.621
1967   53    1914     2.621
1967   54    1913     2.621
1967   55    1912     2.621
1968   12    1956     0.000
1968   13    1955     0.000
1968   14    1954     0.000
1968   15    1953     0.000
1968   16    1952     0.002
1968   17    1951     0.008
1968   18    1950     0.042
1968   19    1949     0.116
1968   20    1948     0.236
1968   21    1947     0.393
1968   22    1946     0.568
1968   23    1945     0.747
1968   24    1944     0.912
1968   25    1943     1.076
1968   26    1942     1.233
1968   27    1941     1.382
1968   28    1940     1.524
1968   29    1939     1.655
1968   30    1938     1.777
1968   31    1937     1.891
1968   32    1936     1.996
1968   33    1935     2.094
1968   34    1934     2.178
1968   35    1933     2.253
1968   36    1932     2.320
1968   37    1931     2.378
1968   38    1930     2.426
1968   39    1929     2.468
1968   40    1928     2.501
1968   41    1927     2.528
1968   42    1926     2.548
1968   43    1925     2.563
1968   44    1924     2.572
1968   45    1923     2.579
1968   46    1922     2.583
1968   47    1921     2.585
1968   48    1920     2.586
1968   49    1919     2.586
1968   50    1918     2.586
1968   51    1917     2.587
1968   52    1916     2.587
1968   53    1915     2.587
1968   54    1914     2.587
1968   55    1913     2.587
1969   12    1957     0.000
1969   13    1956     0.000
1969   14    1955     0.000
1969   15    1954     0.000
1969   16    1953     0.001
1969   17    1952     0.009
1969   18    1951     0.039
1969   19    1950     0.116
1969   20    1949     0.236
1969   21    1948     0.391
1969   22    1947     0.558
1969   23    1946     0.731
1969   24    1945     0.905
1969   25    1944     1.060
1969   26    1943     1.207
1969   27    1942     1.349
1969   28    1941     1.481
1969   29    1940     1.606
1969   30    1939     1.719
1969   31    1938     1.825
1969   32    1937     1.924
1969   33    1936     2.014
1969   34    1935     2.093
1969   35    1934     2.167
1969   36    1933     2.231
1969   37    1932     2.288
1969   38    1931     2.335
1969   39    1930     2.375
1969   40    1929     2.409
1969   41    1928     2.434
1969   42    1927     2.454
1969   43    1926     2.467
1969   44    1925     2.476
1969   45    1924     2.482
1969   46    1923     2.485
1969   47    1922     2.487
1969   48    1921     2.488
1969   49    1920     2.488
1969   50    1919     2.488
1969   51    1918     2.488
1969   52    1917     2.488
1969   53    1916     2.488
1969   54    1915     2.488
1969   55    1914     2.488
1970   12    1958     0.000
1970   13    1957     0.000
1970   14    1956     0.000
1970   15    1955     0.000
1970   16    1954     0.002
1970   17    1953     0.010
1970   18    1952     0.043
1970   19    1951     0.111
1970   20    1950     0.226
1970   21    1949     0.369
1970   22    1948     0.530
1970   23    1947     0.692
1970   24    1946     0.850
1970   25    1945     0.999
1970   26    1944     1.134
1970   27    1943     1.261
1970   28    1942     1.383
1970   29    1941     1.497
1970   30    1940     1.600
1970   31    1939     1.693
1970   32    1938     1.779
1970   33    1937     1.859
1970   34    1936     1.934
1970   35    1935     1.999
1970   36    1934     2.057
1970   37    1933     2.108
1970   38    1932     2.153
1970   39    1931     2.190
1970   40    1930     2.220
1970   41    1929     2.244
1970   42    1928     2.262
1970   43    1927     2.274
1970   44    1926     2.282
1970   45    1925     2.288
1970   46    1924     2.291
1970   47    1923     2.293
1970   48    1922     2.293
1970   49    1921     2.294
1970   50    1920     2.294
1970   51    1919     2.294
1970   52    1918     2.294
1970   53    1917     2.294
1970   54    1916     2.294
1970   55    1915     2.294
1971   12    1959     0.000
1971   13    1958     0.000
1971   14    1957     0.000
1971   15    1956     0.000
1971   16    1955     0.002
1971   17    1954     0.011
1971   18    1953     0.042
1971   19    1952     0.112
1971   20    1951     0.221
1971   21    1950     0.359
1971   22    1949     0.508
1971   23    1948     0.665
1971   24    1947     0.818
1971   25    1946     0.960
1971   26    1945     1.094
1971   27    1944     1.217
1971   28    1943     1.331
1971   29    1942     1.438
1971   30    1941     1.538
1971   31    1940     1.627
1971   32    1939     1.709
1971   33    1938     1.781
1971   34    1937     1.850
1971   35    1936     1.913
1971   36    1935     1.968
1971   37    1934     2.017
1971   38    1933     2.058
1971   39    1932     2.095
1971   40    1931     2.126
1971   41    1930     2.150
1971   42    1929     2.168
1971   43    1928     2.181
1971   44    1927     2.189
1971   45    1926     2.195
1971   46    1925     2.198
1971   47    1924     2.200
1971   48    1923     2.201
1971   49    1922     2.201
1971   50    1921     2.201
1971   51    1920     2.201
1971   52    1919     2.201
1971   53    1918     2.201
1971   54    1917     2.201
1971   55    1916     2.201
1972   12    1960     0.000
1972   13    1959     0.000
1972   14    1958     0.000
1972   15    1957     0.000
1972   16    1956     0.002
1972   17    1955     0.013
1972   18    1954     0.046
1972   19    1953     0.117
1972   20    1952     0.225
1972   21    1951     0.356
1972   22    1950     0.498
1972   23    1949     0.642
1972   24    1948     0.787
1972   25    1947     0.925
1972   26    1946     1.056
1972   27    1945     1.178
1972   28    1944     1.286
1972   29    1943     1.386
1972   30    1942     1.477
1972   31    1941     1.561
1972   32    1940     1.635
1972   33    1939     1.701
1972   34    1938     1.762
1972   35    1937     1.818
1972   36    1936     1.871
1972   37    1935     1.914
1972   38    1934     1.953
1972   39    1933     1.986
1972   40    1932     2.014
1972   41    1931     2.038
1972   42    1930     2.054
1972   43    1929     2.066
1972   44    1928     2.075
1972   45    1927     2.081
1972   46    1926     2.083
1972   47    1925     2.085
1972   48    1924     2.086
1972   49    1923     2.086
1972   50    1922     2.086
1972   51    1921     2.086
1972   52    1920     2.086
1972   53    1919     2.086
1972   54    1918     2.086
1972   55    1917     2.086
1973   12    1961     0.000
1973   13    1960     0.000
1973   14    1959     0.000
1973   15    1958     0.000
1973   16    1957     0.002
1973   17    1956     0.013
1973   18    1955     0.049
1973   19    1954     0.117
1973   20    1953     0.218
1973   21    1952     0.342
1973   22    1951     0.476
1973   23    1950     0.611
1973   24    1949     0.745
1973   25    1948     0.878
1973   26    1947     0.997
1973   27    1946     1.109
1973   28    1945     1.212
1973   29    1944     1.303
1973   30    1943     1.386
1973   31    1942     1.462
1973   32    1941     1.530
1973   33    1940     1.591
1973   34    1939     1.646
1973   35    1938     1.694
1973   36    1937     1.740
1973   37    1936     1.781
1973   38    1935     1.818
1973   39    1934     1.849
1973   40    1933     1.875
1973   41    1932     1.895
1973   42    1931     1.910
1973   43    1930     1.921
1973   44    1929     1.929
1973   45    1928     1.934
1973   46    1927     1.936
1973   47    1926     1.938
1973   48    1925     1.938
1973   49    1924     1.938
1973   50    1923     1.939
1973   51    1922     1.939
1973   52    1921     1.939
1973   53    1920     1.939
1973   54    1919     1.939
1973   55    1918     1.939
1974   12    1962     0.000
1974   13    1961     0.000
1974   14    1960     0.000
1974   15    1959     0.000
1974   16    1958     0.003
1974   17    1957     0.012
1974   18    1956     0.046
1974   19    1955     0.112
1974   20    1954     0.211
1974   21    1953     0.333
1974   22    1952     0.467
1974   23    1951     0.605
1974   24    1950     0.738
1974   25    1949     0.870
1974   26    1948     0.995
1974   27    1947     1.110
1974   28    1946     1.212
1974   29    1945     1.306
1974   30    1944     1.389
1974   31    1943     1.460
1974   32    1942     1.524
1974   33    1941     1.585
1974   34    1940     1.635
1974   35    1939     1.681
1974   36    1938     1.720
1974   37    1937     1.759
1974   38    1936     1.793
1974   39    1935     1.823
1974   40    1934     1.847
1974   41    1933     1.866
1974   42    1932     1.881
1974   43    1931     1.892
1974   44    1930     1.899
1974   45    1929     1.904
1974   46    1928     1.906
1974   47    1927     1.908
1974   48    1926     1.908
1974   49    1925     1.908
1974   50    1924     1.908
1974   51    1923     1.908
1974   52    1922     1.908
1974   53    1921     1.908
1974   54    1920     1.908
1974   55    1919     1.908
1975   12    1963     0.000
1975   13    1962     0.000
1975   14    1961     0.000
1975   15    1960     0.000
1975   16    1959     0.002
1975   17    1958     0.010
1975   18    1957     0.038
1975   19    1956     0.096
1975   20    1955     0.187
1975   21    1954     0.300
1975   22    1953     0.427
1975   23    1952     0.561
1975   24    1951     0.695
1975   25    1950     0.826
1975   26    1949     0.949
1975   27    1948     1.064
1975   28    1947     1.169
1975   29    1946     1.262
1975   30    1945     1.346
1975   31    1944     1.416
1975   32    1943     1.481
1975   33    1942     1.537
1975   34    1941     1.584
1975   35    1940     1.625
1975   36    1939     1.662
1975   37    1938     1.694
1975   38    1937     1.724
1975   39    1936     1.749
1975   40    1935     1.771
1975   41    1934     1.790
1975   42    1933     1.803
1975   43    1932     1.813
1975   44    1931     1.819
1975   45    1930     1.823
1975   46    1929     1.825
1975   47    1928     1.826
1975   48    1927     1.827
1975   49    1926     1.827
1975   50    1925     1.827
1975   51    1924     1.827
1975   52    1923     1.827
1975   53    1922     1.827
1975   54    1921     1.827
1975   55    1920     1.827
1976   12    1964     0.000
1976   13    1963     0.000
1976   14    1962     0.000
1976   15    1961     0.000
1976   16    1960     0.001
1976   17    1959     0.008
1976   18    1958     0.033
1976   19    1957     0.084
1976   20    1956     0.163
1976   21    1955     0.264
1976   22    1954     0.378
1976   23    1953     0.502
1976   24    1952     0.629
1976   25    1951     0.752
1976   26    1950     0.870
1976   27    1949     0.983
1976   28    1948     1.085
1976   29    1947     1.175
1976   30    1946     1.254
1976   31    1945     1.324
1976   32    1944     1.383
1976   33    1943     1.433
1976   34    1942     1.478
1976   35    1941     1.518
1976   36    1940     1.551
1976   37    1939     1.580
1976   38    1938     1.603
1976   39    1937     1.625
1976   40    1936     1.643
1976   41    1935     1.658
1976   42    1934     1.669
1976   43    1933     1.677
1976   44    1932     1.682
1976   45    1931     1.686
1976   46    1930     1.688
1976   47    1929     1.688
1976   48    1928     1.689
1976   49    1927     1.689
1976   50    1926     1.689
1976   51    1925     1.689
1976   52    1924     1.689
1976   53    1923     1.689
1976   54    1922     1.689
1976   55    1921     1.689
1977   12    1965     0.000
1977   13    1964     0.000
1977   14    1963     0.000
1977   15    1962     0.000
1977   16    1961     0.001
1977   17    1960     0.007
1977   18    1959     0.029
1977   19    1958     0.074
1977   20    1957     0.144
1977   21    1956     0.240
1977   22    1955     0.351
1977   23    1954     0.471
1977   24    1953     0.594
1977   25    1952     0.718
1977   26    1951     0.836
1977   27    1950     0.945
1977   28    1949     1.046
1977   29    1948     1.138
1977   30    1947     1.217
1977   31    1946     1.283
1977   32    1945     1.344
1977   33    1944     1.392
1977   34    1943     1.434
1977   35    1942     1.471
1977   36    1941     1.504
1977   37    1940     1.530
1977   38    1939     1.552
1977   39    1938     1.570
1977   40    1937     1.587
1977   41    1936     1.601
1977   42    1935     1.612
1977   43    1934     1.620
1977   44    1933     1.625
1977   45    1932     1.628
1977   46    1931     1.630
1977   47    1930     1.630
1977   48    1929     1.631
1977   49    1928     1.631
1977   50    1927     1.631
1977   51    1926     1.631
1977   52    1925     1.631
1977   53    1924     1.631
1977   54    1923     1.631
1977   55    1922     1.631
1978   12    1966     0.000
1978   13    1965     0.000
1978   14    1964     0.000
1978   15    1963     0.000
1978   16    1962     0.001
1978   17    1961     0.007
1978   18    1960     0.026
1978   19    1959     0.068
1978   20    1958     0.138
1978   21    1957     0.228
1978   22    1956     0.334
1978   23    1955     0.450
1978   24    1954     0.571
1978   25    1953     0.693
1978   26    1952     0.815
1978   27    1951     0.929
1978   28    1950     1.032
1978   29    1949     1.124
1978   30    1948     1.205
1978   31    1947     1.273
1978   32    1946     1.331
1978   33    1945     1.382
1978   34    1944     1.424
1978   35    1943     1.459
1978   36    1942     1.489
1978   37    1941     1.515
1978   38    1940     1.535
1978   39    1939     1.552
1978   40    1938     1.566
1978   41    1937     1.578
1978   42    1936     1.587
1978   43    1935     1.594
1978   44    1934     1.599
1978   45    1933     1.602
1978   46    1932     1.603
1978   47    1931     1.604
1978   48    1930     1.605
1978   49    1929     1.605
1978   50    1928     1.605
1978   51    1927     1.605
1978   52    1926     1.605
1978   53    1925     1.605
1978   54    1924     1.605
1978   55    1923     1.605
1979   12    1967     0.000
1979   13    1966     0.000
1979   14    1965     0.000
1979   15    1964     0.000
1979   16    1963     0.001
1979   17    1962     0.006
1979   18    1961     0.025
1979   19    1960     0.065
1979   20    1959     0.132
1979   21    1958     0.221
1979   22    1957     0.329
1979   23    1956     0.443
1979   24    1955     0.563
1979   25    1954     0.686
1979   26    1953     0.805
1979   27    1952     0.919
1979   28    1951     1.021
1979   29    1950     1.114
1979   30    1949     1.196
1979   31    1948     1.269
1979   32    1947     1.329
1979   33    1946     1.380
1979   34    1945     1.421
1979   35    1944     1.456
1979   36    1943     1.487
1979   37    1942     1.512
1979   38    1941     1.534
1979   39    1940     1.551
1979   40    1939     1.565
1979   41    1938     1.574
1979   42    1937     1.582
1979   43    1936     1.588
1979   44    1935     1.592
1979   45    1934     1.595
1979   46    1933     1.597
1979   47    1932     1.597
1979   48    1931     1.598
1979   49    1930     1.598
1979   50    1929     1.598
1979   51    1928     1.598
1979   52    1927     1.598
1979   53    1926     1.598
1979   54    1925     1.598
1979   55    1924     1.598
1980   12    1968     0.000
1980   13    1967     0.000
1980   14    1966     0.000
1980   15    1965     0.000
1980   16    1964     0.001
1980   17    1963     0.007
1980   18    1962     0.025
1980   19    1961     0.065
1980   20    1960     0.133
1980   21    1959     0.225
1980   22    1958     0.334
1980   23    1957     0.452
1980   24    1956     0.576
1980   25    1955     0.703
1980   26    1954     0.827
1980   27    1953     0.945
1980   28    1952     1.053
1980   29    1951     1.150
1980   30    1950     1.235
1980   31    1949     1.310
1980   32    1948     1.374
1980   33    1947     1.428
1980   34    1946     1.473
1980   35    1945     1.511
1980   36    1944     1.543
1980   37    1943     1.569
1980   38    1942     1.588
1980   39    1941     1.607
1980   40    1940     1.620
1980   41    1939     1.630
1980   42    1938     1.637
1980   43    1937     1.642
1980   44    1936     1.646
1980   45    1935     1.649
1980   46    1934     1.650
1980   47    1933     1.651
1980   48    1932     1.651
1980   49    1931     1.652
1980   50    1930     1.652
1980   51    1929     1.652
1980   52    1928     1.652
1980   53    1927     1.652
1980   54    1926     1.652
1980   55    1925     1.652
1981   12    1969     0.000
1981   13    1968     0.000
1981   14    1967     0.000
1981   15    1966     0.000
1981   16    1965     0.001
1981   17    1964     0.006
1981   18    1963     0.024
1981   19    1962     0.062
1981   20    1961     0.128
1981   21    1960     0.219
1981   22    1959     0.331
1981   23    1958     0.451
1981   24    1957     0.577
1981   25    1956     0.705
1981   26    1955     0.828
1981   27    1954     0.944
1981   28    1953     1.054
1981   29    1952     1.153
1981   30    1951     1.244
1981   31    1950     1.322
1981   32    1949     1.390
1981   33    1948     1.446
1981   34    1947     1.493
1981   35    1946     1.531
1981   36    1945     1.564
1981   37    1944     1.591
1981   38    1943     1.612
1981   39    1942     1.630
1981   40    1941     1.643
1981   41    1940     1.653
1981   42    1939     1.660
1981   43    1938     1.665
1981   44    1937     1.669
1981   45    1936     1.671
1981   46    1935     1.672
1981   47    1934     1.673
1981   48    1933     1.673
1981   49    1932     1.674
1981   50    1931     1.674
1981   51    1930     1.674
1981   52    1929     1.674
1981   53    1928     1.674
1981   54    1927     1.674
1981   55    1926     1.674
1982   12    1970     0.000
1982   13    1969     0.000
1982   14    1968     0.000
1982   15    1967     0.000
1982   16    1966     0.001
1982   17    1965     0.005
1982   18    1964     0.022
1982   19    1963     0.060
1982   20    1962     0.124
1982   21    1961     0.214
1982   22    1960     0.319
1982   23    1959     0.439
1982   24    1958     0.565
1982   25    1957     0.692
1982   26    1956     0.816
1982   27    1955     0.936
1982   28    1954     1.047
1982   29    1953     1.145
1982   30    1952     1.234
1982   31    1951     1.314
1982   32    1950     1.380
1982   33    1949     1.437
1982   34    1948     1.483
1982   35    1947     1.523
1982   36    1946     1.554
1982   37    1945     1.582
1982   38    1944     1.602
1982   39    1943     1.619
1982   40    1942     1.631
1982   41    1941     1.642
1982   42    1940     1.648
1982   43    1939     1.653
1982   44    1938     1.656
1982   45    1937     1.658
1982   46    1936     1.660
1982   47    1935     1.661
1982   48    1934     1.661
1982   49    1933     1.661
1982   50    1932     1.661
1982   51    1931     1.661
1982   52    1930     1.661
1982   53    1929     1.661
1982   54    1928     1.661
1982   55    1927     1.661
1983   12    1971     0.000
1983   13    1970     0.000
1983   14    1969     0.000
1983   15    1968     0.000
1983   16    1967     0.001
1983   17    1966     0.005
1983   18    1965     0.019
1983   19    1964     0.051
1983   20    1963     0.108
1983   21    1962     0.190
1983   22    1961     0.289
1983   23    1960     0.395
1983   24    1959     0.510
1983   25    1958     0.630
1983   26    1957     0.747
1983   27    1956     0.860
1983   28    1955     0.965
1983   29    1954     1.063
1983   30    1953     1.150
1983   31    1952     1.226
1983   32    1951     1.290
1983   33    1950     1.344
1983   34    1949     1.390
1983   35    1948     1.428
1983   36    1947     1.459
1983   37    1946     1.484
1983   38    1945     1.505
1983   39    1944     1.521
1983   40    1943     1.532
1983   41    1942     1.541
1983   42    1941     1.548
1983   43    1940     1.552
1983   44    1939     1.555
1983   45    1938     1.557
1983   46    1937     1.558
1983   47    1936     1.559
1983   48    1935     1.559
1983   49    1934     1.559
1983   50    1933     1.559
1983   51    1932     1.559
1983   52    1931     1.559
1983   53    1930     1.559
1983   54    1929     1.559
1983   55    1928     1.559
1984   12    1972     0.000
1984   13    1971     0.000
1984   14    1970     0.000
1984   15    1969     0.000
1984   16    1968     0.001
1984   17    1967     0.004
1984   18    1966     0.017
1984   19    1965     0.046
1984   20    1964     0.097
1984   21    1963     0.172
1984   22    1962     0.266
1984   23    1961     0.371
1984   24    1960     0.485
1984   25    1959     0.601
1984   26    1958     0.718
1984   27    1957     0.831
1984   28    1956     0.936
1984   29    1955     1.030
1984   30    1954     1.116
1984   31    1953     1.191
1984   32    1952     1.256
1984   33    1951     1.310
1984   34    1950     1.355
1984   35    1949     1.392
1984   36    1948     1.425
1984   37    1947     1.449
1984   38    1946     1.470
1984   39    1945     1.486
1984   40    1944     1.498
1984   41    1943     1.506
1984   42    1942     1.511
1984   43    1941     1.516
1984   44    1940     1.519
1984   45    1939     1.520
1984   46    1938     1.521
1984   47    1937     1.522
1984   48    1936     1.522
1984   49    1935     1.522
1984   50    1934     1.522
1984   51    1933     1.522
1984   52    1932     1.522
1984   53    1931     1.522
1984   54    1930     1.522
1984   55    1929     1.522
1985   12    1973     0.000
1985   13    1972     0.000
1985   14    1971     0.000
1985   15    1970     0.000
1985   16    1969     0.001
1985   17    1968     0.004
1985   18    1967     0.016
1985   19    1966     0.042
1985   20    1965     0.089
1985   21    1964     0.159
1985   22    1963     0.245
1985   23    1962     0.342
1985   24    1961     0.448
1985   25    1960     0.560
1985   26    1959     0.675
1985   27    1958     0.787
1985   28    1957     0.890
1985   29    1956     0.985
1985   30    1955     1.070
1985   31    1954     1.144
1985   32    1953     1.207
1985   33    1952     1.264
1985   34    1951     1.310
1985   35    1950     1.347
1985   36    1949     1.379
1985   37    1948     1.405
1985   38    1947     1.424
1985   39    1946     1.439
1985   40    1945     1.450
1985   41    1944     1.459
1985   42    1943     1.465
1985   43    1942     1.468
1985   44    1941     1.471
1985   45    1940     1.473
1985   46    1939     1.473
1985   47    1938     1.474
1985   48    1937     1.474
1985   49    1936     1.474
1985   50    1935     1.474
1985   51    1934     1.474
1985   52    1933     1.474
1985   53    1932     1.474
1985   54    1931     1.474
1985   55    1930     1.474
1986   12    1974     0.000
1986   13    1973     0.000
1986   14    1972     0.000
1986   15    1971     0.000
1986   16    1970     0.001
1986   17    1969     0.004
1986   18    1968     0.015
1986   19    1967     0.040
1986   20    1966     0.085
1986   21    1965     0.149
1986   22    1964     0.231
1986   23    1963     0.324
1986   24    1962     0.430
1986   25    1961     0.541
1986   26    1960     0.652
1986   27    1959     0.762
1986   28    1958     0.866
1986   29    1957     0.960
1986   30    1956     1.045
1986   31    1955     1.120
1986   32    1954     1.185
1986   33    1953     1.239
1986   34    1952     1.284
1986   35    1951     1.323
1986   36    1950     1.354
1986   37    1949     1.379
1986   38    1948     1.399
1986   39    1947     1.414
1986   40    1946     1.425
1986   41    1945     1.434
1986   42    1944     1.440
1986   43    1943     1.444
1986   44    1942     1.446
1986   45    1941     1.448
1986   46    1940     1.448
1986   47    1939     1.449
1986   48    1938     1.449
1986   49    1937     1.449
1986   50    1936     1.449
1986   51    1935     1.449
1986   52    1934     1.449
1986   53    1933     1.449
1986   54    1932     1.449
1986   55    1931     1.449
1987   12    1975     0.000
1987   13    1974     0.000
1987   14    1973     0.000
1987   15    1972     0.000
1987   16    1971     0.001
1987   17    1970     0.005
1987   18    1969     0.015
1987   19    1968     0.039
1987   20    1967     0.079
1987   21    1966     0.139
1987   22    1965     0.217
1987   23    1964     0.306
1987   24    1963     0.407
1987   25    1962     0.516
1987   26    1961     0.629
1987   27    1960     0.737
1987   28    1959     0.841
1987   29    1958     0.937
1987   30    1957     1.021
1987   31    1956     1.096
1987   32    1955     1.160
1987   33    1954     1.217
1987   34    1953     1.262
1987   35    1952     1.300
1987   36    1951     1.332
1987   37    1950     1.359
1987   38    1949     1.379
1987   39    1948     1.395
1987   40    1947     1.406
1987   41    1946     1.415
1987   42    1945     1.421
1987   43    1944     1.425
1987   44    1943     1.428
1987   45    1942     1.429
1987   46    1941     1.430
1987   47    1940     1.431
1987   48    1939     1.431
1987   49    1938     1.431
1987   50    1937     1.431
1987   51    1936     1.431
1987   52    1935     1.431
1987   53    1934     1.431
1987   54    1933     1.431
1987   55    1932     1.431
1988   12    1976     0.000
1988   13    1975     0.000
1988   14    1974     0.000
1988   15    1973     0.000
1988   16    1972     0.001
1988   17    1971     0.005
1988   18    1970     0.016
1988   19    1969     0.037
1988   20    1968     0.078
1988   21    1967     0.138
1988   22    1966     0.213
1988   23    1965     0.303
1988   24    1964     0.404
1988   25    1963     0.512
1988   26    1962     0.624
1988   27    1961     0.734
1988   28    1960     0.841
1988   29    1959     0.939
1988   30    1958     1.027
1988   31    1957     1.106
1988   32    1956     1.174
1988   33    1955     1.231
1988   34    1954     1.278
1988   35    1953     1.317
1988   36    1952     1.351
1988   37    1951     1.377
1988   38    1950     1.397
1988   39    1949     1.413
1988   40    1948     1.423
1988   41    1947     1.432
1988   42    1946     1.437
1988   43    1945     1.441
1988   44    1944     1.444
1988   45    1943     1.445
1988   46    1942     1.446
1988   47    1941     1.446
1988   48    1940     1.447
1988   49    1939     1.447
1988   50    1938     1.447
1988   51    1937     1.447
1988   52    1936     1.447
1988   53    1935     1.447
1988   54    1934     1.447
1988   55    1933     1.447
1989   12    1977     0.000
1989   13    1976     0.000
1989   14    1975     0.000
1989   15    1974     0.000
1989   16    1973     0.001
1989   17    1972     0.005
1989   18    1971     0.017
1989   19    1970     0.039
1989   20    1969     0.078
1989   21    1968     0.134
1989   22    1967     0.205
1989   23    1966     0.290
1989   24    1965     0.386
1989   25    1964     0.494
1989   26    1963     0.607
1989   27    1962     0.718
1989   28    1961     0.824
1989   29    1960     0.924
1989   30    1959     1.012
1989   31    1958     1.093
1989   32    1957     1.162
1989   33    1956     1.221
1989   34    1955     1.270
1989   35    1954     1.312
1989   36    1953     1.346
1989   37    1952     1.373
1989   38    1951     1.393
1989   39    1950     1.410
1989   40    1949     1.422
1989   41    1948     1.431
1989   42    1947     1.437
1989   43    1946     1.440
1989   44    1945     1.443
1989   45    1944     1.444
1989   46    1943     1.445
1989   47    1942     1.445
1989   48    1941     1.445
1989   49    1940     1.445
1989   50    1939     1.445
1989   51    1938     1.445
1989   52    1937     1.446
1989   53    1936     1.446
1989   54    1935     1.446
1989   55    1934     1.446
1990   12    1978     0.000
1990   13    1977     0.000
1990   14    1976     0.000
1990   15    1975     0.000
1990   16    1974     0.001
1990   17    1973     0.005
1990   18    1972     0.018
1990   19    1971     0.041
1990   20    1970     0.078
1990   21    1969     0.132
1990   22    1968     0.203
1990   23    1967     0.285
1990   24    1966     0.376
1990   25    1965     0.480
1990   26    1964     0.593
1990   27    1963     0.703
1990   28    1962     0.812
1990   29    1961     0.913
1990   30    1960     1.005
1990   31    1959     1.087
1990   32    1958     1.160
1990   33    1957     1.222
1990   34    1956     1.274
1990   35    1955     1.317
1990   36    1954     1.352
1990   37    1953     1.381
1990   38    1952     1.404
1990   39    1951     1.420
1990   40    1950     1.432
1990   41    1949     1.441
1990   42    1948     1.448
1990   43    1947     1.452
1990   44    1946     1.454
1990   45    1945     1.456
1990   46    1944     1.457
1990   47    1943     1.457
1990   48    1942     1.457
1990   49    1941     1.457
1990   50    1940     1.457
1990   51    1939     1.457
1990   52    1938     1.457
1990   53    1937     1.457
1990   54    1936     1.457
1990   55    1935     1.457
1991   12    1979     0.000
1991   13    1978     0.000
1991   14    1977     0.000
1991   15    1976     0.000
1991   16    1975     0.001
1991   17    1974     0.006
1991   18    1973     0.018
1991   19    1972     0.043
1991   20    1971     0.084
1991   21    1970     0.142
1991   22    1969     0.212
1991   23    1968     0.295
1991   24    1967     0.388
1991   25    1966     0.494
1991   26    1965     0.609
1991   27    1964     0.725
1991   28    1963     0.838
1991   29    1962     0.943
1991   30    1961     1.038
1991   31    1960     1.123
1991   32    1959     1.196
1991   33    1958     1.260
1991   34    1957     1.316
1991   35    1956     1.362
1991   36    1955     1.398
1991   37    1954     1.428
1991   38    1953     1.452
1991   39    1952     1.470
1991   40    1951     1.483
1991   41    1950     1.492
1991   42    1949     1.499
1991   43    1948     1.502
1991   44    1947     1.504
1991   45    1946     1.506
1991   46    1945     1.506
1991   47    1944     1.507
1991   48    1943     1.507
1991   49    1942     1.507
1991   50    1941     1.507
1991   51    1940     1.507
1991   52    1939     1.507
1991   53    1938     1.507
1991   54    1937     1.507
1991   55    1936     1.507
1992   12    1980     0.000
1992   13    1979     0.000
1992   14    1978     0.000
1992   15    1977     0.000
1992   16    1976     0.001
1992   17    1975     0.005
1992   18    1974     0.018
1992   19    1973     0.042
1992   20    1972     0.085
1992   21    1971     0.142
1992   22    1970     0.213
1992   23    1969     0.297
1992   24    1968     0.390
1992   25    1967     0.491
1992   26    1966     0.602
1992   27    1965     0.717
1992   28    1964     0.827
1992   29    1963     0.933
1992   30    1962     1.030
1992   31    1961     1.115
1992   32    1960     1.190
1992   33    1959     1.254
1992   34    1958     1.309
1992   35    1957     1.356
1992   36    1956     1.394
1992   37    1955     1.424
1992   38    1954     1.448
1992   39    1953     1.466
1992   40    1952     1.480
1992   41    1951     1.490
1992   42    1950     1.496
1992   43    1949     1.500
1992   44    1948     1.502
1992   45    1947     1.503
1992   46    1946     1.504
1992   47    1945     1.505
1992   48    1944     1.505
1992   49    1943     1.505
1992   50    1942     1.505
1992   51    1941     1.505
1992   52    1940     1.505
1992   53    1939     1.505
1992   54    1938     1.505
1992   55    1937     1.505
1993   12    1981     0.000
1993   13    1980     0.000
1993   14    1979     0.000
1993   15    1978     0.000
1993   16    1977     0.001
1993   17    1976     0.005
1993   18    1975     0.017
1993   19    1974     0.040
1993   20    1973     0.081
1993   21    1972     0.138
1993   22    1971     0.210
1993   23    1970     0.291
1993   24    1969     0.383
1993   25    1968     0.485
1993   26    1967     0.593
1993   27    1966     0.705
1993   28    1965     0.817
1993   29    1964     0.925
1993   30    1963     1.022
1993   31    1962     1.109
1993   32    1961     1.185
1993   33    1960     1.249
1993   34    1959     1.304
1993   35    1958     1.350
1993   36    1957     1.389
1993   37    1956     1.419
1993   38    1955     1.443
1993   39    1954     1.461
1993   40    1953     1.475
1993   41    1952     1.485
1993   42    1951     1.492
1993   43    1950     1.495
1993   44    1949     1.498
1993   45    1948     1.500
1993   46    1947     1.500
1993   47    1946     1.500
1993   48    1945     1.501
1993   49    1944     1.501
1993   50    1943     1.501
1993   51    1942     1.501
1993   52    1941     1.501
1993   53    1940     1.501
1993   54    1939     1.501
1993   55    1938     1.501
1994   12    1982     0.000
1994   13    1981     0.000
1994   14    1980     0.000
1994   15    1979     0.000
1994   16    1978     0.001
1994   17    1977     0.004
1994   18    1976     0.014
1994   19    1975     0.034
1994   20    1974     0.070
1994   21    1973     0.122
1994   22    1972     0.189
1994   23    1971     0.266
1994   24    1970     0.354
1994   25    1969     0.453
1994   26    1968     0.556
1994   27    1967     0.664
1994   28    1966     0.775
1994   29    1965     0.881
1994   30    1964     0.981
1994   31    1963     1.068
1994   32    1962     1.145
1994   33    1961     1.210
1994   34    1960     1.266
1994   35    1959     1.313
1994   36    1958     1.351
1994   37    1957     1.383
1994   38    1956     1.408
1994   39    1955     1.427
1994   40    1954     1.440
1994   41    1953     1.448
1994   42    1952     1.455
1994   43    1951     1.460
1994   44    1950     1.462
1994   45    1949     1.464
1994   46    1948     1.465
1994   47    1947     1.465
1994   48    1946     1.465
1994   49    1945     1.465
1994   50    1944     1.465
1994   51    1943     1.465
1994   52    1942     1.465
1994   53    1941     1.465
1994   54    1940     1.465
1994   55    1939     1.465
1995   12    1983     0.000
1995   13    1982     0.000
1995   14    1981     0.000
1995   15    1980     0.000
1995   16    1979     0.001
1995   17    1978     0.004
1995   18    1977     0.013
1995   19    1976     0.032
1995   20    1975     0.065
1995   21    1974     0.113
1995   22    1973     0.173
1995   23    1972     0.246
1995   24    1971     0.327
1995   25    1970     0.418
1995   26    1969     0.519
1995   27    1968     0.626
1995   28    1967     0.733
1995   29    1966     0.836
1995   30    1965     0.934
1995   31    1964     1.022
1995   32    1963     1.101
1995   33    1962     1.168
1995   34    1961     1.224
1995   35    1960     1.270
1995   36    1959     1.309
1995   37    1958     1.340
1995   38    1957     1.365
1995   39    1956     1.383
1995   40    1955     1.397
1995   41    1954     1.407
1995   42    1953     1.413
1995   43    1952     1.418
1995   44    1951     1.420
1995   45    1950     1.422
1995   46    1949     1.423
1995   47    1948     1.423
1995   48    1947     1.423
1995   49    1946     1.423
1995   50    1945     1.423
1995   51    1944     1.423
1995   52    1943     1.423
1995   53    1942     1.423
1995   54    1941     1.423
1995   55    1940     1.423
1996   12    1984     0.000
1996   13    1983     0.000
1996   14    1982     0.000
1996   15    1981     0.000
1996   16    1980     0.001
1996   17    1979     0.003
1996   18    1978     0.012
1996   19    1977     0.028
1996   20    1976     0.059
1996   21    1975     0.104
1996   22    1974     0.164
1996   23    1973     0.234
1996   24    1972     0.318
1996   25    1971     0.409
1996   26    1970     0.512
1996   27    1969     0.619
1996   28    1968     0.727
1996   29    1967     0.831
1996   30    1966     0.931
1996   31    1965     1.023
1996   32    1964     1.107
1996   33    1963     1.177
1996   34    1962     1.236
1996   35    1961     1.286
1996   36    1960     1.327
1996   37    1959     1.359
1996   38    1958     1.386
1996   39    1957     1.404
1996   40    1956     1.418
1996   41    1955     1.429
1996   42    1954     1.436
1996   43    1953     1.440
1996   44    1952     1.443
1996   45    1951     1.444
1996   46    1950     1.445
1996   47    1949     1.445
1996   48    1948     1.445
1996   49    1947     1.445
1996   50    1946     1.445
1996   51    1945     1.445
1996   52    1944     1.445
1996   53    1943     1.445
1996   54    1942     1.445
1996   55    1941     1.445
1997   12    1985     0.000
1997   13    1984     0.000
1997   14    1983     0.000
1997   15    1982     0.000
1997   16    1981     0.001
1997   17    1980     0.003
1997   18    1979     0.010
1997   19    1978     0.025
1997   20    1977     0.056
1997   21    1976     0.100
1997   22    1975     0.155
1997   23    1974     0.221
1997   24    1973     0.299
1997   25    1972     0.385
1997   26    1971     0.481
1997   27    1970     0.584
1997   28    1969     0.687
1997   29    1968     0.787
1997   30    1967     0.882
1997   31    1966     0.971
1997   32    1965     1.051
1997   33    1964     1.121
1997   34    1963     1.181
1997   35    1962     1.229
1997   36    1961     1.269
1997   37    1960     1.303
1997   38    1959     1.330
1997   39    1958     1.349
1997   40    1957     1.364
1997   41    1956     1.375
1997   42    1955     1.382
1997   43    1954     1.386
1997   44    1953     1.389
1997   45    1952     1.390
1997   46    1951     1.391
1997   47    1950     1.392
1997   48    1949     1.392
1997   49    1948     1.392
1997   50    1947     1.392
1997   51    1946     1.392
1997   52    1945     1.392
1997   53    1944     1.392
1997   54    1943     1.392
1997   55    1942     1.392
1998   12    1986     0.000
1998   13    1985     0.000
1998   14    1984     0.000
1998   15    1983     0.000
1998   16    1982     0.001
1998   17    1981     0.003
1998   18    1980     0.010
1998   19    1979     0.025
1998   20    1978     0.055
1998   21    1977     0.095
1998   22    1976     0.149
1998   23    1975     0.212
1998   24    1974     0.286
1998   25    1973     0.370
1998   26    1972     0.463
1998   27    1971     0.563
1998   28    1970     0.664
1998   29    1969     0.763
1998   30    1968     0.859
1998   31    1967     0.949
1998   32    1966     1.030
1998   33    1965     1.101
1998   34    1964     1.161
1998   35    1963     1.209
1998   36    1962     1.249
1998   37    1961     1.281
1998   38    1960     1.307
1998   39    1959     1.327
1998   40    1958     1.342
1998   41    1957     1.353
1998   42    1956     1.360
1998   43    1955     1.364
1998   44    1954     1.367
1998   45    1953     1.369
1998   46    1952     1.369
1998   47    1951     1.370
1998   48    1950     1.370
1998   49    1949     1.370
1998   50    1948     1.370
1998   51    1947     1.370
1998   52    1946     1.370
1998   53    1945     1.370
1998   54    1944     1.370
1998   55    1943     1.370
1999   12    1987     0.000
1999   13    1986     0.000
1999   14    1985     0.000
1999   15    1984     0.000
1999   16    1983     0.001
1999   17    1982     0.003
1999   18    1981     0.010
1999   19    1980     0.024
1999   20    1979     0.049
1999   21    1978     0.089
1999   22    1977     0.142
1999   23    1976     0.202
1999   24    1975     0.273
1999   25    1974     0.355
1999   26    1973     0.445
1999   27    1972     0.540
1999   28    1971     0.638
1999   29    1970     0.734
1999   30    1969     0.828
1999   31    1968     0.916
1999   32    1967     0.994
1999   33    1966     1.063
1999   34    1965     1.123
1999   35    1964     1.173
1999   36    1963     1.215
1999   37    1962     1.249
1999   38    1961     1.275
1999   39    1960     1.294
1999   40    1959     1.310
1999   41    1958     1.322
1999   42    1957     1.329
1999   43    1956     1.334
1999   44    1955     1.337
1999   45    1954     1.339
1999   46    1953     1.340
1999   47    1952     1.340
1999   48    1951     1.340
1999   49    1950     1.340
1999   50    1949     1.340
1999   51    1948     1.340
1999   52    1947     1.340
1999   53    1946     1.340
1999   54    1945     1.340
1999   55    1944     1.340
2000   12    1988     0.000
2000   13    1987     0.000
2000   14    1986     0.000
2000   15    1985     0.000
2000   16    1984     0.001
2000   17    1983     0.003
2000   18    1982     0.010
2000   19    1981     0.025
2000   20    1980     0.050
2000   21    1979     0.089
2000   22    1978     0.140
2000   23    1977     0.202
2000   24    1976     0.273
2000   25    1975     0.353
2000   26    1974     0.442
2000   27    1973     0.537
2000   28    1972     0.637
2000   29    1971     0.737
2000   30    1970     0.833
2000   31    1969     0.925
2000   32    1968     1.007
2000   33    1967     1.079
2000   34    1966     1.140
2000   35    1965     1.193
2000   36    1964     1.236
2000   37    1963     1.270
2000   38    1962     1.297
2000   39    1961     1.318
2000   40    1960     1.334
2000   41    1959     1.346
2000   42    1958     1.354
2000   43    1957     1.359
2000   44    1956     1.361
2000   45    1955     1.363
2000   46    1954     1.364
2000   47    1953     1.364
2000   48    1952     1.364
2000   49    1951     1.364
2000   50    1950     1.364
2000   51    1949     1.364
2000   52    1948     1.364
2000   53    1947     1.364
2000   54    1946     1.364
2000   55    1945     1.364
2001   12    1989     0.000
2001   13    1988     0.000
2001   14    1987     0.000
2001   15    1986     0.000
2001   16    1985     0.001
2001   17    1984     0.004
2001   18    1983     0.012
2001   19    1982     0.027
2001   20    1981     0.052
2001   21    1980     0.088
2001   22    1979     0.136
2001   23    1978     0.193
2001   24    1977     0.259
2001   25    1976     0.333
2001   26    1975     0.414
2001   27    1974     0.505
2001   28    1973     0.601
2001   29    1972     0.697
2001   30    1971     0.790
2001   31    1970     0.880
2001   32    1969     0.962
2001   33    1968     1.035
2001   34    1967     1.098
2001   35    1966     1.153
2001   36    1965     1.197
2001   37    1964     1.233
2001   38    1963     1.260
2001   39    1962     1.281
2001   40    1961     1.298
2001   41    1960     1.310
2001   42    1959     1.319
2001   43    1958     1.324
2001   44    1957     1.327
2001   45    1956     1.329
2001   46    1955     1.330
2001   47    1954     1.330
2001   48    1953     1.330
2001   49    1952     1.331
2001   50    1951     1.331
2001   51    1950     1.331
2001   52    1949     1.331
2001   53    1948     1.331
2001   54    1947     1.331
2001   55    1946     1.331
2002   12    1990     0.000
2002   13    1989     0.000
2002   14    1988     0.000
2002   15    1987     0.000
2002   16    1986     0.001
2002   17    1985     0.004
2002   18    1984     0.012
2002   19    1983     0.027
2002   20    1982     0.052
2002   21    1981     0.089
2002   22    1980     0.135
2002   23    1979     0.192
2002   24    1978     0.258
2002   25    1977     0.335
2002   26    1976     0.420
2002   27    1975     0.510
2002   28    1974     0.607
2002   29    1973     0.707
2002   30    1972     0.807
2002   31    1971     0.903
2002   32    1970     0.990
2002   33    1969     1.071
2002   34    1968     1.139
2002   35    1967     1.197
2002   36    1966     1.246
2002   37    1965     1.285
2002   38    1964     1.317
2002   39    1963     1.341
2002   40    1962     1.359
2002   41    1961     1.373
2002   42    1960     1.381
2002   43    1959     1.387
2002   44    1958     1.391
2002   45    1957     1.392
2002   46    1956     1.393
2002   47    1955     1.394
2002   48    1954     1.394
2002   49    1953     1.394
2002   50    1952     1.394
2002   51    1951     1.394
2002   52    1950     1.394
2002   53    1949     1.394
2002   54    1948     1.394
2002   55    1947     1.394
2003   12    1991     0.000
2003   13    1990     0.000
2003   14    1989     0.000
2003   15    1988     0.000
2003   16    1987     0.001
2003   17    1986     0.004
2003   18    1985     0.011
2003   19    1984     0.026
2003   20    1983     0.050
2003   21    1982     0.084
2003   22    1981     0.128
2003   23    1980     0.180
2003   24    1979     0.242
2003   25    1978     0.313
2003   26    1977     0.395
2003   27    1976     0.483
2003   28    1975     0.577
2003   29    1974     0.676
2003   30    1973     0.776
2003   31    1972     0.870
2003   32    1971     0.961
2003   33    1970     1.040
2003   34    1969     1.108
2003   35    1968     1.168
2003   36    1967     1.219
2003   37    1966     1.262
2003   38    1965     1.294
2003   39    1964     1.320
2003   40    1963     1.339
2003   41    1962     1.353
2003   42    1961     1.362
2003   43    1960     1.368
2003   44    1959     1.372
2003   45    1958     1.374
2003   46    1957     1.375
2003   47    1956     1.375
2003   48    1955     1.376
2003   49    1954     1.376
2003   50    1953     1.376
2003   51    1952     1.376
2003   52    1951     1.376
2003   53    1950     1.376
2003   54    1949     1.376
2003   55    1948     1.376
2004   12    1992     0.000
2004   13    1991     0.000
2004   14    1990     0.000
2004   15    1989     0.000
2004   16    1988     0.001
2004   17    1987     0.004
2004   18    1986     0.012
2004   19    1985     0.026
2004   20    1984     0.051
2004   21    1983     0.088
2004   22    1982     0.130
2004   23    1981     0.185
2004   24    1980     0.247
2004   25    1979     0.319
2004   26    1978     0.402
2004   27    1977     0.491
2004   28    1976     0.584
2004   29    1975     0.685
2004   30    1974     0.786
2004   31    1973     0.886
2004   32    1972     0.981
2004   33    1971     1.064
2004   34    1970     1.138
2004   35    1969     1.199
2004   36    1968     1.253
2004   37    1967     1.297
2004   38    1966     1.333
2004   39    1965     1.360
2004   40    1964     1.381
2004   41    1963     1.396
2004   42    1962     1.405
2004   43    1961     1.411
2004   44    1960     1.415
2004   45    1959     1.417
2004   46    1958     1.418
2004   47    1957     1.418
2004   48    1956     1.419
2004   49    1955     1.419
2004   50    1954     1.419
2004   51    1953     1.419
2004   52    1952     1.419
2004   53    1951     1.419
2004   54    1950     1.419
2004   55    1949     1.419
2005   12    1993     0.000
2005   13    1992     0.000
2005   14    1991     0.000
2005   15    1990     0.000
2005   16    1989     0.000
2005   17    1988     0.003
2005   18    1987     0.009
2005   19    1986     0.024
2005   20    1985     0.049
2005   21    1984     0.084
2005   22    1983     0.124
2005   23    1982     0.173
2005   24    1981     0.233
2005   25    1980     0.301
2005   26    1979     0.381
2005   27    1978     0.470
2005   28    1977     0.560
2005   29    1976     0.660
2005   30    1975     0.760
2005   31    1974     0.858
2005   32    1973     0.950
2005   33    1972     1.035
2005   34    1971     1.113
2005   35    1970     1.179
2005   36    1969     1.236
2005   37    1968     1.282
2005   38    1967     1.318
2005   39    1966     1.346
2005   40    1965     1.367
2005   41    1964     1.383
2005   42    1963     1.393
2005   43    1962     1.400
2005   44    1961     1.403
2005   45    1960     1.405
2005   46    1959     1.406
2005   47    1958     1.407
2005   48    1957     1.407
2005   49    1956     1.407
2005   50    1955     1.407
2005   51    1954     1.407
2005   52    1953     1.407
2005   53    1952     1.407
2005   54    1951     1.407
2005   55    1950     1.407
2006   12    1994     0.000
2006   13    1993     0.000
2006   14    1992     0.000
2006   15    1991     0.000
2006   16    1990     0.001
2006   17    1989     0.003
2006   18    1988     0.010
2006   19    1987     0.022
2006   20    1986     0.045
2006   21    1985     0.078
2006   22    1984     0.121
2006   23    1983     0.170
2006   24    1982     0.225
2006   25    1981     0.291
2006   26    1980     0.366
2006   27    1979     0.448
2006   28    1978     0.539
2006   29    1977     0.638
2006   30    1976     0.737
2006   31    1975     0.838
2006   32    1974     0.932
2006   33    1973     1.022
2006   34    1972     1.100
2006   35    1971     1.169
2006   36    1970     1.227
2006   37    1969     1.275
2006   38    1968     1.313
2006   39    1967     1.342
2006   40    1966     1.365
2006   41    1965     1.381
2006   42    1964     1.393
2006   43    1963     1.400
2006   44    1962     1.404
2006   45    1961     1.406
2006   46    1960     1.408
2006   47    1959     1.408
2006   48    1958     1.408
2006   49    1957     1.409
2006   50    1956     1.409
2006   51    1955     1.409
2006   52    1954     1.409
2006   53    1953     1.409
2006   54    1952     1.409
2006   55    1951     1.409
2007   12    1995     0.000
2007   13    1994     0.000
2007   14    1993     0.000
2007   15    1992     0.000
2007   16    1991     0.001
2007   17    1990     0.003
2007   18    1989     0.009
2007   19    1988     0.021
2007   20    1987     0.042
2007   21    1986     0.073
2007   22    1985     0.112
2007   23    1984     0.158
2007   24    1983     0.214
2007   25    1982     0.277
2007   26    1981     0.348
2007   27    1980     0.430
2007   28    1979     0.517
2007   29    1978     0.610
2007   30    1977     0.707
2007   31    1976     0.804
2007   32    1975     0.898
2007   33    1974     0.987
2007   34    1973     1.069
2007   35    1972     1.137
2007   36    1971     1.195
2007   37    1970     1.246
2007   38    1969     1.286
2007   39    1968     1.316
2007   40    1967     1.339
2007   41    1966     1.357
2007   42    1965     1.369
2007   43    1964     1.376
2007   44    1963     1.380
2007   45    1962     1.382
2007   46    1961     1.384
2007   47    1960     1.384
2007   48    1959     1.384
2007   49    1958     1.385
2007   50    1957     1.385
2007   51    1956     1.385
2007   52    1955     1.385
2007   53    1954     1.385
2007   54    1953     1.385
2007   55    1952     1.385
2008   12    1996     0.000
2008   13    1995     0.000
2008   14    1994     0.000
2008   15    1993     0.000
2008   16    1992     0.001
2008   17    1991     0.003
2008   18    1990     0.009
2008   19    1989     0.022
2008   20    1988     0.043
2008   21    1987     0.074
2008   22    1986     0.114
2008   23    1985     0.161
2008   24    1984     0.215
2008   25    1983     0.277
2008   26    1982     0.347
2008   27    1981     0.428
2008   28    1980     0.516
2008   29    1979     0.611
2008   30    1978     0.711
2008   31    1977     0.808
2008   32    1976     0.904
2008   33    1975     0.996
2008   34    1974     1.078
2008   35    1973     1.152
2008   36    1972     1.215
2008   37    1971     1.267
2008   38    1970     1.309
2008   39    1969     1.344
2008   40    1968     1.368
2008   41    1967     1.387
2008   42    1966     1.398
2008   43    1965     1.406
2008   44    1964     1.411
2008   45    1963     1.414
2008   46    1962     1.415
2008   47    1961     1.416
2008   48    1960     1.416
2008   49    1959     1.416
2008   50    1958     1.416
2008   51    1957     1.417
2008   52    1956     1.417
2008   53    1955     1.417
2008   54    1954     1.417
2008   55    1953     1.417
2009   12    1997     0.000
2009   13    1996     0.000
2009   14    1995     0.000
2009   15    1994     0.000
2009   16    1993     0.001
2009   17    1992     0.003
2009   18    1991     0.009
2009   19    1990     0.019
2009   20    1989     0.039
2009   21    1988     0.068
2009   22    1987     0.104
2009   23    1986     0.149
2009   24    1985     0.201
2009   25    1984     0.261
2009   26    1983     0.329
2009   27    1982     0.408
2009   28    1981     0.491
2009   29    1980     0.580
2009   30    1979     0.677
2009   31    1978     0.776
2009   32    1977     0.874
2009   33    1976     0.964
2009   34    1975     1.046
2009   35    1974     1.120
2009   36    1973     1.186
2009   37    1972     1.241
2009   38    1971     1.285
2009   39    1970     1.319
2009   40    1969     1.345
2009   41    1968     1.364
2009   42    1967     1.377
2009   43    1966     1.386
2009   44    1965     1.390
2009   45    1964     1.393
2009   46    1963     1.394
2009   47    1962     1.395
2009   48    1961     1.395
2009   49    1960     1.395
2009   50    1959     1.395
2009   51    1958     1.395
2009   52    1957     1.395
2009   53    1956     1.395
2009   54    1955     1.395
2009   55    1954     1.395
2010   12    1998     0.000
2010   13    1997     0.000
2010   14    1996     0.000
2010   15    1995     0.000
2010   16    1994     0.001
2010   17    1993     0.003
2010   18    1992     0.009
2010   19    1991     0.019
2010   20    1990     0.038
2010   21    1989     0.066
2010   22    1988     0.102
2010   23    1987     0.146
2010   24    1986     0.198
2010   25    1985     0.258
2010   26    1984     0.329
2010   27    1983     0.408
2010   28    1982     0.492
2010   29    1981     0.584
2010   30    1980     0.684
2010   31    1979     0.787
2010   32    1978     0.884
2010   33    1977     0.980
2010   34    1976     1.069
2010   35    1975     1.148
2010   36    1974     1.219
2010   37    1973     1.275
2010   38    1972     1.324
2010   39    1971     1.361
2010   40    1970     1.390
2010   41    1969     1.409
2010   42    1968     1.423
2010   43    1967     1.432
2010   44    1966     1.437
2010   45    1965     1.440
2010   46    1964     1.441
2010   47    1963     1.442
2010   48    1962     1.442
2010   49    1961     1.443
2010   50    1960     1.443
2010   51    1959     1.443
2010   52    1958     1.443
2010   53    1957     1.443
2010   54    1956     1.443
2010   55    1955     1.443
2011   12    1999     0.000
2011   13    1998     0.000
2011   14    1997     0.000
2011   15    1996     0.000
2011   16    1995     0.001
2011   17    1994     0.003
2011   18    1993     0.008
2011   19    1992     0.018
2011   20    1991     0.034
2011   21    1990     0.059
2011   22    1989     0.093
2011   23    1988     0.134
2011   24    1987     0.184
2011   25    1986     0.241
2011   26    1985     0.311
2011   27    1984     0.387
2011   28    1983     0.470
2011   29    1982     0.559
2011   30    1981     0.656
2011   31    1980     0.758
2011   32    1979     0.857
2011   33    1978     0.954
2011   34    1977     1.043
2011   35    1976     1.124
2011   36    1975     1.196
2011   37    1974     1.254
2011   38    1973     1.304
2011   39    1972     1.342
2011   40    1971     1.372
2011   41    1970     1.395
2011   42    1969     1.409
2011   43    1968     1.419
2011   44    1967     1.424
2011   45    1966     1.427
2011   46    1965     1.429
2011   47    1964     1.429
2011   48    1963     1.430
2011   49    1962     1.430
2011   50    1961     1.430
2011   51    1960     1.430
2011   52    1959     1.430
2011   53    1958     1.430
2011   54    1957     1.430
2011   55    1956     1.430
2012   12    2000     0.000
2012   13    1999     0.000
2012   14    1998     0.000
2012   15    1997     0.000
2012   16    1996     0.001
2012   17    1995     0.002
2012   18    1994     0.006
2012   19    1993     0.016
2012   20    1992     0.032
2012   21    1991     0.054
2012   22    1990     0.084
2012   23    1989     0.123
2012   24    1988     0.172
2012   25    1987     0.228
2012   26    1986     0.296
2012   27    1985     0.372
2012   28    1984     0.455
2012   29    1983     0.547
2012   30    1982     0.647
2012   31    1981     0.748
2012   32    1980     0.850
2012   33    1979     0.949
2012   34    1978     1.039
2012   35    1977     1.122
2012   36    1976     1.195
2012   37    1975     1.256
2012   38    1974     1.308
2012   39    1973     1.348
2012   40    1972     1.379
2012   41    1971     1.402
2012   42    1970     1.418
2012   43    1969     1.428
2012   44    1968     1.433
2012   45    1967     1.436
2012   46    1966     1.438
2012   47    1965     1.439
2012   48    1964     1.439
2012   49    1963     1.440
2012   50    1962     1.440
2012   51    1961     1.440
2012   52    1960     1.440
2012   53    1959     1.440
2012   54    1958     1.440
2012   55    1957     1.440
2013   12    2001     0.000
2013   13    2000     0.000
2013   14    1999     0.000
2013   15    1998     0.000
2013   16    1997     0.001
2013   17    1996     0.002
2013   18    1995     0.007
2013   19    1994     0.015
2013   20    1993     0.030
2013   21    1992     0.051
2013   22    1991     0.079
2013   23    1990     0.118
2013   24    1989     0.165
2013   25    1988     0.221
2013   26    1987     0.287
2013   27    1986     0.362
2013   28    1985     0.445
2013   29    1984     0.535
2013   30    1983     0.633
2013   31    1982     0.731
2013   32    1981     0.834
2013   33    1980     0.933
2013   34    1979     1.025
2013   35    1978     1.107
2013   36    1977     1.182
2013   37    1976     1.244
2013   38    1975     1.298
2013   39    1974     1.339
2013   40    1973     1.371
2013   41    1972     1.396
2013   42    1971     1.412
2013   43    1970     1.422
2013   44    1969     1.428
2013   45    1968     1.432
2013   46    1967     1.434
2013   47    1966     1.434
2013   48    1965     1.435
2013   49    1964     1.435
2013   50    1963     1.435
2013   51    1962     1.436
2013   52    1961     1.436
2013   53    1960     1.436
2013   54    1959     1.436
2013   55    1958     1.436
2014   12    2002     0.000
2014   13    2001     0.000
2014   14    2000     0.000
2014   15    1999     0.000
2014   16    1998     0.001
2014   17    1997     0.003
2014   18    1996     0.007
2014   19    1995     0.014
2014   20    1994     0.027
2014   21    1993     0.048
2014   22    1992     0.077
2014   23    1991     0.113
2014   24    1990     0.158
2014   25    1989     0.213
2014   26    1988     0.280
2014   27    1987     0.352
2014   28    1986     0.438
2014   29    1985     0.531
2014   30    1984     0.632
2014   31    1983     0.736
2014   32    1982     0.841
2014   33    1981     0.941
2014   34    1980     1.039
2014   35    1979     1.125
2014   36    1978     1.201
2014   37    1977     1.268
2014   38    1976     1.324
2014   39    1975     1.366
2014   40    1974     1.398
2014   41    1973     1.423
2014   42    1972     1.441
2014   43    1971     1.451
2014   44    1970     1.457
2014   45    1969     1.460
2014   46    1968     1.462
2014   47    1967     1.463
2014   48    1966     1.463
2014   49    1965     1.463
2014   50    1964     1.464
2014   51    1963     1.464
2014   52    1962     1.464
2014   53    1961     1.464
2014   54    1960     1.464
2014   55    1959     1.464
2015   12    2003     0.000
2015   13    2002     0.000
2015   14    2001     0.000
2015   15    2000     0.000
2015   16    1999     0.001
2015   17    1998     0.002
2015   18    1997     0.006
2015   19    1996     0.014
2015   20    1995     0.027
2015   21    1994     0.047
2015   22    1993     0.074
2015   23    1992     0.110
2015   24    1991     0.154
2015   25    1990     0.208
2015   26    1989     0.272
2015   27    1988     0.349
2015   28    1987     0.433
2015   29    1986     0.527
2015   30    1985     0.628
2015   31    1984     0.731
2015   32    1983     0.840
2015   33    1982     0.946
2015   34    1981     1.043
2015   35    1980     1.132
2015   36    1979     1.211
2015   37    1978     1.279
2015   38    1977     1.337
2015   39    1976     1.383
2015   40    1975     1.419
2015   41    1974     1.446
2015   42    1973     1.464
2015   43    1972     1.476
2015   44    1971     1.482
2015   45    1970     1.486
2015   46    1969     1.488
2015   47    1968     1.489
2015   48    1967     1.490
2015   49    1966     1.490
2015   50    1965     1.490
2015   51    1964     1.490
2015   52    1963     1.490
2015   53    1962     1.490
2015   54    1961     1.490
2015   55    1960     1.490
2016   12    2004     0.000
2016   13    2003     0.000
2016   14    2002     0.000
2016   15    2001     0.000
2016   16    2000     0.001
2016   17    1999     0.002
2016   18    1998     0.006
2016   19    1997     0.013
2016   20    1996     0.027
2016   21    1995     0.048
2016   22    1994     0.077
2016   23    1993     0.112
2016   24    1992     0.158
2016   25    1991     0.214
2016   26    1990     0.279
2016   27    1989     0.354
2016   28    1988     0.441
2016   29    1987     0.535
2016   30    1986     0.638
2016   31    1985     0.743
2016   32    1984     0.854
2016   33    1983     0.961
2016   34    1982     1.061
2016   35    1981     1.156
2016   36    1980     1.237
2016   37    1979     1.311
2016   38    1978     1.370
2016   39    1977     1.417
2016   40    1976     1.454
2016   41    1975     1.483
2016   42    1974     1.502
2016   43    1973     1.514
2016   44    1972     1.521
2016   45    1971     1.525
2016   46    1970     1.527
2016   47    1969     1.528
2016   48    1968     1.529
2016   49    1967     1.529
2016   50    1966     1.529
2016   51    1965     1.529
2016   52    1964     1.529
2016   53    1963     1.529
2016   54    1962     1.529
2016   55    1961     1.529
2017   12    2005     0.000
2017   13    2004     0.000
2017   14    2003     0.000
2017   15    2002     0.000
2017   16    2001     0.000
2017   17    2000     0.001
2017   18    1999     0.004
2017   19    1998     0.012
2017   20    1997     0.025
2017   21    1996     0.045
2017   22    1995     0.071
2017   23    1994     0.106
2017   24    1993     0.150
2017   25    1992     0.203
2017   26    1991     0.267
2017   27    1990     0.343
2017   28    1989     0.429
2017   29    1988     0.523
2017   30    1987     0.627
2017   31    1986     0.731
2017   32    1985     0.839
2017   33    1984     0.945
2017   34    1983     1.046
2017   35    1982     1.139
2017   36    1981     1.223
2017   37    1980     1.294
2017   38    1979     1.355
2017   39    1978     1.404
2017   40    1977     1.441
2017   41    1976     1.470
2017   42    1975     1.490
2017   43    1974     1.502
2017   44    1973     1.509
2017   45    1972     1.513
2017   46    1971     1.515
2017   47    1970     1.516
2017   48    1969     1.517
2017   49    1968     1.517
2017   50    1967     1.517
2017   51    1966     1.518
2017   52    1965     1.518
2017   53    1964     1.518
2017   54    1963     1.518
2017   55    1962     1.518
2018   12    2006     0.000
2018   13    2005     0.000
2018   14    2004     0.000
2018   15    2003     0.000
2018   16    2002     0.000
2018   17    2001     0.001
2018   18    2000     0.004
2018   19    1999     0.010
2018   20    1998     0.020
2018   21    1997     0.038
2018   22    1996     0.062
2018   23    1995     0.094
2018   24    1994     0.136
2018   25    1993     0.187
2018   26    1992     0.249
2018   27    1991     0.323
2018   28    1990     0.404
2018   29    1989     0.495
2018   30    1988     0.594
2018   31    1987     0.696
2018   32    1986     0.803
2018   33    1985     0.909
2018   34    1984     1.007
2018   35    1983     1.097
2018   36    1982     1.179
2018   37    1981     1.252
2018   38    1980     1.312
2018   39    1979     1.359
2018   40    1978     1.396
2018   41    1977     1.424
2018   42    1976     1.445
2018   43    1975     1.457
2018   44    1974     1.465
2018   45    1973     1.469
2018   46    1972     1.471
2018   47    1971     1.473
2018   48    1970     1.474
2018   49    1969     1.474
2018   50    1968     1.474
2018   51    1967     1.474
2018   52    1966     1.475
2018   53    1965     1.475
2018   54    1964     1.475
2018   55    1963     1.475
2019   12    2007     0.000
2019   13    2006     0.000
2019   14    2005     0.000
2019   15    2004     0.000
2019   16    2003     0.000
2019   17    2002     0.001
2019   18    2001     0.004
2019   19    2000     0.009
2019   20    1999     0.019
2019   21    1998     0.035
2019   22    1997     0.057
2019   23    1996     0.087
2019   24    1995     0.126
2019   25    1994     0.176
2019   26    1993     0.233
2019   27    1992     0.303
2019   28    1991     0.384
2019   29    1990     0.475
2019   30    1989     0.570
2019   31    1988     0.673
2019   32    1987     0.783
2019   33    1986     0.886
2019   34    1985     0.985
2019   35    1984     1.076
2019   36    1983     1.157
2019   37    1982     1.229
2019   38    1981     1.291
2019   39    1980     1.339
2019   40    1979     1.378
2019   41    1978     1.410
2019   42    1977     1.430
2019   43    1976     1.443
2019   44    1975     1.450
2019   45    1974     1.455
2019   46    1973     1.457
2019   47    1972     1.459
2019   48    1971     1.460
2019   49    1970     1.460
2019   50    1969     1.460
2019   51    1968     1.460
2019   52    1967     1.461
2019   53    1966     1.461
2019   54    1965     1.461
2019   55    1964     1.461
