Austria, Conditional fertility rates by calendar year, age and birth order
Last modified: 05/08/2021
Year  Age       m1x       m2x       m3x       m4x      m5px
1991   12-  0.00000         .         .         .         .
1991   13   0.00005         .         .         .         .
1991   14   0.00047   0.03844         .         .         .
1991   15   0.00211   0.01050         .         .         .
1991   16   0.00647   0.04576   0.04572         .         .
1991   17   0.01745   0.06266   0.02407         .         .
1991   18   0.03046   0.06288   0.05119   0.45800         .
1991   19   0.04586   0.08829   0.08329   0.02507         .
1991   20   0.05962   0.11286   0.06139   0.03295         .
1991   21   0.06825   0.12213   0.06270   0.07391   0.24854
1991   22   0.07661   0.13628   0.07220   0.08726   0.02731
1991   23   0.08670   0.14791   0.06545   0.07066   0.07103
1991   24   0.10178   0.15975   0.06991   0.08289   0.07698
1991   25   0.10953   0.16310   0.06505   0.06921   0.06065
1991   26   0.11113   0.15965   0.06673   0.07672   0.08675
1991   27   0.11180   0.15403   0.06243   0.06096   0.09290
1991   28   0.10399   0.14414   0.06027   0.06211   0.08669
1991   29   0.09335   0.13023   0.05261   0.05813   0.07703
1991   30   0.08907   0.11509   0.04912   0.04989   0.06398
1991   31   0.07428   0.10142   0.04640   0.05171   0.06683
1991   32   0.06415   0.08085   0.04284   0.04793   0.05836
1991   33   0.05632   0.07137   0.03639   0.04438   0.04961
1991   34   0.04481   0.05644   0.03281   0.03311   0.04081
1991   35   0.03718   0.04268   0.02444   0.02747   0.04379
1991   36   0.03041   0.03677   0.01935   0.02422   0.03019
1991   37   0.02286   0.02631   0.01488   0.01859   0.03091
1991   38   0.01735   0.01706   0.01115   0.01758   0.02890
1991   39   0.01067   0.01066   0.00885   0.01327   0.02218
1991   40   0.00745   0.00651   0.00511   0.00843   0.01574
1991   41   0.00538   0.00478   0.00346   0.00650   0.01116
1991   42   0.00222   0.00137   0.00196   0.00348   0.00780
1991   43   0.00073   0.00126   0.00083   0.00107   0.00598
1991   44   0.00076   0.00049   0.00048   0.00174   0.00368
1991   45   0.00000   0.00055   0.00022   0.00074   0.00108
1991   46   0.00000   0.00028   0.00019   0.00026   0.00073
1991   47   0.00015   0.00009   0.00006   0.00000   0.00016
1991   48   0.00000   0.00000   0.00000   0.00000   0.00015
1991   49   0.00000   0.00000   0.00000   0.00000   0.00013
1991   50   0.00000   0.00000   0.00000   0.00000   0.00000
1991   51   0.00000   0.00000   0.00000   0.00000   0.00000
1991   52   0.00000   0.00000   0.00000   0.00000   0.00000
1991   53   0.00000   0.00000   0.00000   0.00000   0.00000
1991   54   0.00000   0.00000   0.00000   0.00000   0.00000
1991   55+  0.00000   0.00000   0.00000   0.00000   0.00000
1992   12-  0.00000         .         .         .         .
1992   13   0.00005         .         .         .         .
1992   14   0.00040   0.07249         .         .         .
1992   15   0.00196   0.03813         .         .         .
1992   16   0.00666   0.07679   0.14584         .         .
1992   17   0.01707   0.07626   0.08001         .         .
1992   18   0.02899   0.08287   0.06983   0.00000         .
1992   19   0.04733   0.10108   0.04816   0.08686         .
1992   20   0.05727   0.11635   0.07730   0.04792         .
1992   21   0.06948   0.12652   0.07657   0.05126   0.00000
1992   22   0.07584   0.14294   0.07238   0.08384   0.13364
1992   23   0.08477   0.15214   0.06699   0.07406   0.16168
1992   24   0.09314   0.15416   0.07252   0.07738   0.09683
1992   25   0.10589   0.15970   0.06780   0.07375   0.12258
1992   26   0.10532   0.15994   0.06786   0.06963   0.08947
1992   27   0.10529   0.15480   0.06555   0.06379   0.06132
1992   28   0.10627   0.14466   0.06043   0.06058   0.07886
1992   29   0.09732   0.12902   0.05632   0.05126   0.07578
1992   30   0.08855   0.11847   0.04955   0.05192   0.05897
1992   31   0.07700   0.10045   0.04615   0.04890   0.05868
1992   32   0.06291   0.08630   0.04393   0.04377   0.05087
1992   33   0.05554   0.07322   0.03537   0.04314   0.05015
1992   34   0.04624   0.05991   0.03179   0.02770   0.04783
1992   35   0.04066   0.04461   0.02525   0.02897   0.04191
1992   36   0.03341   0.03384   0.01819   0.02679   0.03368
1992   37   0.02154   0.02570   0.01737   0.02136   0.02783
1992   38   0.01615   0.01718   0.01205   0.01728   0.03099
1992   39   0.00987   0.01168   0.00893   0.01242   0.02174
1992   40   0.00669   0.00806   0.00536   0.00889   0.01569
1992   41   0.00463   0.00547   0.00298   0.00649   0.01009
1992   42   0.00353   0.00212   0.00204   0.00322   0.00779
1992   43   0.00147   0.00152   0.00123   0.00205   0.00717
1992   44   0.00117   0.00071   0.00062   0.00107   0.00245
1992   45   0.00046   0.00041   0.00042   0.00033   0.00050
1992   46   0.00020   0.00000   0.00015   0.00000   0.00043
1992   47   0.00000   0.00000   0.00006   0.00013   0.00000
1992   48   0.00015   0.00000   0.00006   0.00000   0.00000
1992   49   0.00000   0.00000   0.00006   0.00000   0.00015
1992   50   0.00000   0.00000   0.00000   0.00010   0.00000
1992   51   0.00000   0.00000   0.00000   0.00000   0.00000
1992   52   0.00000   0.00000   0.00000   0.00000   0.00000
1992   53   0.00000   0.00000   0.00000   0.00000   0.00000
1992   54   0.00000   0.00000   0.00000   0.00000   0.00000
1992   55+  0.00000   0.00000   0.00000   0.00000   0.00000
1993   12-  0.00000         .         .         .         .
1993   13   0.00009         .         .         .         .
1993   14   0.00030   0.00000         .         .         .
1993   15   0.00147   0.01757         .         .         .
1993   16   0.00667   0.06910   0.00000         .         .
1993   17   0.01535   0.08907   0.07519         .         .
1993   18   0.02852   0.07967   0.08761   0.06990         .
1993   19   0.04632   0.10962   0.07610   0.09460         .
1993   20   0.05809   0.11386   0.06528   0.05355   0.38367
1993   21   0.06560   0.13501   0.07432   0.07800   0.08259
1993   22   0.07482   0.15128   0.06888   0.06698   0.07351
1993   23   0.08260   0.15573   0.06304   0.08417   0.07095
1993   24   0.08847   0.16626   0.06825   0.07890   0.07559
1993   25   0.09818   0.16775   0.07084   0.08319   0.06719
1993   26   0.10105   0.16578   0.06241   0.06852   0.09179
1993   27   0.10668   0.16031   0.06418   0.06256   0.09606
1993   28   0.10216   0.15001   0.05966   0.06128   0.06026
1993   29   0.09572   0.13761   0.05702   0.05542   0.08667
1993   30   0.08645   0.12230   0.05087   0.04862   0.05799
1993   31   0.07640   0.10421   0.04603   0.04226   0.06379
1993   32   0.06368   0.08940   0.04149   0.04184   0.06205
1993   33   0.05295   0.07118   0.03669   0.03790   0.05961
1993   34   0.04644   0.05740   0.02926   0.03238   0.05088
1993   35   0.03936   0.04821   0.02667   0.02828   0.04104
1993   36   0.02894   0.03701   0.02020   0.02140   0.03581
1993   37   0.02478   0.02336   0.01514   0.02130   0.02712
1993   38   0.01664   0.01889   0.01164   0.01697   0.02704
1993   39   0.01185   0.01229   0.00952   0.01248   0.01944
1993   40   0.00976   0.00903   0.00642   0.00813   0.01597
1993   41   0.00542   0.00467   0.00379   0.00585   0.01082
1993   42   0.00389   0.00264   0.00184   0.00317   0.00870
1993   43   0.00199   0.00195   0.00096   0.00206   0.00575
1993   44   0.00088   0.00056   0.00051   0.00151   0.00238
1993   45   0.00073   0.00016   0.00021   0.00096   0.00175
1993   46   0.00000   0.00000   0.00032   0.00000   0.00050
1993   47   0.00041   0.00000   0.00007   0.00015   0.00021
1993   48   0.00000   0.00009   0.00000   0.00000   0.00000
1993   49   0.00000   0.00000   0.00000   0.00000   0.00032
1993   50   0.00000   0.00000   0.00000   0.00000   0.00000
1993   51   0.00015   0.00000   0.00000   0.00000   0.00000
1993   52   0.00000   0.00000   0.00000   0.00000   0.00011
1993   53   0.00000   0.00000   0.00000   0.00000   0.00000
1993   54   0.00000   0.00000   0.00000   0.00000   0.00000
1993   55+  0.00000   0.00000   0.00000   0.00000   0.00000
1994   12-  0.00002         .         .         .         .
1994   13   0.00008         .         .         .         .
1994   14   0.00036   0.00000         .         .         .
1994   15   0.00138   0.00000         .         .         .
1994   16   0.00559   0.04073   0.12508         .         .
1994   17   0.01322   0.05608   0.02632         .         .
1994   18   0.02478   0.08926   0.14175   0.07672         .
1994   19   0.03900   0.09185   0.06148   0.03019         .
1994   20   0.05423   0.11366   0.09219   0.05262         .
1994   21   0.06165   0.13721   0.07065   0.09530   0.00000
1994   22   0.06705   0.14558   0.07890   0.09554   0.16142
1994   23   0.07729   0.16027   0.07111   0.08545   0.10809
1994   24   0.08496   0.16376   0.06943   0.07035   0.11677
1994   25   0.09276   0.16271   0.06449   0.07069   0.12655
1994   26   0.10140   0.16301   0.06208   0.06970   0.06573
1994   27   0.10199   0.16645   0.06114   0.05782   0.08342
1994   28   0.10020   0.15811   0.05758   0.05629   0.08839
1994   29   0.09436   0.13873   0.05572   0.05509   0.07614
1994   30   0.08777   0.12644   0.05041   0.05497   0.06607
1994   31   0.07670   0.10787   0.04326   0.04354   0.06179
1994   32   0.06381   0.09076   0.04045   0.04257   0.06080
1994   33   0.05841   0.07660   0.03434   0.03546   0.04661
1994   34   0.04681   0.06176   0.03053   0.03366   0.04273
1994   35   0.04036   0.04859   0.02491   0.02678   0.04189
1994   36   0.03263   0.03599   0.02214   0.02556   0.03735
1994   37   0.02305   0.02727   0.01576   0.02113   0.02614
1994   38   0.01807   0.01945   0.01220   0.01504   0.02597
1994   39   0.01125   0.01199   0.00772   0.01092   0.01937
1994   40   0.00891   0.00822   0.00530   0.00660   0.01441
1994   41   0.00633   0.00600   0.00381   0.00564   0.01321
1994   42   0.00374   0.00264   0.00321   0.00298   0.00731
1994   43   0.00225   0.00137   0.00141   0.00247   0.00508
1994   44   0.00123   0.00076   0.00059   0.00080   0.00356
1994   45   0.00000   0.00032   0.00026   0.00075   0.00274
1994   46   0.00015   0.00008   0.00015   0.00021   0.00070
1994   47   0.00000   0.00000   0.00000   0.00011   0.00000
1994   48   0.00000   0.00000   0.00007   0.00015   0.00022
1994   49   0.00000   0.00009   0.00000   0.00000   0.00000
1994   50   0.00000   0.00000   0.00000   0.00011   0.00000
1994   51   0.00000   0.00000   0.00000   0.00000   0.00000
1994   52   0.00000   0.00000   0.00000   0.00010   0.00000
1994   53   0.00000   0.00000   0.00000   0.00000   0.00000
1994   54   0.00000   0.00000   0.00000   0.00000   0.00000
1994   55+  0.00000   0.00000   0.00000   0.00000   0.00000
1995   12-  0.00002         .         .         .         .
1995   13   0.00006         .         .         .         .
1995   14   0.00025   0.19651         .         .         .
1995   15   0.00160   0.06249         .         .         .
1995   16   0.00487   0.03014         .         .         .
1995   17   0.01310   0.06164   0.10923         .         .
1995   18   0.02158   0.08411   0.05475   0.00000         .
1995   19   0.03827   0.09396   0.09081   0.06564         .
1995   20   0.04694   0.11237   0.06355   0.06627   0.19810
1995   21   0.05614   0.12647   0.08315   0.10420   0.07692
1995   22   0.06124   0.14833   0.07397   0.09099   0.10548
1995   23   0.07127   0.15363   0.06696   0.07158   0.10033
1995   24   0.07805   0.15993   0.06445   0.07943   0.10549
1995   25   0.09270   0.15967   0.06372   0.06709   0.08807
1995   26   0.09697   0.16276   0.06186   0.07244   0.09216
1995   27   0.09863   0.15882   0.06085   0.05236   0.08803
1995   28   0.09837   0.15269   0.05421   0.05662   0.07058
1995   29   0.09647   0.14607   0.05292   0.05246   0.06674
1995   30   0.08967   0.12682   0.05246   0.04997   0.06969
1995   31   0.08158   0.10928   0.04560   0.04303   0.04646
1995   32   0.06480   0.09215   0.03854   0.03953   0.04866
1995   33   0.06151   0.07777   0.03486   0.03688   0.05484
1995   34   0.04585   0.05956   0.03060   0.03206   0.04412
1995   35   0.04200   0.04733   0.02339   0.02958   0.04519
1995   36   0.03155   0.03814   0.01952   0.02372   0.03007
1995   37   0.02350   0.02630   0.01519   0.01944   0.03560
1995   38   0.02142   0.02091   0.01136   0.01441   0.02272
1995   39   0.01390   0.01405   0.00756   0.01190   0.02224
1995   40   0.00938   0.00837   0.00560   0.00813   0.01574
1995   41   0.00488   0.00412   0.00402   0.00508   0.01158
1995   42   0.00433   0.00256   0.00215   0.00387   0.00990
1995   43   0.00231   0.00196   0.00145   0.00334   0.00319
1995   44   0.00060   0.00069   0.00103   0.00106   0.00296
1995   45   0.00046   0.00034   0.00038   0.00103   0.00178
1995   46   0.00015   0.00000   0.00005   0.00065   0.00055
1995   47   0.00000   0.00008   0.00010   0.00043   0.00035
1995   48   0.00000   0.00008   0.00000   0.00000   0.00034
1995   49   0.00000   0.00000   0.00000   0.00000   0.00000
1995   50   0.00000   0.00000   0.00000   0.00013   0.00000
1995   51   0.00000   0.00000   0.00000   0.00000   0.00000
1995   52   0.00000   0.00000   0.00000   0.00000   0.00000
1995   53   0.00000   0.00000   0.00000   0.00000   0.00000
1995   54   0.00000   0.00000   0.00000   0.00000   0.00000
1995   55+  0.00000   0.00000   0.00000   0.00000   0.00000
1996   12-  0.00000         .         .         .         .
1996   13   0.00004         .         .         .         .
1996   14   0.00019   0.00000         .         .         .
1996   15   0.00095   0.02487         .         .         .
1996   16   0.00459   0.05267   0.16672         .         .
1996   17   0.01110   0.07785   0.04415         .         .
1996   18   0.02043   0.08317   0.10540   0.33407         .
1996   19   0.03510   0.09865   0.09830   0.00000         .
1996   20   0.04575   0.12070   0.04859   0.04760         .
1996   21   0.05365   0.12983   0.07564   0.09401   0.06651
1996   22   0.06129   0.15595   0.07605   0.11289   0.18171
1996   23   0.06895   0.16233   0.06562   0.07571   0.12809
1996   24   0.08014   0.17137   0.07104   0.08000   0.11172
1996   25   0.08871   0.17107   0.06073   0.06454   0.10864
1996   26   0.09794   0.16059   0.06326   0.07205   0.09516
1996   27   0.10179   0.16156   0.06107   0.06399   0.10954
1996   28   0.09807   0.15760   0.05537   0.05610   0.06994
1996   29   0.10108   0.14938   0.04996   0.04537   0.05902
1996   30   0.09620   0.13326   0.05192   0.04842   0.05474
1996   31   0.08597   0.11734   0.04817   0.04307   0.05731
1996   32   0.07423   0.09738   0.04129   0.04068   0.05611
1996   33   0.06074   0.08232   0.03452   0.04012   0.04826
1996   34   0.05268   0.06501   0.03145   0.03402   0.03845
1996   35   0.04461   0.05155   0.02461   0.02951   0.03941
1996   36   0.03434   0.03946   0.02046   0.02499   0.04137
1996   37   0.02509   0.03083   0.01542   0.01797   0.03156
1996   38   0.01916   0.01893   0.01210   0.01534   0.02449
1996   39   0.01505   0.01493   0.00843   0.01189   0.02132
1996   40   0.01104   0.00844   0.00574   0.01016   0.01542
1996   41   0.00754   0.00729   0.00362   0.00627   0.01108
1996   42   0.00361   0.00324   0.00289   0.00380   0.00621
1996   43   0.00177   0.00231   0.00094   0.00258   0.00435
1996   44   0.00101   0.00077   0.00038   0.00119   0.00182
1996   45   0.00060   0.00034   0.00044   0.00059   0.00148
1996   46   0.00000   0.00017   0.00011   0.00034   0.00079
1996   47   0.00000   0.00000   0.00000   0.00011   0.00018
1996   48   0.00000   0.00000   0.00000   0.00000   0.00035
1996   49   0.00000   0.00000   0.00000   0.00000   0.00000
1996   50   0.00000   0.00011   0.00000   0.00000   0.00000
1996   51   0.00000   0.00000   0.00000   0.00000   0.00000
1996   52   0.00000   0.00000   0.00000   0.00000   0.00000
1996   53   0.00000   0.00000   0.00000   0.00000   0.00000
1996   54   0.00000   0.00000   0.00000   0.00000   0.00000
1996   55+  0.00000   0.00000   0.00000   0.00000   0.00000
1997   12-  0.00000         .         .         .         .
1997   13   0.00004         .         .         .         .
1997   14   0.00025   0.00000         .         .         .
1997   15   0.00095   0.05608         .         .         .
1997   16   0.00394   0.05814   0.13030         .         .
1997   17   0.01037   0.06445   0.06121         .         .
1997   18   0.02068   0.06297   0.07402         .         .
1997   19   0.03446   0.09138   0.05745   0.00000         .
1997   20   0.04360   0.11262   0.07350   0.14722         .
1997   21   0.05029   0.13267   0.07198   0.05177   0.00000
1997   22   0.05896   0.14410   0.06631   0.05814   0.06216
1997   23   0.06659   0.15102   0.06726   0.06465   0.15453
1997   24   0.07502   0.14919   0.06946   0.06845   0.04021
1997   25   0.08786   0.16136   0.06209   0.06356   0.13926
1997   26   0.09231   0.15869   0.06062   0.05997   0.07575
1997   27   0.09951   0.15239   0.05579   0.05445   0.07022
1997   28   0.09416   0.15003   0.05179   0.05491   0.06481
1997   29   0.09501   0.14065   0.05052   0.04417   0.05007
1997   30   0.09283   0.12582   0.04963   0.04519   0.06161
1997   31   0.08692   0.11698   0.04449   0.03889   0.04591
1997   32   0.07254   0.09920   0.04118   0.04075   0.05033
1997   33   0.06347   0.08329   0.03530   0.03327   0.04610
1997   34   0.05076   0.06124   0.02828   0.03216   0.04068
1997   35   0.04449   0.05186   0.02665   0.03049   0.03948
1997   36   0.03402   0.04256   0.02145   0.02386   0.03329
1997   37   0.02863   0.03007   0.01644   0.02132   0.02903
1997   38   0.02061   0.02250   0.01149   0.01456   0.02618
1997   39   0.01579   0.01312   0.00919   0.01090   0.01809
1997   40   0.01045   0.01054   0.00672   0.00946   0.01572
1997   41   0.00667   0.00625   0.00401   0.00484   0.01227
1997   42   0.00301   0.00401   0.00244   0.00364   0.00878
1997   43   0.00104   0.00203   0.00145   0.00196   0.00499
1997   44   0.00109   0.00091   0.00058   0.00117   0.00297
1997   45   0.00000   0.00043   0.00048   0.00108   0.00159
1997   46   0.00030   0.00017   0.00016   0.00035   0.00042
1997   47   0.00000   0.00000   0.00005   0.00046   0.00000
1997   48   0.00000   0.00000   0.00005   0.00000   0.00018
1997   49   0.00000   0.00000   0.00000   0.00000   0.00000
1997   50   0.00000   0.00000   0.00000   0.00000   0.00000
1997   51   0.00000   0.00011   0.00000   0.00000   0.00000
1997   52   0.00000   0.00000   0.00000   0.00000   0.00000
1997   53   0.00000   0.00000   0.00000   0.00000   0.00000
1997   54   0.00000   0.00000   0.00000   0.00000   0.00000
1997   55+  0.00000   0.00000   0.00000   0.00000   0.00013
1998   12-  0.00000         .         .         .         .
1998   13   0.00000         .         .         .         .
1998   14   0.00030   0.00000         .         .         .
1998   15   0.00103   0.02596         .         .         .
1998   16   0.00365   0.04771   0.00000         .         .
1998   17   0.00995   0.06016   0.04002         .         .
1998   18   0.01993   0.07365   0.08332         .         .
1998   19   0.03231   0.09522   0.06312   0.00000         .
1998   20   0.04057   0.11656   0.06727   0.07870   0.00000
1998   21   0.04861   0.13514   0.07996   0.11024   0.09979
1998   22   0.05467   0.14287   0.07495   0.09024   0.04054
1998   23   0.06396   0.14979   0.07431   0.07149   0.04918
1998   24   0.06889   0.16055   0.06542   0.07620   0.15036
1998   25   0.08063   0.15853   0.06460   0.07244   0.09640
1998   26   0.08686   0.16608   0.06278   0.06765   0.08083
1998   27   0.09369   0.16086   0.05490   0.06022   0.08330
1998   28   0.09267   0.15328   0.05489   0.04832   0.06352
1998   29   0.09707   0.13591   0.04856   0.05715   0.07160
1998   30   0.09329   0.13455   0.04435   0.04901   0.06329
1998   31   0.08244   0.11605   0.04450   0.03723   0.04152
1998   32   0.07539   0.10135   0.04145   0.03921   0.05096
1998   33   0.06301   0.08329   0.03419   0.03345   0.04864
1998   34   0.05119   0.06485   0.02768   0.03068   0.04352
1998   35   0.04189   0.05344   0.02456   0.02571   0.03761
1998   36   0.03529   0.04092   0.01979   0.02211   0.03475
1998   37   0.03053   0.02994   0.01397   0.01667   0.03093
1998   38   0.02258   0.02223   0.01197   0.01583   0.02655
1998   39   0.01672   0.01598   0.00862   0.01228   0.02235
1998   40   0.01035   0.01093   0.00580   0.00825   0.01539
1998   41   0.00610   0.00677   0.00383   0.00493   0.01181
1998   42   0.00352   0.00413   0.00238   0.00373   0.00954
1998   43   0.00157   0.00165   0.00154   0.00261   0.00461
1998   44   0.00104   0.00138   0.00057   0.00196   0.00308
1998   45   0.00068   0.00017   0.00032   0.00059   0.00114
1998   46   0.00015   0.00026   0.00000   0.00000   0.00113
1998   47   0.00000   0.00009   0.00000   0.00012   0.00042
1998   48   0.00000   0.00000   0.00000   0.00000   0.00020
1998   49   0.00000   0.00008   0.00000   0.00000   0.00000
1998   50   0.00000   0.00000   0.00000   0.00011   0.00000
1998   51   0.00000   0.00000   0.00000   0.00000   0.00000
1998   52   0.00000   0.00000   0.00000   0.00000   0.00000
1998   53   0.00000   0.00000   0.00000   0.00000   0.00000
1998   54   0.00000   0.00000   0.00000   0.00000   0.00000
1998   55+  0.00000   0.00000   0.00000   0.00000   0.00000
1999   12-  0.00002         .         .         .         .
1999   13   0.00002         .         .         .         .
1999   14   0.00017         .         .         .         .
1999   15   0.00110   0.02854         .         .         .
1999   16   0.00341   0.04325         .         .         .
1999   17   0.01008   0.05533   0.00000         .         .
1999   18   0.01765   0.06704   0.05333         .         .
1999   19   0.02966   0.09030   0.03208   0.08304         .
1999   20   0.04016   0.12458   0.06630   0.02947         .
1999   21   0.04669   0.12855   0.08813   0.05236   0.00000
1999   22   0.05255   0.14430   0.08641   0.06068   0.14921
1999   23   0.05860   0.15050   0.06910   0.08551   0.13267
1999   24   0.07016   0.15928   0.07564   0.08688   0.06439
1999   25   0.07641   0.14907   0.06989   0.06879   0.12010
1999   26   0.08353   0.15195   0.06617   0.06480   0.05542
1999   27   0.09025   0.14912   0.05724   0.06270   0.06180
1999   28   0.08996   0.14732   0.05352   0.05904   0.07265
1999   29   0.09440   0.13587   0.04966   0.06220   0.06328
1999   30   0.08790   0.12763   0.04460   0.04753   0.04881
1999   31   0.08433   0.11144   0.03906   0.04159   0.05797
1999   32   0.07202   0.10275   0.03560   0.03683   0.05278
1999   33   0.06444   0.08550   0.03275   0.03400   0.04695
1999   34   0.05498   0.07122   0.02891   0.02873   0.05184
1999   35   0.04621   0.05617   0.02427   0.02720   0.04195
1999   36   0.03645   0.04337   0.01968   0.02133   0.03596
1999   37   0.03053   0.03197   0.01500   0.01671   0.02956
1999   38   0.02223   0.02441   0.01084   0.01587   0.02190
1999   39   0.01548   0.01773   0.00886   0.01115   0.02214
1999   40   0.01269   0.01340   0.00679   0.00878   0.01480
1999   41   0.00854   0.00654   0.00415   0.00704   0.01312
1999   42   0.00395   0.00346   0.00180   0.00460   0.00851
1999   43   0.00287   0.00236   0.00135   0.00176   0.00497
1999   44   0.00097   0.00110   0.00080   0.00227   0.00266
1999   45   0.00000   0.00033   0.00041   0.00058   0.00213
1999   46   0.00027   0.00025   0.00000   0.00047   0.00068
1999   47   0.00015   0.00000   0.00005   0.00012   0.00000
1999   48   0.00000   0.00000   0.00011   0.00000   0.00021
1999   49   0.00000   0.00000   0.00000   0.00012   0.00000
1999   50   0.00000   0.00000   0.00000   0.00000   0.00000
1999   51   0.00000   0.00000   0.00000   0.00000   0.00000
1999   52   0.00000   0.00000   0.00000   0.00000   0.00000
1999   53   0.00000   0.00000   0.00000   0.00000   0.00000
1999   54   0.00000   0.00000   0.00000   0.00000   0.00000
1999   55+  0.00000   0.00000   0.00000   0.00000   0.00000
2000   12-  0.00000         .         .         .         .
2000   13   0.00002         .         .         .         .
2000   14   0.00011   0.00000         .         .         .
2000   15   0.00132   0.05508         .         .         .
2000   16   0.00383   0.06053         .         .         .
2000   17   0.01012   0.04160   0.00000         .         .
2000   18   0.01754   0.07952   0.02858         .         .
2000   19   0.03026   0.08860   0.05452   0.24409         .
2000   20   0.04003   0.10502   0.05793   0.10972         .
2000   21   0.04662   0.13222   0.09325   0.10136   0.00000
2000   22   0.05221   0.15440   0.06948   0.05946   0.00000
2000   23   0.05689   0.16109   0.07026   0.08516   0.13727
2000   24   0.06612   0.16411   0.07936   0.08198   0.12928
2000   25   0.07512   0.15766   0.07677   0.08022   0.05862
2000   26   0.08218   0.16082   0.06151   0.07920   0.06512
2000   27   0.09142   0.16071   0.05774   0.06379   0.07680
2000   28   0.09046   0.15323   0.05209   0.06005   0.09835
2000   29   0.09556   0.14508   0.05300   0.05071   0.06065
2000   30   0.09039   0.13580   0.04572   0.04830   0.05993
2000   31   0.08358   0.12130   0.04136   0.04656   0.05879
2000   32   0.07576   0.10502   0.03651   0.03954   0.05226
2000   33   0.06604   0.09160   0.03298   0.03145   0.04398
2000   34   0.05729   0.07509   0.03155   0.02757   0.04693
2000   35   0.04686   0.05689   0.02351   0.02758   0.03588
2000   36   0.03861   0.04302   0.01985   0.02057   0.02987
2000   37   0.03190   0.03457   0.01625   0.01936   0.03083
2000   38   0.02309   0.02615   0.01130   0.01702   0.02496
2000   39   0.01623   0.01733   0.00945   0.01169   0.02114
2000   40   0.01154   0.01278   0.00699   0.01136   0.01446
2000   41   0.00641   0.00710   0.00428   0.00548   0.01352
2000   42   0.00455   0.00366   0.00178   0.00447   0.00698
2000   43   0.00188   0.00177   0.00144   0.00171   0.00411
2000   44   0.00133   0.00163   0.00056   0.00176   0.00402
2000   45   0.00024   0.00055   0.00015   0.00023   0.00193
2000   46   0.00052   0.00008   0.00005   0.00058   0.00047
2000   47   0.00000   0.00000   0.00005   0.00000   0.00023
2000   48   0.00000   0.00000   0.00000   0.00000   0.00000
2000   49   0.00000   0.00000   0.00000   0.00000   0.00000
2000   50   0.00000   0.00000   0.00000   0.00000   0.00020
2000   51   0.00000   0.00000   0.00000   0.00000   0.00000
2000   52   0.00000   0.00000   0.00000   0.00000   0.00000
2000   53   0.00000   0.00000   0.00000   0.00000   0.00000
2000   54   0.00000   0.00000   0.00000   0.00000   0.00000
2000   55+  0.00000   0.00000   0.00007   0.00000   0.00000
2001   12-  0.00000         .         .         .         .
2001   13   0.00002         .         .         .         .
2001   14   0.00018         .         .         .         .
2001   15   0.00178   0.02523         .         .         .
2001   16   0.00484   0.01842         .         .         .
2001   17   0.01065   0.05864   0.00000         .         .
2001   18   0.01871   0.06684   0.04407         .         .
2001   19   0.02755   0.07168   0.07568   0.08618         .
2001   20   0.03731   0.11004   0.08959   0.17530         .
2001   21   0.04311   0.12652   0.07193   0.10481   0.11665
2001   22   0.04936   0.13830   0.08207   0.09415   0.04912
2001   23   0.05533   0.14514   0.06092   0.05799   0.17032
2001   24   0.06239   0.14450   0.06915   0.09434   0.10222
2001   25   0.06855   0.15269   0.06987   0.06503   0.08304
2001   26   0.08085   0.15377   0.06250   0.07394   0.08350
2001   27   0.08372   0.15459   0.05854   0.06477   0.11399
2001   28   0.08542   0.15147   0.05793   0.05275   0.07396
2001   29   0.08876   0.14424   0.05065   0.05208   0.07824
2001   30   0.09098   0.13362   0.04590   0.04997   0.06988
2001   31   0.08482   0.12458   0.04116   0.04474   0.05058
2001   32   0.07454   0.10853   0.03740   0.03418   0.05372
2001   33   0.06742   0.09422   0.03348   0.03910   0.05006
2001   34   0.06076   0.07674   0.02723   0.03117   0.03865
2001   35   0.04895   0.06126   0.02598   0.02591   0.03895
2001   36   0.04200   0.04579   0.01895   0.02244   0.03480
2001   37   0.03142   0.03363   0.01610   0.01711   0.02928
2001   38   0.02361   0.02723   0.01260   0.01447   0.02571
2001   39   0.01798   0.01930   0.00894   0.00994   0.02112
2001   40   0.01311   0.01184   0.00715   0.01015   0.01700
2001   41   0.00919   0.00803   0.00433   0.00718   0.01032
2001   42   0.00539   0.00403   0.00246   0.00336   0.00851
2001   43   0.00264   0.00261   0.00169   0.00266   0.00594
2001   44   0.00157   0.00134   0.00090   0.00128   0.00409
2001   45   0.00066   0.00022   0.00056   0.00055   0.00306
2001   46   0.00012   0.00024   0.00030   0.00045   0.00121
2001   47   0.00026   0.00016   0.00010   0.00000   0.00047
2001   48   0.00000   0.00000   0.00000   0.00000   0.00000
2001   49   0.00000   0.00000   0.00000   0.00000   0.00023
2001   50   0.00015   0.00009   0.00000   0.00000   0.00000
2001   51   0.00000   0.00000   0.00000   0.00000   0.00040
2001   52   0.00000   0.00000   0.00000   0.00000   0.00000
2001   53   0.00000   0.00000   0.00000   0.00000   0.00000
2001   54   0.00000   0.00000   0.00000   0.00000   0.00000
2001   55+  0.00022   0.00000   0.00000   0.00000   0.00000
2002   12-  0.00000         .         .         .         .
2002   13   0.00002         .         .         .         .
2002   14   0.00024   0.00000         .         .         .
2002   15   0.00164   0.02067         .         .         .
2002   16   0.00540   0.02607         .         .         .
2002   17   0.01041   0.04496   0.00000         .         .
2002   18   0.01790   0.08028   0.09036         .         .
2002   19   0.02774   0.08968   0.07551   0.09507         .
2002   20   0.03637   0.11321   0.08817   0.08804         .
2002   21   0.04263   0.12814   0.08344   0.05849   0.00000
2002   22   0.05014   0.13642   0.07668   0.07397   0.06326
2002   23   0.05467   0.15266   0.08494   0.12064   0.04694
2002   24   0.06075   0.15759   0.07722   0.08290   0.14160
2002   25   0.06743   0.17246   0.07822   0.09203   0.08032
2002   26   0.07555   0.15637   0.07308   0.07168   0.13944
2002   27   0.08495   0.15942   0.06520   0.07478   0.10157
2002   28   0.09026   0.15704   0.06332   0.06011   0.08570
2002   29   0.09433   0.15505   0.05771   0.06226   0.08845
2002   30   0.09279   0.14379   0.05117   0.05607   0.08181
2002   31   0.08866   0.13251   0.04499   0.05547   0.05331
2002   32   0.08455   0.11278   0.04258   0.04422   0.05319
2002   33   0.07235   0.09921   0.03419   0.04095   0.04780
2002   34   0.06213   0.08354   0.03327   0.03598   0.04920
2002   35   0.05464   0.06815   0.02423   0.02576   0.04429
2002   36   0.04451   0.05037   0.02425   0.02508   0.03765
2002   37   0.03349   0.04156   0.01710   0.02085   0.03451
2002   38   0.02862   0.03111   0.01294   0.01678   0.02593
2002   39   0.02251   0.02147   0.00965   0.01222   0.02430
2002   40   0.01508   0.01456   0.00818   0.00961   0.01621
2002   41   0.00753   0.00914   0.00458   0.00573   0.01396
2002   42   0.00549   0.00464   0.00315   0.00459   0.00900
2002   43   0.00328   0.00239   0.00177   0.00324   0.00578
2002   44   0.00122   0.00099   0.00067   0.00180   0.00271
2002   45   0.00063   0.00078   0.00036   0.00085   0.00096
2002   46   0.00055   0.00030   0.00023   0.00044   0.00024
2002   47   0.00012   0.00008   0.00005   0.00034   0.00024
2002   48   0.00013   0.00000   0.00010   0.00000   0.00047
2002   49   0.00000   0.00000   0.00000   0.00000   0.00000
2002   50   0.00000   0.00000   0.00000   0.00000   0.00023
2002   51   0.00000   0.00000   0.00000   0.00000   0.00000
2002   52   0.00000   0.00000   0.00000   0.00000   0.00020
2002   53   0.00000   0.00000   0.00000   0.00000   0.00000
2002   54   0.00000   0.00000   0.00000   0.00000   0.00000
2002   55+  0.00015   0.00008   0.00000   0.00000   0.00000
2003   12-  0.00000         .         .         .         .
2003   13   0.00006         .         .         .         .
2003   14   0.00028   0.00000         .         .         .
2003   15   0.00142   0.05947         .         .         .
2003   16   0.00472   0.08039   0.14295         .         .
2003   17   0.00971   0.04452   0.00000         .         .
2003   18   0.01762   0.07933   0.04177         .         .
2003   19   0.02668   0.08507   0.06809   0.00000         .
2003   20   0.03299   0.10824   0.07062   0.15222         .
2003   21   0.04126   0.11306   0.06958   0.03680   0.00000
2003   22   0.04608   0.13151   0.07676   0.09630   0.08746
2003   23   0.05027   0.14169   0.07204   0.05969   0.13073
2003   24   0.05860   0.15972   0.07530   0.09771   0.15890
2003   25   0.06791   0.15800   0.07165   0.08327   0.11812
2003   26   0.07326   0.16145   0.07115   0.07867   0.09796
2003   27   0.08268   0.15533   0.06868   0.06875   0.07855
2003   28   0.08611   0.16310   0.06385   0.05747   0.06404
2003   29   0.09008   0.15526   0.05777   0.05807   0.08471
2003   30   0.09498   0.14410   0.05363   0.05271   0.07664
2003   31   0.08958   0.12922   0.05049   0.04944   0.06056
2003   32   0.08064   0.11872   0.04044   0.04455   0.07081
2003   33   0.06753   0.10150   0.03553   0.03782   0.05253
2003   34   0.06506   0.08926   0.03288   0.03137   0.04711
2003   35   0.05562   0.07429   0.02780   0.03267   0.04448
2003   36   0.04883   0.05473   0.02375   0.02305   0.03852
2003   37   0.03806   0.04102   0.01878   0.02316   0.04279
2003   38   0.02874   0.02897   0.01402   0.01586   0.03304
2003   39   0.02186   0.02063   0.01132   0.01506   0.01726
2003   40   0.01484   0.01481   0.00849   0.00961   0.01654
2003   41   0.01122   0.00857   0.00525   0.00675   0.01462
2003   42   0.00593   0.00625   0.00328   0.00340   0.00967
2003   43   0.00248   0.00232   0.00176   0.00336   0.00563
2003   44   0.00164   0.00130   0.00116   0.00178   0.00455
2003   45   0.00030   0.00070   0.00045   0.00053   0.00319
2003   46   0.00021   0.00021   0.00023   0.00075   0.00096
2003   47   0.00000   0.00000   0.00000   0.00011   0.00023
2003   48   0.00000   0.00008   0.00005   0.00000   0.00024
2003   49   0.00013   0.00008   0.00005   0.00012   0.00000
2003   50   0.00000   0.00000   0.00000   0.00000   0.00023
2003   51   0.00000   0.00000   0.00000   0.00000   0.00000
2003   52   0.00000   0.00000   0.00000   0.00000   0.00000
2003   53   0.00000   0.00000   0.00000   0.00000   0.00000
2003   54   0.00000   0.00000   0.00000   0.00000   0.00000
2003   55+  0.00000   0.00000   0.00000   0.00000   0.00000
2004   12-  0.00000         .         .         .         .
2004   13   0.00004         .         .         .         .
2004   14   0.00032   0.00000         .         .         .
2004   15   0.00159   0.06126         .         .         .
2004   16   0.00473   0.03203   0.00000         .         .
2004   17   0.01029   0.04646   0.11734         .         .
2004   18   0.01711   0.09109   0.05247         .         .
2004   19   0.02896   0.09109   0.05454   0.10446         .
2004   20   0.03419   0.10497   0.08848   0.06127         .
2004   21   0.03939   0.13006   0.08436   0.12590   0.28396
2004   22   0.04536   0.14639   0.07415   0.06001   0.18160
2004   23   0.05232   0.14597   0.07708   0.08934   0.07073
2004   24   0.05928   0.16247   0.08231   0.07383   0.03897
2004   25   0.06635   0.16581   0.07635   0.08255   0.09553
2004   26   0.07275   0.16029   0.06996   0.08387   0.08709
2004   27   0.08315   0.16320   0.07391   0.08251   0.08220
2004   28   0.08459   0.16222   0.06832   0.07730   0.07629
2004   29   0.09043   0.16176   0.06291   0.06922   0.09445
2004   30   0.09650   0.15561   0.05479   0.05332   0.08581
2004   31   0.09373   0.14121   0.04965   0.05713   0.07396
2004   32   0.08516   0.12230   0.04210   0.04869   0.06616
2004   33   0.07252   0.10525   0.03987   0.04239   0.06751
2004   34   0.06795   0.09136   0.03332   0.03505   0.04947
2004   35   0.06157   0.07433   0.02844   0.03461   0.04158
2004   36   0.04904   0.06346   0.02386   0.02555   0.04560
2004   37   0.03948   0.04518   0.01823   0.02244   0.03872
2004   38   0.03204   0.03403   0.01410   0.01717   0.03519
2004   39   0.02407   0.02508   0.01118   0.01744   0.03008
2004   40   0.01522   0.01605   0.00667   0.01092   0.01636
2004   41   0.00981   0.00924   0.00461   0.00651   0.01438
2004   42   0.00639   0.00652   0.00314   0.00473   0.01141
2004   43   0.00297   0.00354   0.00141   0.00289   0.00597
2004   44   0.00174   0.00139   0.00105   0.00203   0.00628
2004   45   0.00058   0.00048   0.00030   0.00052   0.00119
2004   46   0.00030   0.00028   0.00031   0.00042   0.00049
2004   47   0.00021   0.00000   0.00009   0.00000   0.00024
2004   48   0.00022   0.00007   0.00000   0.00000   0.00023
2004   49   0.00000   0.00000   0.00005   0.00000   0.00000
2004   50   0.00000   0.00000   0.00000   0.00000   0.00024
2004   51   0.00000   0.00000   0.00000   0.00000   0.00023
2004   52   0.00000   0.00000   0.00000   0.00000   0.00000
2004   53   0.00000   0.00000   0.00000   0.00000   0.00000
2004   54   0.00000   0.00000   0.00005   0.00012   0.00000
2004   55+  0.00000   0.00008   0.00005   0.00000   0.00000
2005   12-  0.00000         .         .         .         .
2005   13   0.00000         .         .         .         .
2005   14   0.00006         .         .         .         .
2005   15   0.00130   0.04039         .         .         .
2005   16   0.00393   0.04181   0.18039         .         .
2005   17   0.00935   0.03397   0.00000         .         .
2005   18   0.01799   0.06936   0.07963         .         .
2005   19   0.02626   0.10043   0.10488   0.08619         .
2005   20   0.03273   0.10164   0.08377   0.02897         .
2005   21   0.03806   0.11352   0.09654   0.06911   0.00000
2005   22   0.04125   0.12719   0.08986   0.13266   0.14102
2005   23   0.05019   0.14582   0.07841   0.10734   0.09719
2005   24   0.05538   0.15379   0.08559   0.09011   0.08803
2005   25   0.06606   0.16593   0.07457   0.08054   0.12889
2005   26   0.07258   0.15950   0.07556   0.08094   0.12163
2005   27   0.07810   0.15816   0.07228   0.07781   0.07905
2005   28   0.08343   0.16457   0.06549   0.06089   0.10784
2005   29   0.09165   0.16039   0.06234   0.06523   0.09597
2005   30   0.09200   0.14521   0.05727   0.06091   0.07264
2005   31   0.09337   0.14010   0.04886   0.05214   0.06923
2005   32   0.08467   0.12977   0.04986   0.04825   0.05612
2005   33   0.08094   0.11693   0.04097   0.04318   0.06016
2005   34   0.06971   0.09880   0.03419   0.04047   0.04835
2005   35   0.06103   0.07914   0.03060   0.03227   0.05169
2005   36   0.05253   0.06411   0.02100   0.02673   0.04088
2005   37   0.04191   0.04765   0.01933   0.02203   0.04005
2005   38   0.03271   0.03621   0.01523   0.01732   0.03399
2005   39   0.02286   0.02602   0.01166   0.01538   0.02694
2005   40   0.01681   0.01703   0.00763   0.01250   0.02107
2005   41   0.01123   0.00939   0.00498   0.00721   0.01748
2005   42   0.00616   0.00665   0.00358   0.00482   0.00940
2005   43   0.00291   0.00316   0.00154   0.00275   0.00759
2005   44   0.00140   0.00173   0.00052   0.00149   0.00379
2005   45   0.00101   0.00093   0.00046   0.00061   0.00162
2005   46   0.00019   0.00014   0.00034   0.00073   0.00166
2005   47   0.00041   0.00007   0.00004   0.00011   0.00073
2005   48   0.00010   0.00000   0.00000   0.00000   0.00000
2005   49   0.00011   0.00000   0.00005   0.00000   0.00023
2005   50   0.00024   0.00000   0.00000   0.00000   0.00000
2005   51   0.00000   0.00000   0.00000   0.00000   0.00000
2005   52   0.00000   0.00000   0.00000   0.00000   0.00023
2005   53   0.00000   0.00000   0.00005   0.00000   0.00000
2005   54   0.00000   0.00000   0.00000   0.00000   0.00000
2005   55+  0.00000   0.00009   0.00005   0.00000   0.00000
2006   12-  0.00000         .         .         .         .
2006   13   0.00004         .         .         .         .
2006   14   0.00033   0.00000         .         .         .
2006   15   0.00142   0.00000         .         .         .
2006   16   0.00430   0.02832         .         .         .
2006   17   0.00851   0.04248   0.05504         .         .
2006   18   0.01492   0.06721   0.01309         .         .
2006   19   0.02575   0.09799   0.08108   0.19947         .
2006   20   0.03281   0.10125   0.10797   0.09196         .
2006   21   0.03727   0.11655   0.09510   0.09566   0.00000
2006   22   0.04060   0.13234   0.07727   0.10487   0.00000
2006   23   0.04501   0.14901   0.09250   0.09947   0.04339
2006   24   0.05394   0.14732   0.07358   0.08399   0.11094
2006   25   0.06090   0.15078   0.07606   0.07770   0.10573
2006   26   0.06789   0.15459   0.07418   0.08727   0.09595
2006   27   0.07643   0.17457   0.06857   0.07262   0.10678
2006   28   0.08551   0.16168   0.07244   0.06646   0.09744
2006   29   0.08866   0.15455   0.06623   0.06416   0.07417
2006   30   0.09656   0.15182   0.05810   0.06082   0.04927
2006   31   0.09854   0.14158   0.04821   0.06133   0.06648
2006   32   0.09171   0.13423   0.04713   0.04730   0.06704
2006   33   0.07883   0.11823   0.04081   0.04856   0.06389
2006   34   0.07341   0.10587   0.03557   0.04145   0.05218
2006   35   0.06518   0.08173   0.03038   0.03028   0.05210
2006   36   0.05156   0.06652   0.02452   0.02767   0.04714
2006   37   0.04463   0.04931   0.01956   0.02512   0.03808
2006   38   0.03249   0.03822   0.01555   0.02029   0.03321
2006   39   0.02578   0.02832   0.01117   0.01504   0.02499
2006   40   0.02020   0.01929   0.00765   0.01128   0.02277
2006   41   0.01088   0.01228   0.00582   0.00852   0.01764
2006   42   0.00581   0.00779   0.00352   0.00473   0.01258
2006   43   0.00404   0.00305   0.00145   0.00326   0.00637
2006   44   0.00225   0.00167   0.00112   0.00137   0.00510
2006   45   0.00096   0.00103   0.00040   0.00089   0.00189
2006   46   0.00009   0.00020   0.00038   0.00010   0.00162
2006   47   0.00029   0.00014   0.00013   0.00031   0.00095
2006   48   0.00000   0.00007   0.00004   0.00000   0.00049
2006   49   0.00010   0.00007   0.00000   0.00000   0.00000
2006   50   0.00000   0.00000   0.00000   0.00011   0.00000
2006   51   0.00012   0.00000   0.00000   0.00000   0.00000
2006   52   0.00000   0.00000   0.00000   0.00000   0.00000
2006   53   0.00000   0.00000   0.00000   0.00000   0.00000
2006   54   0.00000   0.00000   0.00000   0.00000   0.00023
2006   55+  0.00015   0.00000   0.00000   0.00000   0.00000
2007   12-  0.00000         .         .         .         .
2007   13   0.00002         .         .         .         .
2007   14   0.00010   0.00000         .         .         .
2007   15   0.00129   0.02160         .         .         .
2007   16   0.00377   0.04205         .         .         .
2007   17   0.00817   0.05202   0.00000         .         .
2007   18   0.01455   0.06815   0.06823         .         .
2007   19   0.02373   0.09070   0.05672   0.00000         .
2007   20   0.02970   0.10274   0.08733   0.02415         .
2007   21   0.03504   0.11354   0.07829   0.09456   0.13203
2007   22   0.03941   0.13639   0.06916   0.05697   0.21868
2007   23   0.04603   0.14356   0.08094   0.09812   0.04864
2007   24   0.04767   0.15521   0.07226   0.07531   0.21949
2007   25   0.05730   0.15463   0.07285   0.08601   0.10598
2007   26   0.06668   0.15828   0.07989   0.07566   0.11075
2007   27   0.07208   0.16298   0.06828   0.06284   0.09255
2007   28   0.07786   0.15784   0.06798   0.07323   0.11153
2007   29   0.08291   0.16393   0.06160   0.06783   0.08590
2007   30   0.09165   0.15270   0.05724   0.05781   0.06974
2007   31   0.09311   0.14463   0.05245   0.05250   0.07897
2007   32   0.08708   0.13491   0.04745   0.05128   0.06584
2007   33   0.08163   0.12318   0.04071   0.04558   0.06376
2007   34   0.07397   0.10174   0.03690   0.04063   0.05941
2007   35   0.06326   0.08363   0.02968   0.03500   0.05644
2007   36   0.05893   0.07109   0.02731   0.02984   0.04735
2007   37   0.04948   0.05265   0.02093   0.02371   0.03430
2007   38   0.03167   0.03684   0.01660   0.01715   0.03362
2007   39   0.02726   0.02797   0.01292   0.01867   0.02870
2007   40   0.01950   0.02117   0.00833   0.01233   0.02007
2007   41   0.01186   0.01197   0.00575   0.00842   0.01582
2007   42   0.00790   0.00674   0.00352   0.00434   0.00815
2007   43   0.00350   0.00339   0.00185   0.00318   0.00508
2007   44   0.00127   0.00198   0.00100   0.00173   0.00633
2007   45   0.00058   0.00093   0.00054   0.00157   0.00363
2007   46   0.00070   0.00032   0.00020   0.00010   0.00094
2007   47   0.00018   0.00000   0.00008   0.00010   0.00116
2007   48   0.00000   0.00000   0.00004   0.00021   0.00071
2007   49   0.00010   0.00000   0.00000   0.00000   0.00000
2007   50   0.00010   0.00000   0.00000   0.00000   0.00000
2007   51   0.00000   0.00000   0.00005   0.00000   0.00000
2007   52   0.00012   0.00000   0.00000   0.00011   0.00024
2007   53   0.00000   0.00000   0.00000   0.00000   0.00000
2007   54   0.00000   0.00000   0.00000   0.00000   0.00000
2007   55+  0.00000   0.00009   0.00000   0.00000   0.00000
2008   12-  0.00002         .         .         .         .
2008   13   0.00000         .         .         .         .
2008   14   0.00013         .         .         .         .
2008   15   0.00142   0.00000         .         .         .
2008   16   0.00380   0.03658         .         .         .
2008   17   0.00862   0.03812   0.06013         .         .
2008   18   0.01514   0.07018   0.08316         .         .
2008   19   0.02316   0.08482   0.06678   0.09848         .
2008   20   0.03165   0.10399   0.08235   0.05517         .
2008   21   0.03533   0.12282   0.07634   0.07918   0.00000
2008   22   0.03808   0.12500   0.08932   0.05901   0.22494
2008   23   0.04366   0.14631   0.08960   0.11130   0.07462
2008   24   0.04999   0.15194   0.07474   0.06692   0.06533
2008   25   0.05556   0.16541   0.07580   0.08754   0.08677
2008   26   0.06541   0.16557   0.07073   0.09175   0.10768
2008   27   0.07289   0.16471   0.06539   0.06140   0.09055
2008   28   0.08365   0.16980   0.06791   0.07316   0.09106
2008   29   0.08683   0.15912   0.06449   0.06408   0.07987
2008   30   0.08839   0.15558   0.05712   0.06107   0.10161
2008   31   0.09403   0.14740   0.05858   0.05215   0.08452
2008   32   0.09072   0.13966   0.04668   0.04695   0.07146
2008   33   0.08495   0.12023   0.04246   0.04321   0.06328
2008   34   0.07733   0.11604   0.03873   0.04176   0.04877
2008   35   0.07104   0.09322   0.03235   0.03316   0.05153
2008   36   0.05937   0.07397   0.02621   0.03084   0.05388
2008   37   0.04769   0.05871   0.02299   0.02575   0.04531
2008   38   0.03663   0.04263   0.01748   0.02147   0.03254
2008   39   0.02692   0.03197   0.01285   0.01577   0.03135
2008   40   0.02089   0.02231   0.00954   0.01025   0.02156
2008   41   0.01141   0.01271   0.00569   0.00718   0.01808
2008   42   0.00819   0.00723   0.00413   0.00571   0.01313
2008   43   0.00409   0.00491   0.00237   0.00317   0.00956
2008   44   0.00211   0.00191   0.00118   0.00212   0.00504
2008   45   0.00119   0.00078   0.00045   0.00067   0.00218
2008   46   0.00067   0.00050   0.00035   0.00059   0.00193
2008   47   0.00026   0.00032   0.00020   0.00010   0.00071
2008   48   0.00046   0.00026   0.00008   0.00010   0.00023
2008   49   0.00029   0.00041   0.00009   0.00000   0.00024
2008   50   0.00000   0.00014   0.00000   0.00000   0.00000
2008   51   0.00010   0.00007   0.00000   0.00000   0.00000
2008   52   0.00000   0.00000   0.00000   0.00000   0.00000
2008   53   0.00000   0.00000   0.00000   0.00000   0.00000
2008   54   0.00000   0.00000   0.00000   0.00000   0.00000
2008   55+  0.00000   0.00008   0.00005   0.00000   0.00000
2009   12-  0.00000         .         .         .         .
2009   13   0.00002         .         .         .         .
2009   14   0.00028   0.00000         .         .         .
2009   15   0.00105   0.00000         .         .         .
2009   16   0.00368   0.03695         .         .         .
2009   17   0.00738   0.04293   0.00000         .         .
2009   18   0.01335   0.06544   0.04080         .         .
2009   19   0.02196   0.08633   0.10969   0.00000         .
2009   20   0.02794   0.10013   0.10604   0.19939         .
2009   21   0.03363   0.10512   0.09633   0.10533   0.08881
2009   22   0.03710   0.12276   0.09325   0.07692   0.23115
2009   23   0.04342   0.13752   0.07111   0.11795   0.10499
2009   24   0.04833   0.14647   0.07773   0.10749   0.08743
2009   25   0.05497   0.15076   0.07627   0.07520   0.13109
2009   26   0.06284   0.15274   0.07077   0.08622   0.09402
2009   27   0.06862   0.15177   0.07029   0.08407   0.10232
2009   28   0.07784   0.15608   0.06226   0.07005   0.10887
2009   29   0.08772   0.15891   0.06888   0.06085   0.10146
2009   30   0.09363   0.15734   0.06140   0.05539   0.05895
2009   31   0.08854   0.15411   0.05412   0.05176   0.05973
2009   32   0.08893   0.14132   0.04860   0.04669   0.08689
2009   33   0.08203   0.12942   0.04695   0.04338   0.06218
2009   34   0.07626   0.11278   0.03652   0.03967   0.06147
2009   35   0.07267   0.10304   0.03462   0.03521   0.04770
2009   36   0.06185   0.07812   0.02947   0.02702   0.04783
2009   37   0.04634   0.06387   0.02329   0.02616   0.04110
2009   38   0.03886   0.04641   0.01653   0.01938   0.03602
2009   39   0.02941   0.03291   0.01271   0.01519   0.02972
2009   40   0.02342   0.02466   0.00976   0.01206   0.02044
2009   41   0.01303   0.01342   0.00602   0.00862   0.01868
2009   42   0.00948   0.00790   0.00362   0.00560   0.01548
2009   43   0.00467   0.00478   0.00214   0.00363   0.00663
2009   44   0.00186   0.00172   0.00122   0.00268   0.00425
2009   45   0.00117   0.00054   0.00037   0.00115   0.00301
2009   46   0.00048   0.00054   0.00011   0.00029   0.00073
2009   47   0.00075   0.00012   0.00004   0.00000   0.00073
2009   48   0.00018   0.00006   0.00012   0.00030   0.00000
2009   49   0.00028   0.00007   0.00000   0.00000   0.00000
2009   50   0.00010   0.00014   0.00000   0.00000   0.00024
2009   51   0.00000   0.00000   0.00000   0.00000   0.00000
2009   52   0.00000   0.00000   0.00000   0.00000   0.00000
2009   53   0.00011   0.00000   0.00000   0.00000   0.00000
2009   54   0.00000   0.00000   0.00000   0.00000   0.00000
2009   55+  0.00000   0.00000   0.00000   0.00000   0.00000
2010   12-  0.00000         .         .         .         .
2010   13   0.00002         .         .         .         .
2010   14   0.00035   0.00000         .         .         .
2010   15   0.00123   0.02558         .         .         .
2010   16   0.00346   0.04213         .         .         .
2010   17   0.00790   0.06199   0.17049         .         .
2010   18   0.01153   0.06915   0.08423         .         .
2010   19   0.02162   0.08232   0.10500   0.09863         .
2010   20   0.02757   0.09693   0.06095   0.17954         .
2010   21   0.03288   0.11967   0.08359   0.15948   0.11573
2010   22   0.03639   0.13642   0.07965   0.14423   0.16284
2010   23   0.04180   0.14434   0.08050   0.10561   0.15888
2010   24   0.04768   0.14963   0.07986   0.07274   0.16495
2010   25   0.05580   0.15613   0.07532   0.08540   0.10953
2010   26   0.06453   0.16175   0.07243   0.06957   0.14146
2010   27   0.06797   0.15893   0.06660   0.07711   0.10995
2010   28   0.08005   0.16832   0.07491   0.06465   0.09010
2010   29   0.08862   0.16939   0.06512   0.06842   0.09568
2010   30   0.09328   0.16094   0.05957   0.05611   0.08442
2010   31   0.09677   0.15844   0.05779   0.05584   0.06798
2010   32   0.09211   0.14935   0.05066   0.04896   0.06943
2010   33   0.08658   0.14063   0.04637   0.04727   0.07565
2010   34   0.08359   0.13038   0.04042   0.03585   0.06228
2010   35   0.07601   0.10582   0.03554   0.03288   0.05105
2010   36   0.06711   0.08634   0.02982   0.02670   0.04191
2010   37   0.05458   0.06864   0.02383   0.02799   0.04265
2010   38   0.04626   0.05116   0.01800   0.02409   0.03586
2010   39   0.03500   0.03408   0.01251   0.01637   0.02526
2010   40   0.02345   0.02467   0.00955   0.01194   0.01990
2010   41   0.01584   0.01347   0.00627   0.00824   0.02073
2010   42   0.00952   0.00952   0.00382   0.00656   0.01173
2010   43   0.00519   0.00453   0.00243   0.00274   0.00792
2010   44   0.00304   0.00245   0.00143   0.00157   0.00421
2010   45   0.00132   0.00107   0.00067   0.00067   0.00199
2010   46   0.00047   0.00054   0.00033   0.00067   0.00100
2010   47   0.00064   0.00042   0.00011   0.00019   0.00121
2010   48   0.00017   0.00006   0.00004   0.00010   0.00024
2010   49   0.00044   0.00032   0.00000   0.00000   0.00000
2010   50   0.00009   0.00007   0.00000   0.00000   0.00046
2010   51   0.00010   0.00007   0.00004   0.00000   0.00000
2010   52   0.00000   0.00007   0.00004   0.00011   0.00000
2010   53   0.00011   0.00000   0.00000   0.00000   0.00000
2010   54   0.00000   0.00000   0.00000   0.00000   0.00000
2010   55+  0.00000   0.00000   0.00000   0.00000   0.00000
2011   12-  0.00000         .         .         .         .
2011   13   0.00002         .         .         .         .
2011   14   0.00022   0.00000         .         .         .
2011   15   0.00086   0.02606         .         .         .
2011   16   0.00335   0.04447         .         .         .
2011   17   0.00673   0.04914   0.00000         .         .
2011   18   0.01212   0.06246   0.11789         .         .
2011   19   0.01788   0.06626   0.14438   0.06236         .
2011   20   0.02551   0.09037   0.10404   0.03128         .
2011   21   0.03056   0.11596   0.09527   0.07358   0.09458
2011   22   0.03642   0.12432   0.06763   0.08815   0.18274
2011   23   0.04009   0.13782   0.08118   0.10350   0.07971
2011   24   0.04751   0.14200   0.08062   0.09402   0.12073
2011   25   0.05602   0.15003   0.07389   0.09655   0.10446
2011   26   0.06083   0.15163   0.07207   0.07550   0.12327
2011   27   0.06974   0.15805   0.06801   0.06814   0.13341
2011   28   0.07747   0.16153   0.07061   0.06633   0.08277
2011   29   0.08724   0.16575   0.06549   0.06546   0.09260
2011   30   0.09514   0.15994   0.05755   0.05603   0.06040
2011   31   0.09529   0.15865   0.05623   0.05621   0.08808
2011   32   0.09361   0.15241   0.04944   0.04670   0.08567
2011   33   0.09271   0.14156   0.04575   0.03990   0.06246
2011   34   0.08684   0.12661   0.04060   0.04354   0.07144
2011   35   0.07967   0.10672   0.03361   0.03331   0.05663
2011   36   0.07115   0.08904   0.02821   0.03090   0.04539
2011   37   0.05594   0.06981   0.02519   0.02502   0.04255
2011   38   0.04710   0.05277   0.02003   0.02324   0.02938
2011   39   0.03608   0.04024   0.01367   0.01747   0.02979
2011   40   0.03000   0.02822   0.01014   0.01355   0.02288
2011   41   0.01417   0.01539   0.00647   0.00758   0.01682
2011   42   0.00943   0.00954   0.00404   0.00677   0.01451
2011   43   0.00609   0.00549   0.00218   0.00411   0.01185
2011   44   0.00291   0.00251   0.00099   0.00121   0.00645
2011   45   0.00133   0.00055   0.00056   0.00098   0.00367
2011   46   0.00109   0.00053   0.00018   0.00019   0.00099
2011   47   0.00063   0.00042   0.00022   0.00010   0.00000
2011   48   0.00008   0.00006   0.00015   0.00000   0.00024
2011   49   0.00050   0.00025   0.00008   0.00020   0.00000
2011   50   0.00018   0.00000   0.00004   0.00010   0.00024
2011   51   0.00000   0.00013   0.00000   0.00000   0.00000
2011   52   0.00019   0.00000   0.00000   0.00000   0.00048
2011   53   0.00000   0.00000   0.00000   0.00000   0.00000
2011   54   0.00000   0.00000   0.00000   0.00000   0.00000
2011   55+  0.00022   0.00000   0.00000   0.00000   0.00024
2012   12-  0.00000         .         .         .         .
2012   13   0.00000         .         .         .         .
2012   14   0.00016         .         .         .         .
2012   15   0.00064   0.00000         .         .         .
2012   16   0.00257   0.06848   0.00000         .         .
2012   17   0.00706   0.07111   0.00000         .         .
2012   18   0.01066   0.04704   0.10383         .         .
2012   19   0.01743   0.07950   0.10619   0.00000         .
2012   20   0.02150   0.08962   0.10927   0.05127         .
2012   21   0.02817   0.09802   0.10485   0.09955   0.24528
2012   22   0.03513   0.12785   0.08243   0.10612   0.08746
2012   23   0.03918   0.13361   0.07761   0.08828   0.07475
2012   24   0.04546   0.14853   0.07124   0.09953   0.11162
2012   25   0.05532   0.15659   0.06523   0.08453   0.09919
2012   26   0.06095   0.15728   0.07656   0.07843   0.10835
2012   27   0.07041   0.15828   0.06994   0.06354   0.10258
2012   28   0.08159   0.16428   0.07030   0.06297   0.09691
2012   29   0.09035   0.16422   0.06190   0.06006   0.08738
2012   30   0.09462   0.16410   0.05814   0.04518   0.08550
2012   31   0.10144   0.15761   0.05403   0.05390   0.09180
2012   32   0.09735   0.15500   0.05292   0.05071   0.06415
2012   33   0.09308   0.14421   0.04525   0.04503   0.06346
2012   34   0.08642   0.13313   0.04210   0.03390   0.04533
2012   35   0.07979   0.11264   0.03584   0.03707   0.04778
2012   36   0.07255   0.09564   0.02941   0.03146   0.04758
2012   37   0.06071   0.07495   0.02457   0.02479   0.03273
2012   38   0.04611   0.05847   0.01956   0.02217   0.03675
2012   39   0.03597   0.04318   0.01513   0.01728   0.02602
2012   40   0.02935   0.02949   0.01019   0.01553   0.02399
2012   41   0.01835   0.01546   0.00683   0.00924   0.01453
2012   42   0.00962   0.01038   0.00426   0.00717   0.01614
2012   43   0.00486   0.00578   0.00295   0.00384   0.00743
2012   44   0.00290   0.00238   0.00122   0.00157   0.00727
2012   45   0.00169   0.00159   0.00077   0.00111   0.00196
2012   46   0.00102   0.00073   0.00041   0.00039   0.00235
2012   47   0.00047   0.00030   0.00018   0.00019   0.00000
2012   48   0.00039   0.00012   0.00000   0.00010   0.00025
2012   49   0.00048   0.00006   0.00000   0.00000   0.00000
2012   50   0.00017   0.00000   0.00004   0.00010   0.00000
2012   51   0.00026   0.00019   0.00004   0.00000   0.00000
2012   52   0.00000   0.00000   0.00000   0.00000   0.00000
2012   53   0.00010   0.00000   0.00000   0.00000   0.00000
2012   54   0.00000   0.00000   0.00000   0.00000   0.00025
2012   55+  0.00011   0.00007   0.00000   0.00000   0.00000
2013   12-  0.00002         .         .         .         .
2013   13   0.00002         .         .         .         .
2013   14   0.00019   0.00000         .         .         .
2013   15   0.00097   0.00000         .         .         .
2013   16   0.00253   0.00000         .         .         .
2013   17   0.00569   0.07242   0.00000         .         .
2013   18   0.01013   0.07424   0.01978         .         .
2013   19   0.01638   0.07791   0.13354   0.10465         .
2013   20   0.01976   0.09965   0.11165   0.02672         .
2013   21   0.02731   0.10947   0.07111   0.10811   0.00000
2013   22   0.03240   0.12548   0.09898   0.12907   0.19519
2013   23   0.03903   0.13770   0.07900   0.12886   0.13006
2013   24   0.04608   0.14767   0.07436   0.08026   0.12246
2013   25   0.05289   0.15021   0.06974   0.09130   0.12121
2013   26   0.06219   0.16147   0.06734   0.08991   0.11858
2013   27   0.06851   0.15713   0.06623   0.05515   0.11476
2013   28   0.08110   0.16092   0.06362   0.06108   0.08464
2013   29   0.08828   0.15917   0.06354   0.05380   0.09357
2013   30   0.09200   0.16393   0.05475   0.05584   0.08112
2013   31   0.10179   0.16265   0.05528   0.05483   0.07990
2013   32   0.09814   0.15931   0.04727   0.04822   0.07322
2013   33   0.09201   0.14702   0.04401   0.04493   0.05777
2013   34   0.08931   0.12969   0.04115   0.03408   0.05050
2013   35   0.08095   0.11810   0.03552   0.03700   0.05703
2013   36   0.06972   0.09716   0.03313   0.02993   0.05290
2013   37   0.05930   0.07967   0.02428   0.02544   0.03967
2013   38   0.04840   0.06230   0.02148   0.01985   0.03471
2013   39   0.03870   0.04457   0.01482   0.01863   0.03574
2013   40   0.02900   0.03345   0.01072   0.01277   0.02156
2013   41   0.01872   0.02075   0.00706   0.00799   0.01268
2013   42   0.01174   0.01118   0.00443   0.00543   0.01419
2013   43   0.00774   0.00640   0.00206   0.00401   0.00897
2013   44   0.00354   0.00350   0.00112   0.00234   0.00311
2013   45   0.00208   0.00128   0.00063   0.00063   0.00195
2013   46   0.00092   0.00085   0.00037   0.00040   0.00334
2013   47   0.00055   0.00043   0.00019   0.00010   0.00078
2013   48   0.00031   0.00006   0.00007   0.00019   0.00050
2013   49   0.00039   0.00018   0.00007   0.00019   0.00025
2013   50   0.00024   0.00012   0.00011   0.00000   0.00024
2013   51   0.00025   0.00006   0.00004   0.00010   0.00000
2013   52   0.00000   0.00000   0.00000   0.00000   0.00024
2013   53   0.00009   0.00013   0.00004   0.00000   0.00000
2013   54   0.00000   0.00000   0.00000   0.00000   0.00024
2013   55+  0.00010   0.00007   0.00000   0.00000   0.00000
2014   12-  0.00000         .         .         .         .
2014   13   0.00005         .         .         .         .
2014   14   0.00031   0.00000         .         .         .
2014   15   0.00107   0.03602         .         .         .
2014   16   0.00236   0.03144         .         .         .
2014   17   0.00516   0.05634   0.00000         .         .
2014   18   0.00916   0.05043   0.13249         .         .
2014   19   0.01461   0.08792   0.11310   0.11816         .
2014   20   0.02093   0.08628   0.07356   0.15088         .
2014   21   0.02693   0.12022   0.07481   0.19266   0.00000
2014   22   0.03144   0.12407   0.07926   0.13114   0.05314
2014   23   0.03729   0.13561   0.07700   0.10802   0.07171
2014   24   0.04608   0.15290   0.08005   0.11534   0.16754
2014   25   0.05207   0.14819   0.08205   0.07203   0.11187
2014   26   0.06082   0.15544   0.07179   0.07745   0.10086
2014   27   0.07140   0.16710   0.07254   0.09365   0.11019
2014   28   0.07987   0.16777   0.06572   0.08020   0.09736
2014   29   0.09079   0.17177   0.06958   0.05670   0.12193
2014   30   0.09505   0.16832   0.06239   0.06554   0.09819
2014   31   0.10294   0.16331   0.05614   0.04778   0.07992
2014   32   0.10361   0.15384   0.05149   0.04949   0.08829
2014   33   0.09566   0.15275   0.04824   0.04625   0.06352
2014   34   0.09085   0.13526   0.04350   0.04179   0.05538
2014   35   0.08521   0.12434   0.03761   0.03467   0.04888
2014   36   0.07292   0.10852   0.03118   0.03500   0.05250
2014   37   0.06023   0.08513   0.02629   0.02296   0.04054
2014   38   0.04822   0.06253   0.01921   0.01929   0.03736
2014   39   0.03825   0.04641   0.01514   0.01896   0.03088
2014   40   0.03164   0.03311   0.01309   0.01396   0.02108
2014   41   0.01844   0.02096   0.00689   0.00898   0.01735
2014   42   0.01287   0.01199   0.00393   0.00506   0.01451
2014   43   0.00504   0.00550   0.00244   0.00299   0.00789
2014   44   0.00295   0.00312   0.00133   0.00189   0.00414
2014   45         .         .         .         .         .
2014   46         .         .         .         .         .
2014   47         .         .         .         .         .
2014   48         .         .         .         .         .
2014   49         .         .         .         .         .
2014   50         .         .         .         .         .
2014   51         .         .         .         .         .
2014   52         .         .         .         .         .
2014   53         .         .         .         .         .
2014   54         .         .         .         .         .
2014   55+        .         .         .         .         .
2015   12-  0.00002         .         .         .         .
2015   13   0.00005         .         .         .         .
2015   14   0.00029   0.00000         .         .         .
2015   15   0.00079   0.00000         .         .         .
2015   16   0.00261   0.03770         .         .         .
2015   17   0.00497   0.07610   0.09198         .         .
2015   18   0.00961   0.10066   0.00000         .         .
2015   19   0.01481   0.09510   0.06592   0.00000         .
2015   20   0.01860   0.10530   0.14664   0.06804         .
2015   21   0.02492   0.11641   0.07621   0.03234   0.00000
2015   22   0.03054   0.12869   0.10252   0.17632   0.04523
2015   23   0.03782   0.13096   0.08541   0.10531   0.09469
2015   24   0.04422   0.14709   0.08992   0.09508   0.12713
2015   25   0.05193   0.15390   0.07654   0.09614   0.09978
2015   26   0.06158   0.16044   0.07289   0.11682   0.08031
2015   27   0.07083   0.16358   0.07458   0.09136   0.10297
2015   28   0.08156   0.17092   0.07461   0.07487   0.11188
2015   29   0.08850   0.17275   0.06675   0.06444   0.09991
2015   30   0.10012   0.16119   0.05955   0.06117   0.11066
2015   31   0.10653   0.16841   0.05863   0.05388   0.08804
2015   32   0.10635   0.16175   0.05275   0.05163   0.08449
2015   33   0.10194   0.15156   0.04587   0.04414   0.07041
2015   34   0.09898   0.13605   0.04249   0.03692   0.06842
2015   35   0.08951   0.12299   0.03723   0.03672   0.04797
2015   36   0.07938   0.11150   0.03016   0.03290   0.05810
2015   37   0.06430   0.09167   0.02599   0.02834   0.03864
2015   38   0.05176   0.06871   0.02129   0.02520   0.04341
2015   39   0.04194   0.05511   0.01565   0.01612   0.03280
2015   40   0.03656   0.03466   0.01191   0.01323   0.02354
2015   41   0.02006   0.02129   0.00790   0.01058   0.02123
2015   42   0.01302   0.01209   0.00530   0.00478   0.01135
2015   43   0.00688   0.00596   0.00258   0.00454   0.00803
2015   44   0.00406   0.00430   0.00162   0.00194   0.00630
2015   45   0.00223   0.00198   0.00070   0.00088   0.00264
2015   46         .         .         .         .         .
2015   47         .         .         .         .         .
2015   48         .         .         .         .         .
2015   49         .         .         .         .         .
2015   50         .         .         .         .         .
2015   51         .         .         .         .         .
2015   52         .         .         .         .         .
2015   53         .         .         .         .         .
2015   54         .         .         .         .         .
2015   55+        .         .         .         .         .
2016   12-  0.00002         .         .         .         .
2016   13   0.00002         .         .         .         .
2016   14   0.00015   0.00000         .         .         .
2016   15   0.00073   0.00000         .         .         .
2016   16   0.00217   0.03279         .         .         .
2016   17   0.00491   0.07967   0.00000         .         .
2016   18   0.00827   0.08665   0.04417         .         .
2016   19   0.01439   0.11613   0.12666   0.00000         .
2016   20   0.02034   0.13606   0.17101   0.00000         .
2016   21   0.02426   0.12712   0.14052   0.23052   0.42665
2016   22   0.03204   0.14068   0.10341   0.16346   0.15458
2016   23   0.03652   0.15165   0.11352   0.15204   0.13156
2016   24   0.04490   0.15479   0.09344   0.11539   0.11904
2016   25   0.05110   0.15609   0.08751   0.11465   0.13073
2016   26   0.06035   0.16370   0.09023   0.11437   0.16939
2016   27   0.06966   0.18045   0.08172   0.09278   0.15836
2016   28   0.07918   0.17328   0.07446   0.07149   0.13470
2016   29   0.09035   0.17526   0.06959   0.06966   0.14263
2016   30   0.09966   0.16405   0.06734   0.06013   0.10751
2016   31   0.10576   0.17149   0.05972   0.06520   0.09707
2016   32   0.10479   0.16286   0.05900   0.05732   0.08953
2016   33   0.10376   0.15890   0.05169   0.04634   0.08403
2016   34   0.09328   0.14420   0.04602   0.04623   0.07939
2016   35   0.09417   0.13465   0.03861   0.04421   0.06406
2016   36   0.08089   0.11163   0.03257   0.03135   0.06842
2016   37   0.06970   0.08885   0.02649   0.03071   0.05533
2016   38   0.05075   0.07220   0.02135   0.02133   0.04008
2016   39   0.04640   0.05394   0.01857   0.01796   0.04023
2016   40   0.03667   0.03731   0.01189   0.01449   0.02686
2016   41   0.02334   0.02414   0.00788   0.01039   0.02005
2016   42   0.01265   0.01479   0.00433   0.00508   0.01020
2016   43   0.00829   0.00760   0.00267   0.00484   0.00904
2016   44   0.00426   0.00379   0.00107   0.00277   0.00734
2016   45   0.00255   0.00221   0.00056   0.00091   0.00178
2016   46   0.00129   0.00079   0.00043   0.00066   0.00146
2016   47         .         .         .         .         .
2016   48         .         .         .         .         .
2016   49         .         .         .         .         .
2016   50         .         .         .         .         .
2016   51         .         .         .         .         .
2016   52         .         .         .         .         .
2016   53         .         .         .         .         .
2016   54         .         .         .         .         .
2016   55+        .         .         .         .         .
2017   12-  0.00000         .         .         .         .
2017   13   0.00000         .         .         .         .
2017   14   0.00024   0.00000         .         .         .
2017   15   0.00051   0.00000         .         .         .
2017   16   0.00162   0.02405         .         .         .
2017   17   0.00457   0.06324   0.00000         .         .
2017   18   0.00830   0.10462   0.09499         .         .
2017   19   0.01361   0.12711   0.12882   0.00000         .
2017   20   0.01841   0.13652   0.12171   0.05710         .
2017   21   0.02390   0.12643   0.10797   0.15604   0.00000
2017   22   0.02957   0.14490   0.10109   0.14102   0.13490
2017   23   0.03588   0.14806   0.08702   0.11842   0.11127
2017   24   0.04293   0.15598   0.09109   0.11934   0.09145
2017   25   0.05197   0.15634   0.09128   0.11527   0.16841
2017   26   0.06114   0.16670   0.08278   0.12705   0.09655
2017   27   0.07216   0.16326   0.08090   0.09423   0.15148
2017   28   0.08108   0.17227   0.07236   0.07540   0.15378
2017   29   0.08982   0.17553   0.06902   0.07733   0.10845
2017   30   0.09785   0.16700   0.06810   0.06429   0.13132
2017   31   0.10408   0.16352   0.06352   0.06150   0.11729
2017   32   0.10558   0.16028   0.05431   0.04999   0.09058
2017   33   0.10500   0.15833   0.05430   0.05260   0.08130
2017   34   0.09756   0.14718   0.04248   0.04275   0.07642
2017   35   0.08816   0.13027   0.03848   0.04305   0.08123
2017   36   0.08097   0.10859   0.03556   0.03663   0.05147
2017   37   0.06695   0.09086   0.02824   0.03143   0.04831
2017   38   0.05871   0.07499   0.02229   0.02711   0.04627
2017   39   0.04479   0.05655   0.01712   0.02026   0.03742
2017   40   0.03677   0.03766   0.01083   0.01587   0.03173
2017   41   0.02059   0.02360   0.00789   0.01011   0.01671
2017   42   0.01275   0.01434   0.00501   0.00593   0.01758
2017   43   0.00835   0.00840   0.00268   0.00419   0.01032
2017   44   0.00456   0.00427   0.00103   0.00141   0.00476
2017   45   0.00286   0.00157   0.00062   0.00023   0.00524
2017   46   0.00142   0.00117   0.00016   0.00079   0.00177
2017   47   0.00072   0.00039   0.00008   0.00022   0.00058
2017   48         .         .         .         .         .
2017   49         .         .         .         .         .
2017   50         .         .         .         .         .
2017   51         .         .         .         .         .
2017   52         .         .         .         .         .
2017   53         .         .         .         .         .
2017   54         .         .         .         .         .
2017   55+        .         .         .         .         .
2018   12-  0.00000         .         .         .         .
2018   13   0.00005         .         .         .         .
2018   14   0.00022         .         .         .         .
2018   15   0.00031   0.00000         .         .         .
2018   16   0.00160   0.06394         .         .         .
2018   17   0.00358   0.05877   0.35547         .         .
2018   18   0.00607   0.09289   0.04546         .         .
2018   19   0.01186   0.09968   0.10187   0.08332         .
2018   20   0.01661   0.13269   0.09568   0.06419         .
2018   21   0.02129   0.13322   0.12306   0.12538   0.30839
2018   22   0.02794   0.14507   0.08279   0.08219   0.21124
2018   23   0.03424   0.14372   0.09494   0.16952   0.10926
2018   24   0.04069   0.15923   0.09141   0.11573   0.07615
2018   25   0.04875   0.16498   0.08253   0.11109   0.10951
2018   26   0.05825   0.16616   0.08922   0.10547   0.12590
2018   27   0.06734   0.16094   0.08393   0.08840   0.10434
2018   28   0.07644   0.16141   0.07816   0.08375   0.09867
2018   29   0.08602   0.16938   0.07815   0.07529   0.12199
2018   30   0.09570   0.16203   0.06720   0.07042   0.09708
2018   31   0.10733   0.16277   0.06262   0.05459   0.09566
2018   32   0.10246   0.15473   0.05433   0.05885   0.09529
2018   33   0.10145   0.15429   0.04884   0.04625   0.07577
2018   34   0.09375   0.13956   0.04581   0.04440   0.06404
2018   35   0.09292   0.12777   0.03721   0.03850   0.08339
2018   36   0.08372   0.11051   0.03511   0.03425   0.06348
2018   37   0.06424   0.08825   0.02598   0.03151   0.05386
2018   38   0.05386   0.06894   0.02178   0.02372   0.04815
2018   39   0.04654   0.05204   0.01696   0.01917   0.03815
2018   40   0.03313   0.03943   0.01414   0.01490   0.03102
2018   41   0.01935   0.02619   0.00930   0.01222   0.02791
2018   42   0.01447   0.01259   0.00526   0.00841   0.01795
2018   43   0.00827   0.00802   0.00299   0.00342   0.01349
2018   44   0.00422   0.00338   0.00157   0.00262   0.00525
2018   45   0.00285   0.00216   0.00098   0.00105   0.00413
2018   46   0.00224   0.00135   0.00057   0.00011   0.00145
2018   47   0.00112   0.00069   0.00024   0.00011   0.00147
2018   48   0.00100   0.00039   0.00015   0.00011   0.00058
2018   49         .         .         .         .         .
2018   50         .         .         .         .         .
2018   51         .         .         .         .         .
2018   52         .         .         .         .         .
2018   53         .         .         .         .         .
2018   54         .         .         .         .         .
2018   55+        .         .         .         .         .
2019   12-  0.00000         .         .         .         .
2019   13   0.00000         .         .         .         .
2019   14   0.00007         .         .         .         .
2019   15   0.00053   0.00000         .         .         .
2019   16   0.00172   0.03037         .         .         .
2019   17   0.00337   0.04146   0.15246         .         .
2019   18   0.00630   0.07576   0.07568         .         .
2019   19   0.01090   0.10374   0.08611   0.12270         .
2019   20   0.01507   0.13202   0.11965   0.10406         .
2019   21   0.01889   0.13432   0.08415   0.09915   0.00000
2019   22   0.02502   0.15365   0.11511   0.09855   0.00000
2019   23   0.03270   0.15121   0.09890   0.11625   0.18132
2019   24   0.03943   0.14912   0.09678   0.07358   0.12480
2019   25   0.04524   0.16003   0.08450   0.10622   0.13604
2019   26   0.05697   0.15956   0.08898   0.10022   0.11976
2019   27   0.06651   0.16360   0.08536   0.08246   0.13048
2019   28   0.07542   0.15921   0.07145   0.06618   0.11862
2019   29   0.08679   0.16325   0.07311   0.08783   0.09940
2019   30   0.09767   0.17488   0.06310   0.06538   0.10177
2019   31   0.10423   0.16340   0.06075   0.06485   0.09575
2019   32   0.10364   0.14859   0.05566   0.05506   0.10598
2019   33   0.10253   0.15192   0.05043   0.05020   0.07467
2019   34   0.09690   0.13513   0.04195   0.04499   0.07483
2019   35   0.08948   0.12752   0.04225   0.04198   0.06583
2019   36   0.08317   0.10521   0.03464   0.03962   0.06292
2019   37   0.06965   0.08887   0.02927   0.03227   0.05365
2019   38   0.05559   0.06836   0.02320   0.02512   0.05216
2019   39   0.04550   0.05828   0.01896   0.02215   0.03573
2019   40   0.03605   0.04228   0.01454   0.01521   0.03323
2019   41   0.02283   0.02302   0.00878   0.01102   0.02095
2019   42   0.01431   0.01654   0.00487   0.00821   0.01700
2019   43   0.00702   0.00915   0.00277   0.00500   0.01062
2019   44   0.00524   0.00388   0.00166   0.00255   0.00775
2019   45   0.00338   0.00229   0.00074   0.00142   0.00490
2019   46   0.00195   0.00134   0.00047   0.00046   0.00088
2019   47   0.00139   0.00071   0.00029   0.00057   0.00000
2019   48   0.00060   0.00021   0.00004   0.00056   0.00059
2019   49   0.00050   0.00020   0.00000   0.00011   0.00029
2019   50         .         .         .         .         .
2019   51         .         .         .         .         .
2019   52         .         .         .         .         .
2019   53         .         .         .         .         .
2019   54         .         .         .         .         .
2019   55+        .         .         .         .         .
