Iceland, Period fertility rates by calendar year, age reached during the year (ARDY) and birth cohort (vertical parallelograms)
Last modified: 06/09/2023
Year    ARDY   Cohort        ASFR
1960     12-    1948+     0.00000
1960     13     1947      0.00000
1960     14     1946      0.00003
1960     15     1945      0.00042
1960     16     1944      0.00380
1960     17     1943      0.02481
1960     18     1942      0.09898
1960     19     1941      0.21697
1960     20     1940      0.25346
1960     21     1939      0.24341
1960     22     1938      0.25589
1960     23     1937      0.25028
1960     24     1936      0.24946
1960     25     1935      0.25057
1960     26     1934      0.23386
1960     27     1933      0.20980
1960     28     1932      0.19532
1960     29     1931      0.19184
1960     30     1930      0.18838
1960     31     1929      0.17407
1960     32     1928      0.15877
1960     33     1927      0.14926
1960     34     1926      0.14356
1960     35     1925      0.13558
1960     36     1924      0.12140
1960     37     1923      0.10827
1960     38     1922      0.09787
1960     39     1921      0.08765
1960     40     1920      0.07542
1960     41     1919      0.06194
1960     42     1918      0.04749
1960     43     1917      0.03329
1960     44     1916      0.02117
1960     45     1915      0.01342
1960     46     1914      0.00718
1960     47     1913      0.00222
1960     48     1912      0.00045
1960     49     1911      0.00008
1960     50     1910      0.00001
1960     51     1909      0.00000
1960     52     1908      0.00000
1960     53     1907      0.00000
1960     54     1906      0.00000
1960     55+    1905-     0.00000
1961     12-    1949+     0.00000
1961     13     1948      0.00000
1961     14     1947      0.00003
1961     15     1946      0.00036
1961     16     1945      0.00359
1961     17     1944      0.02196
1961     18     1943      0.08930
1961     19     1942      0.19615
1961     20     1941      0.23338
1961     21     1940      0.22903
1961     22     1939      0.23954
1961     23     1938      0.23313
1961     24     1937      0.23026
1961     25     1936      0.22778
1961     26     1935      0.20875
1961     27     1934      0.18581
1961     28     1933      0.17375
1961     29     1932      0.17334
1961     30     1931      0.17448
1961     31     1930      0.16512
1961     32     1929      0.15211
1961     33     1928      0.14246
1961     34     1927      0.13445
1961     35     1926      0.12427
1961     36     1925      0.10988
1961     37     1924      0.09603
1961     38     1923      0.08525
1961     39     1922      0.07503
1961     40     1921      0.06298
1961     41     1920      0.05009
1961     42     1919      0.03889
1961     43     1918      0.02875
1961     44     1917      0.01949
1961     45     1916      0.01362
1961     46     1915      0.00793
1961     47     1914      0.00245
1961     48     1913      0.00047
1961     49     1912      0.00008
1961     50     1911      0.00001
1961     51     1910      0.00000
1961     52     1909      0.00000
1961     53     1908      0.00000
1961     54     1907      0.00000
1961     55+    1906-     0.00000
1962     12-    1950+     0.00000
1962     13     1949      0.00000
1962     14     1948      0.00003
1962     15     1947      0.00036
1962     16     1946      0.00340
1962     17     1945      0.02203
1962     18     1944      0.08490
1962     19     1943      0.18717
1962     20     1942      0.22394
1962     21     1941      0.22055
1962     22     1940      0.23023
1962     23     1939      0.22629
1962     24     1938      0.22936
1962     25     1937      0.23599
1962     26     1936      0.22493
1962     27     1935      0.20454
1962     28     1934      0.19112
1962     29     1933      0.18540
1962     30     1932      0.17867
1962     31     1931      0.16254
1962     32     1930      0.14673
1962     33     1929      0.13757
1962     34     1928      0.13315
1962     35     1927      0.12685
1962     36     1926      0.11484
1962     37     1925      0.10239
1962     38     1924      0.09203
1962     39     1923      0.08219
1962     40     1922      0.07017
1962     41     1921      0.05667
1962     42     1920      0.04359
1962     43     1919      0.03168
1962     44     1918      0.02080
1962     45     1917      0.01368
1962     46     1916      0.00765
1962     47     1915      0.00238
1962     48     1914      0.00045
1962     49     1913      0.00008
1962     50     1912      0.00001
1962     51     1911      0.00000
1962     52     1910      0.00000
1962     53     1909      0.00000
1962     54     1908      0.00000
1962     55+    1907-     0.00000
1963     12-    1951+     0.00000
1963     13     1950      0.00000
1963     14     1949      0.00000
1963     15     1948      0.00064
1963     16     1947      0.01424
1963     17     1946      0.04990
1963     18     1945      0.11481
1963     19     1944      0.15872
1963     20     1943      0.21240
1963     21     1942      0.23347
1963     22     1941      0.25193
1963     23     1940      0.24934
1963     24     1939      0.21879
1963     25     1938      0.22346
1963     26     1937      0.23290
1963     27     1936      0.21139
1963     28     1935      0.18375
1963     29     1934      0.19058
1963     30     1933      0.18093
1963     31     1932      0.15436
1963     32     1931      0.14461
1963     33     1930      0.14502
1963     34     1929      0.13939
1963     35     1928      0.12465
1963     36     1927      0.09778
1963     37     1926      0.08209
1963     38     1925      0.07760
1963     39     1924      0.07626
1963     40     1923      0.07022
1963     41     1922      0.05359
1963     42     1921      0.04184
1963     43     1920      0.03092
1963     44     1919      0.01808
1963     45     1918      0.00617
1963     46     1917      0.00398
1963     47     1916      0.00081
1963     48     1915      0.00000
1963     49     1914      0.00000
1963     50     1913      0.00000
1963     51     1912      0.00000
1963     52     1911      0.00000
1963     53     1910      0.00000
1963     54     1909      0.00000
1963     55+    1908-     0.00000
1964     12-    1952+     0.00000
1964     13     1951      0.00000
1964     14     1950      0.00000
1964     15     1949      0.00065
1964     16     1948      0.01407
1964     17     1947      0.04364
1964     18     1946      0.12343
1964     19     1945      0.18133
1964     20     1944      0.19936
1964     21     1943      0.22545
1964     22     1942      0.22390
1964     23     1941      0.21778
1964     24     1940      0.22729
1964     25     1939      0.23046
1964     26     1938      0.21506
1964     27     1937      0.19662
1964     28     1936      0.18249
1964     29     1935      0.16394
1964     30     1934      0.15056
1964     31     1933      0.14407
1964     32     1932      0.15452
1964     33     1931      0.14843
1964     34     1930      0.12746
1964     35     1929      0.12496
1964     36     1928      0.10954
1964     37     1927      0.09458
1964     38     1926      0.08622
1964     39     1925      0.07358
1964     40     1924      0.05964
1964     41     1923      0.05792
1964     42     1922      0.05013
1964     43     1921      0.02744
1964     44     1920      0.01238
1964     45     1919      0.00921
1964     46     1918      0.00422
1964     47     1917      0.00037
1964     48     1916      0.00078
1964     49     1915      0.00035
1964     50     1914      0.00000
1964     51     1913      0.00000
1964     52     1912      0.00000
1964     53     1911      0.00000
1964     54     1910      0.00000
1964     55+    1909-     0.00000
1965     12-    1953+     0.00000
1965     13     1952      0.00000
1965     14     1951      0.00000
1965     15     1950      0.00101
1965     16     1949      0.02111
1965     17     1948      0.05523
1965     18     1947      0.11939
1965     19     1946      0.16446
1965     20     1945      0.20146
1965     21     1944      0.21854
1965     22     1943      0.20923
1965     23     1942      0.20528
1965     24     1941      0.21617
1965     25     1940      0.21159
1965     26     1939      0.18868
1965     27     1938      0.19148
1965     28     1937      0.19072
1965     29     1936      0.15987
1965     30     1935      0.14740
1965     31     1934      0.15663
1965     32     1933      0.12931
1965     33     1932      0.11945
1965     34     1931      0.12492
1965     35     1930      0.12786
1965     36     1929      0.10983
1965     37     1928      0.07757
1965     38     1927      0.07979
1965     39     1926      0.08123
1965     40     1925      0.05641
1965     41     1924      0.05140
1965     42     1923      0.04694
1965     43     1922      0.02667
1965     44     1921      0.01818
1965     45     1920      0.01043
1965     46     1919      0.00509
1965     47     1918      0.00384
1965     48     1917      0.00210
1965     49     1916      0.00042
1965     50     1915      0.00015
1965     51     1914      0.00049
1965     52     1913      0.00035
1965     53     1912      0.00011
1965     54     1911      0.00003
1965     55+    1910-     0.00000
1966     12-    1954+     0.00000
1966     13     1953      0.00002
1966     14     1952      0.00039
1966     15     1951      0.00188
1966     16     1950      0.01066
1966     17     1949      0.05727
1966     18     1948      0.13400
1966     19     1947      0.17717
1966     20     1946      0.20454
1966     21     1945      0.20516
1966     22     1944      0.21375
1966     23     1943      0.23172
1966     24     1942      0.19627
1966     25     1941      0.18845
1966     26     1940      0.17806
1966     27     1939      0.17565
1966     28     1938      0.17498
1966     29     1937      0.14560
1966     30     1936      0.14615
1966     31     1935      0.14769
1966     32     1934      0.13752
1966     33     1933      0.11811
1966     34     1932      0.10808
1966     35     1931      0.10724
1966     36     1930      0.09352
1966     37     1929      0.09103
1966     38     1928      0.08391
1966     39     1927      0.06076
1966     40     1926      0.05318
1966     41     1925      0.04945
1966     42     1924      0.03648
1966     43     1923      0.02573
1966     44     1922      0.01699
1966     45     1921      0.00573
1966     46     1920      0.00474
1966     47     1919      0.00254
1966     48     1918      0.00041
1966     49     1917      0.00142
1966     50     1916      0.00030
1966     51     1915      0.00000
1966     52     1914      0.00000
1966     53     1913      0.00000
1966     54     1912      0.00000
1966     55+    1911-     0.00000
1967     12-    1955+     0.00000
1967     13     1954      0.00000
1967     14     1953      0.00000
1967     15     1952      0.00044
1967     16     1951      0.01228
1967     17     1950      0.04215
1967     18     1949      0.10731
1967     19     1948      0.16747
1967     20     1947      0.19480
1967     21     1946      0.19592
1967     22     1945      0.19114
1967     23     1944      0.20992
1967     24     1943      0.19304
1967     25     1942      0.17120
1967     26     1941      0.16399
1967     27     1940      0.15397
1967     28     1939      0.15540
1967     29     1938      0.14983
1967     30     1937      0.13568
1967     31     1936      0.13188
1967     32     1935      0.12284
1967     33     1934      0.10520
1967     34     1933      0.10397
1967     35     1932      0.11039
1967     36     1931      0.09986
1967     37     1930      0.07554
1967     38     1929      0.06134
1967     39     1928      0.05820
1967     40     1927      0.04761
1967     41     1926      0.03417
1967     42     1925      0.03444
1967     43     1924      0.02225
1967     44     1923      0.01429
1967     45     1922      0.01042
1967     46     1921      0.00357
1967     47     1920      0.00140
1967     48     1919      0.00116
1967     49     1918      0.00045
1967     50     1917      0.00015
1967     51     1916      0.00049
1967     52     1915      0.00033
1967     53     1914      0.00011
1967     54     1913      0.00003
1967     55+    1912-     0.00000
1968     12-    1956+     0.00000
1968     13     1955      0.00000
1968     14     1954      0.00015
1968     15     1953      0.00191
1968     16     1952      0.01392
1968     17     1951      0.04809
1968     18     1950      0.09607
1968     19     1949      0.14834
1968     20     1948      0.17356
1968     21     1947      0.19723
1968     22     1946      0.20730
1968     23     1945      0.17901
1968     24     1944      0.18043
1968     25     1943      0.17265
1968     26     1942      0.14750
1968     27     1941      0.14593
1968     28     1940      0.13675
1968     29     1939      0.13730
1968     30     1938      0.12637
1968     31     1937      0.11491
1968     32     1936      0.11721
1968     33     1935      0.10027
1968     34     1934      0.09011
1968     35     1933      0.08481
1968     36     1932      0.07829
1968     37     1931      0.06917
1968     38     1930      0.06607
1968     39     1929      0.06300
1968     40     1928      0.04982
1968     41     1927      0.03885
1968     42     1926      0.02842
1968     43     1925      0.02181
1968     44     1924      0.01311
1968     45     1923      0.00752
1968     46     1922      0.00472
1968     47     1921      0.00173
1968     48     1920      0.00205
1968     49     1919      0.00054
1968     50     1918      0.00000
1968     51     1917      0.00000
1968     52     1916      0.00000
1968     53     1915      0.00000
1968     54     1914      0.00000
1968     55+    1913-     0.00000
1969     12-    1957+     0.00000
1969     13     1956      0.00003
1969     14     1955      0.00070
1969     15     1954      0.00377
1969     16     1953      0.01600
1969     17     1952      0.05312
1969     18     1951      0.11197
1969     19     1950      0.15286
1969     20     1949      0.15175
1969     21     1948      0.16958
1969     22     1947      0.18713
1969     23     1946      0.17828
1969     24     1945      0.16734
1969     25     1944      0.16301
1969     26     1943      0.16772
1969     27     1942      0.15982
1969     28     1941      0.15118
1969     29     1940      0.13354
1969     30     1939      0.11303
1969     31     1938      0.10296
1969     32     1937      0.10134
1969     33     1936      0.11228
1969     34     1935      0.09817
1969     35     1934      0.08560
1969     36     1933      0.07951
1969     37     1932      0.07456
1969     38     1931      0.06251
1969     39     1930      0.05351
1969     40     1929      0.04020
1969     41     1928      0.02917
1969     42     1927      0.02693
1969     43     1926      0.02044
1969     44     1925      0.01372
1969     45     1924      0.00544
1969     46     1923      0.00169
1969     47     1922      0.00102
1969     48     1921      0.00039
1969     49     1920      0.00000
1969     50     1919      0.00015
1969     51     1918      0.00046
1969     52     1917      0.00033
1969     53     1916      0.00011
1969     54     1915      0.00003
1969     55+    1914-     0.00000
1970     12-    1958+     0.00000
1970     13     1957      0.00000
1970     14     1956      0.00013
1970     15     1955      0.00409
1970     16     1954      0.01878
1970     17     1953      0.04433
1970     18     1952      0.09706
1970     19     1951      0.13695
1970     20     1950      0.15591
1970     21     1949      0.16459
1970     22     1948      0.17364
1970     23     1947      0.16972
1970     24     1946      0.16290
1970     25     1945      0.15516
1970     26     1944      0.14627
1970     27     1943      0.14174
1970     28     1942      0.14534
1970     29     1941      0.13509
1970     30     1940      0.12440
1970     31     1939      0.11798
1970     32     1938      0.10269
1970     33     1937      0.09190
1970     34     1936      0.08537
1970     35     1935      0.07537
1970     36     1934      0.07167
1970     37     1933      0.06171
1970     38     1932      0.04852
1970     39     1931      0.04770
1970     40     1930      0.03946
1970     41     1929      0.03291
1970     42     1928      0.02772
1970     43     1927      0.01780
1970     44     1926      0.00885
1970     45     1925      0.00415
1970     46     1924      0.00298
1970     47     1923      0.00207
1970     48     1922      0.00024
1970     49     1921      0.00000
1970     50     1920      0.00000
1970     51     1919      0.00000
1970     52     1918      0.00000
1970     53     1917      0.00000
1970     54     1916      0.00000
1970     55+    1915-     0.00000
1971     12-    1959+     0.00000
1971     13     1958      0.00002
1971     14     1957      0.00052
1971     15     1956      0.00253
1971     16     1955      0.01435
1971     17     1954      0.05545
1971     18     1953      0.09703
1971     19     1952      0.12879
1971     20     1951      0.15915
1971     21     1950      0.17284
1971     22     1949      0.17776
1971     23     1948      0.18852
1971     24     1947      0.18607
1971     25     1946      0.17189
1971     26     1945      0.17188
1971     27     1944      0.16076
1971     28     1943      0.14769
1971     29     1942      0.13277
1971     30     1941      0.12411
1971     31     1940      0.11625
1971     32     1939      0.10012
1971     33     1938      0.10567
1971     34     1937      0.09188
1971     35     1936      0.07773
1971     36     1935      0.07117
1971     37     1934      0.05608
1971     38     1933      0.04900
1971     39     1932      0.04591
1971     40     1931      0.03660
1971     41     1930      0.02477
1971     42     1929      0.01964
1971     43     1928      0.01543
1971     44     1927      0.01133
1971     45     1926      0.00419
1971     46     1925      0.00088
1971     47     1924      0.00202
1971     48     1923      0.00049
1971     49     1922      0.00000
1971     50     1921      0.00000
1971     51     1920      0.00000
1971     52     1919      0.00000
1971     53     1918      0.00000
1971     54     1917      0.00000
1971     55+    1916-     0.00000
1972     12-    1960+     0.00000
1972     13     1959      0.00000
1972     14     1958      0.00013
1972     15     1957      0.00305
1972     16     1956      0.01567
1972     17     1955      0.04701
1972     18     1954      0.10986
1972     19     1953      0.14307
1972     20     1952      0.16581
1972     21     1951      0.19053
1972     22     1950      0.18898
1972     23     1949      0.19505
1972     24     1948      0.20411
1972     25     1947      0.19160
1972     26     1946      0.17657
1972     27     1945      0.15713
1972     28     1944      0.14922
1972     29     1943      0.14877
1972     30     1942      0.13007
1972     31     1941      0.11689
1972     32     1940      0.11451
1972     33     1939      0.10294
1972     34     1938      0.08848
1972     35     1937      0.08607
1972     36     1936      0.08014
1972     37     1935      0.07121
1972     38     1934      0.06048
1972     39     1933      0.04802
1972     40     1932      0.03036
1972     41     1931      0.02229
1972     42     1930      0.02156
1972     43     1929      0.01621
1972     44     1928      0.00873
1972     45     1927      0.00442
1972     46     1926      0.00323
1972     47     1925      0.00045
1972     48     1924      0.00000
1972     49     1923      0.00000
1972     50     1922      0.00000
1972     51     1921      0.00000
1972     52     1920      0.00000
1972     53     1919      0.00000
1972     54     1918      0.00000
1972     55+    1917-     0.00000
1973     12-    1961+     0.00000
1973     13     1960      0.00003
1973     14     1959      0.00080
1973     15     1958      0.00515
1973     16     1957      0.01714
1973     17     1956      0.05083
1973     18     1955      0.09823
1973     19     1954      0.11910
1973     20     1953      0.15091
1973     21     1952      0.17953
1973     22     1951      0.19304
1973     23     1950      0.19963
1973     24     1949      0.18878
1973     25     1948      0.18321
1973     26     1947      0.17296
1973     27     1946      0.16438
1973     28     1945      0.15147
1973     29     1944      0.13382
1973     30     1943      0.12771
1973     31     1942      0.12335
1973     32     1941      0.10724
1973     33     1940      0.09176
1973     34     1939      0.08680
1973     35     1938      0.07341
1973     36     1937      0.05995
1973     37     1936      0.05779
1973     38     1935      0.05377
1973     39     1934      0.03820
1973     40     1933      0.02777
1973     41     1932      0.03088
1973     42     1931      0.02356
1973     43     1930      0.01285
1973     44     1929      0.00936
1973     45     1928      0.00516
1973     46     1927      0.00242
1973     47     1926      0.00070
1973     48     1925      0.00071
1973     49     1924      0.00029
1973     50     1923      0.00000
1973     51     1922      0.00000
1973     52     1921      0.00000
1973     53     1920      0.00000
1973     54     1919      0.00000
1973     55+    1918-     0.00000
1974     12-    1962+     0.00000
1974     13     1961      0.00002
1974     14     1960      0.00062
1974     15     1959      0.00401
1974     16     1958      0.01724
1974     17     1957      0.04655
1974     18     1956      0.08275
1974     19     1955      0.11942
1974     20     1954      0.13297
1974     21     1953      0.14558
1974     22     1952      0.16266
1974     23     1951      0.17332
1974     24     1950      0.17419
1974     25     1949      0.16609
1974     26     1948      0.15708
1974     27     1947      0.15686
1974     28     1946      0.15307
1974     29     1945      0.13441
1974     30     1944      0.12361
1974     31     1943      0.11168
1974     32     1942      0.10112
1974     33     1941      0.08849
1974     34     1940      0.06904
1974     35     1939      0.05919
1974     36     1938      0.05411
1974     37     1937      0.06058
1974     38     1936      0.04881
1974     39     1935      0.03108
1974     40     1934      0.02670
1974     41     1933      0.02077
1974     42     1932      0.01054
1974     43     1931      0.00833
1974     44     1930      0.00985
1974     45     1929      0.00432
1974     46     1928      0.00064
1974     47     1927      0.00035
1974     48     1926      0.00125
1974     49     1925      0.00025
1974     50     1924      0.00000
1974     51     1923      0.00000
1974     52     1922      0.00000
1974     53     1921      0.00000
1974     54     1920      0.00000
1974     55+    1919-     0.00000
1975     12-    1963+     0.00000
1975     13     1962      0.00002
1975     14     1961      0.00045
1975     15     1960      0.00358
1975     16     1959      0.01657
1975     17     1958      0.04895
1975     18     1957      0.08297
1975     19     1956      0.10897
1975     20     1955      0.13866
1975     21     1954      0.14902
1975     22     1953      0.15317
1975     23     1952      0.17073
1975     24     1951      0.18129
1975     25     1950      0.17581
1975     26     1949      0.16140
1975     27     1948      0.15302
1975     28     1947      0.14058
1975     29     1946      0.12533
1975     30     1945      0.10966
1975     31     1944      0.10436
1975     32     1943      0.10233
1975     33     1942      0.08459
1975     34     1941      0.07961
1975     35     1940      0.07381
1975     36     1939      0.05567
1975     37     1938      0.05270
1975     38     1937      0.04898
1975     39     1936      0.03846
1975     40     1935      0.02679
1975     41     1934      0.01798
1975     42     1933      0.01804
1975     43     1932      0.01061
1975     44     1931      0.00712
1975     45     1930      0.00547
1975     46     1929      0.00083
1975     47     1928      0.00066
1975     48     1927      0.00027
1975     49     1926      0.00000
1975     50     1925      0.00000
1975     51     1924      0.00000
1975     52     1923      0.00000
1975     53     1922      0.00000
1975     54     1921      0.00000
1975     55+    1920-     0.00000
1976     12-    1964+     0.00000
1976     13     1963      0.00000
1976     14     1962      0.00000
1976     15     1961      0.00092
1976     16     1960      0.01812
1976     17     1959      0.03846
1976     18     1958      0.07724
1976     19     1957      0.10792
1976     20     1956      0.12970
1976     21     1955      0.15624
1976     22     1954      0.16199
1976     23     1953      0.15992
1976     24     1952      0.16064
1976     25     1951      0.15747
1976     26     1950      0.15029
1976     27     1949      0.14675
1976     28     1948      0.13891
1976     29     1947      0.12049
1976     30     1946      0.11545
1976     31     1945      0.11162
1976     32     1944      0.09541
1976     33     1943      0.07759
1976     34     1942      0.07757
1976     35     1941      0.06315
1976     36     1940      0.04953
1976     37     1939      0.05002
1976     38     1938      0.03910
1976     39     1937      0.03300
1976     40     1936      0.02751
1976     41     1935      0.02010
1976     42     1934      0.01430
1976     43     1933      0.01064
1976     44     1932      0.00776
1976     45     1931      0.00493
1976     46     1930      0.00056
1976     47     1929      0.00000
1976     48     1928      0.00000
1976     49     1927      0.00000
1976     50     1926      0.00000
1976     51     1925      0.00000
1976     52     1924      0.00000
1976     53     1923      0.00000
1976     54     1922      0.00000
1976     55+    1921-     0.00000
1977     12-    1965+     0.00000
1977     13     1964      0.00000
1977     14     1963      0.00014
1977     15     1962      0.00200
1977     16     1961      0.01371
1977     17     1960      0.04354
1977     18     1959      0.07303
1977     19     1958      0.09427
1977     20     1957      0.11510
1977     21     1956      0.12829
1977     22     1955      0.13813
1977     23     1954      0.15152
1977     24     1953      0.14721
1977     25     1952      0.14481
1977     26     1951      0.14632
1977     27     1950      0.13257
1977     28     1949      0.13109
1977     29     1948      0.11247
1977     30     1947      0.09364
1977     31     1946      0.09265
1977     32     1945      0.08675
1977     33     1944      0.07463
1977     34     1943      0.07016
1977     35     1942      0.07334
1977     36     1941      0.06085
1977     37     1940      0.04250
1977     38     1939      0.03472
1977     39     1938      0.03035
1977     40     1937      0.02493
1977     41     1936      0.01983
1977     42     1935      0.01469
1977     43     1934      0.00764
1977     44     1933      0.00463
1977     45     1932      0.00361
1977     46     1931      0.00263
1977     47     1930      0.00039
1977     48     1929      0.00000
1977     49     1928      0.00000
1977     50     1927      0.00000
1977     51     1926      0.00000
1977     52     1925      0.00000
1977     53     1924      0.00000
1977     54     1923      0.00000
1977     55+    1922-     0.00000
1978     12-    1966+     0.00000
1978     13     1965      0.00004
1978     14     1964      0.00087
1978     15     1963      0.00318
1978     16     1962      0.01302
1978     17     1961      0.04671
1978     18     1960      0.07403
1978     19     1959      0.09436
1978     20     1958      0.11375
1978     21     1957      0.13186
1978     22     1956      0.15003
1978     23     1955      0.14900
1978     24     1954      0.15017
1978     25     1953      0.15548
1978     26     1952      0.14995
1978     27     1951      0.14115
1978     28     1950      0.13091
1978     29     1949      0.11971
1978     30     1948      0.10901
1978     31     1947      0.09694
1978     32     1946      0.09110
1978     33     1945      0.07872
1978     34     1944      0.06754
1978     35     1943      0.06201
1978     36     1942      0.05180
1978     37     1941      0.04182
1978     38     1940      0.03626
1978     39     1939      0.02638
1978     40     1938      0.01984
1978     41     1937      0.01910
1978     42     1936      0.01141
1978     43     1935      0.00294
1978     44     1934      0.00254
1978     45     1933      0.00466
1978     46     1932      0.00236
1978     47     1931      0.00020
1978     48     1930      0.00000
1978     49     1929      0.00000
1978     50     1928      0.00000
1978     51     1927      0.00000
1978     52     1926      0.00000
1978     53     1925      0.00000
1978     54     1924      0.00000
1978     55+    1923-     0.00000
1979     12-    1967+     0.00000
1979     13     1966      0.00000
1979     14     1965      0.00014
1979     15     1964      0.00211
1979     16     1963      0.01255
1979     17     1962      0.03417
1979     18     1961      0.06465
1979     19     1960      0.10014
1979     20     1959      0.12480
1979     21     1958      0.14347
1979     22     1957      0.15339
1979     23     1956      0.15184
1979     24     1955      0.16290
1979     25     1954      0.16065
1979     26     1953      0.15246
1979     27     1952      0.13978
1979     28     1951      0.13146
1979     29     1950      0.13947
1979     30     1949      0.12979
1979     31     1948      0.11236
1979     32     1947      0.10156
1979     33     1946      0.08810
1979     34     1945      0.08315
1979     35     1944      0.07456
1979     36     1943      0.06076
1979     37     1942      0.04554
1979     38     1941      0.03694
1979     39     1940      0.02853
1979     40     1939      0.01966
1979     41     1938      0.01342
1979     42     1937      0.00815
1979     43     1936      0.00638
1979     44     1935      0.00170
1979     45     1934      0.00036
1979     46     1933      0.00141
1979     47     1932      0.00241
1979     48     1931      0.00042
1979     49     1930      0.00000
1979     50     1929      0.00000
1979     51     1928      0.00000
1979     52     1927      0.00000
1979     53     1926      0.00000
1979     54     1925      0.00000
1979     55+    1924-     0.00000
1980     12-    1968+     0.00000
1980     13     1967      0.00003
1980     14     1966      0.00054
1980     15     1965      0.00190
1980     16     1964      0.01252
1980     17     1963      0.04490
1980     18     1962      0.06580
1980     19     1961      0.10018
1980     20     1960      0.12456
1980     21     1959      0.13778
1980     22     1958      0.14667
1980     23     1957      0.15270
1980     24     1956      0.14949
1980     25     1955      0.14433
1980     26     1954      0.14831
1980     27     1953      0.13897
1980     28     1952      0.13915
1980     29     1951      0.13824
1980     30     1950      0.13560
1980     31     1949      0.11712
1980     32     1948      0.09581
1980     33     1947      0.09072
1980     34     1946      0.08096
1980     35     1945      0.07088
1980     36     1944      0.06199
1980     37     1943      0.05069
1980     38     1942      0.04128
1980     39     1941      0.03090
1980     40     1940      0.02306
1980     41     1939      0.01558
1980     42     1938      0.00748
1980     43     1937      0.00435
1980     44     1936      0.00263
1980     45     1935      0.00232
1980     46     1934      0.00043
1980     47     1933      0.00000
1980     48     1932      0.00000
1980     49     1931      0.00000
1980     50     1930      0.00000
1980     51     1929      0.00000
1980     52     1928      0.00000
1980     53     1927      0.00000
1980     54     1926      0.00000
1980     55+    1925-     0.00000
1981     12-    1969+     0.00000
1981     13     1968      0.00001
1981     14     1967      0.00030
1981     15     1966      0.00262
1981     16     1965      0.01353
1981     17     1964      0.03431
1981     18     1963      0.05799
1981     19     1962      0.08700
1981     20     1961      0.10968
1981     21     1960      0.13684
1981     22     1959      0.14274
1981     23     1958      0.13665
1981     24     1957      0.14305
1981     25     1956      0.14097
1981     26     1955      0.13924
1981     27     1954      0.14166
1981     28     1953      0.13988
1981     29     1952      0.12707
1981     30     1951      0.11240
1981     31     1950      0.10936
1981     32     1949      0.10055
1981     33     1948      0.08148
1981     34     1947      0.07652
1981     35     1946      0.06877
1981     36     1945      0.05884
1981     37     1944      0.05184
1981     38     1943      0.04234
1981     39     1942      0.02781
1981     40     1941      0.01464
1981     41     1940      0.01020
1981     42     1939      0.01043
1981     43     1938      0.00798
1981     44     1937      0.00319
1981     45     1936      0.00140
1981     46     1935      0.00033
1981     47     1934      0.00066
1981     48     1933      0.00027
1981     49     1932      0.00000
1981     50     1931      0.00000
1981     51     1930      0.00000
1981     52     1929      0.00000
1981     53     1928      0.00000
1981     54     1927      0.00000
1981     55+    1926-     0.00000
1982     12-    1970+     0.00000
1982     13     1969      0.00000
1982     14     1968      0.00015
1982     15     1967      0.00271
1982     16     1966      0.01118
1982     17     1965      0.02596
1982     18     1964      0.05815
1982     19     1963      0.08978
1982     20     1962      0.11295
1982     21     1961      0.12922
1982     22     1960      0.13850
1982     23     1959      0.14727
1982     24     1958      0.15062
1982     25     1957      0.14456
1982     26     1956      0.14080
1982     27     1955      0.14157
1982     28     1954      0.13059
1982     29     1953      0.11499
1982     30     1952      0.11364
1982     31     1951      0.10274
1982     32     1950      0.09148
1982     33     1949      0.08095
1982     34     1948      0.06807
1982     35     1947      0.06081
1982     36     1946      0.04459
1982     37     1945      0.03997
1982     38     1944      0.03771
1982     39     1943      0.02328
1982     40     1942      0.02115
1982     41     1941      0.01837
1982     42     1940      0.00907
1982     43     1939      0.00614
1982     44     1938      0.00516
1982     45     1937      0.00248
1982     46     1936      0.00021
1982     47     1935      0.00000
1982     48     1934      0.00000
1982     49     1933      0.00000
1982     50     1932      0.00000
1982     51     1931      0.00000
1982     52     1930      0.00000
1982     53     1929      0.00000
1982     54     1928      0.00000
1982     55+    1927-     0.00000
1983     12-    1971+     0.00000
1983     13     1970      0.00001
1983     14     1969      0.00017
1983     15     1968      0.00142
1983     16     1967      0.00883
1983     17     1966      0.02487
1983     18     1965      0.04614
1983     19     1964      0.07487
1983     20     1963      0.09785
1983     21     1962      0.12770
1983     22     1961      0.14446
1983     23     1960      0.15064
1983     24     1959      0.14102
1983     25     1958      0.13830
1983     26     1957      0.14443
1983     27     1956      0.13972
1983     28     1955      0.13587
1983     29     1954      0.12518
1983     30     1953      0.11616
1983     31     1952      0.10163
1983     32     1951      0.08501
1983     33     1950      0.08390
1983     34     1949      0.08181
1983     35     1948      0.06508
1983     36     1947      0.04350
1983     37     1946      0.03729
1983     38     1945      0.03528
1983     39     1944      0.02912
1983     40     1943      0.02735
1983     41     1942      0.01914
1983     42     1941      0.00582
1983     43     1940      0.00300
1983     44     1939      0.00581
1983     45     1938      0.00172
1983     46     1937      0.00000
1983     47     1936      0.00066
1983     48     1935      0.00026
1983     49     1934      0.00000
1983     50     1933      0.00000
1983     51     1932      0.00000
1983     52     1931      0.00000
1983     53     1930      0.00000
1983     54     1929      0.00000
1983     55+    1928-     0.00000
1984     12-    1972+     0.00000
1984     13     1971      0.00001
1984     14     1970      0.00019
1984     15     1969      0.00110
1984     16     1968      0.00677
1984     17     1967      0.02404
1984     18     1966      0.04674
1984     19     1965      0.06797
1984     20     1964      0.08275
1984     21     1963      0.10806
1984     22     1962      0.12704
1984     23     1961      0.13101
1984     24     1960      0.13675
1984     25     1959      0.14026
1984     26     1958      0.13642
1984     27     1957      0.12972
1984     28     1956      0.12081
1984     29     1955      0.11254
1984     30     1954      0.10317
1984     31     1953      0.09583
1984     32     1952      0.08825
1984     33     1951      0.08846
1984     34     1950      0.07690
1984     35     1949      0.05890
1984     36     1948      0.05254
1984     37     1947      0.04432
1984     38     1946      0.03132
1984     39     1945      0.02370
1984     40     1944      0.01859
1984     41     1943      0.01281
1984     42     1942      0.00744
1984     43     1941      0.00370
1984     44     1940      0.00194
1984     45     1939      0.00022
1984     46     1938      0.00000
1984     47     1937      0.00000
1984     48     1936      0.00000
1984     49     1935      0.00000
1984     50     1934      0.00000
1984     51     1933      0.00000
1984     52     1932      0.00000
1984     53     1931      0.00000
1984     54     1930      0.00000
1984     55+    1929-     0.00000
1985     12-    1973+     0.00000
1985     13     1972      0.00000
1985     14     1971      0.00016
1985     15     1970      0.00204
1985     16     1969      0.00816
1985     17     1968      0.02104
1985     18     1967      0.04242
1985     19     1966      0.05969
1985     20     1965      0.07391
1985     21     1964      0.09860
1985     22     1963      0.11417
1985     23     1962      0.11520
1985     24     1961      0.12719
1985     25     1960      0.13132
1985     26     1959      0.13047
1985     27     1958      0.12474
1985     28     1957      0.11455
1985     29     1956      0.10419
1985     30     1955      0.10227
1985     31     1954      0.09525
1985     32     1953      0.07752
1985     33     1952      0.07930
1985     34     1951      0.07032
1985     35     1950      0.05644
1985     36     1949      0.05291
1985     37     1948      0.04265
1985     38     1947      0.03230
1985     39     1946      0.01907
1985     40     1945      0.01160
1985     41     1944      0.01075
1985     42     1943      0.00682
1985     43     1942      0.00469
1985     44     1941      0.00153
1985     45     1940      0.00137
1985     46     1939      0.00048
1985     47     1938      0.00000
1985     48     1937      0.00000
1985     49     1936      0.00000
1985     50     1935      0.00000
1985     51     1934      0.00000
1985     52     1933      0.00000
1985     53     1932      0.00000
1985     54     1931      0.00000
1985     55+    1930-     0.00000
1986     12-    1974+     0.00000
1986     13     1973      0.00000
1986     14     1972      0.00015
1986     15     1971      0.00224
1986     16     1970      0.00794
1986     17     1969      0.01757
1986     18     1968      0.03696
1986     19     1967      0.05453
1986     20     1966      0.07338
1986     21     1965      0.08901
1986     22     1964      0.10347
1986     23     1963      0.11946
1986     24     1962      0.13171
1986     25     1961      0.13782
1986     26     1960      0.13173
1986     27     1959      0.12192
1986     28     1958      0.12245
1986     29     1957      0.11949
1986     30     1956      0.10203
1986     31     1955      0.09655
1986     32     1954      0.09159
1986     33     1953      0.07974
1986     34     1952      0.06453
1986     35     1951      0.05436
1986     36     1950      0.05072
1986     37     1949      0.03792
1986     38     1948      0.02712
1986     39     1947      0.01889
1986     40     1946      0.01125
1986     41     1945      0.00995
1986     42     1944      0.00835
1986     43     1943      0.00424
1986     44     1942      0.00329
1986     45     1941      0.00191
1986     46     1940      0.00114
1986     47     1939      0.00023
1986     48     1938      0.00000
1986     49     1937      0.00000
1986     50     1936      0.00000
1986     51     1935      0.00000
1986     52     1934      0.00000
1986     53     1933      0.00000
1986     54     1932      0.00000
1986     55+    1931-     0.00000
1987     12-    1975+     0.00000
1987     13     1974      0.00001
1987     14     1973      0.00017
1987     15     1972      0.00102
1987     16     1971      0.00601
1987     17     1970      0.01918
1987     18     1969      0.03442
1987     19     1968      0.05395
1987     20     1967      0.07726
1987     21     1966      0.10460
1987     22     1965      0.11084
1987     23     1964      0.12381
1987     24     1963      0.13934
1987     25     1962      0.13273
1987     26     1961      0.13220
1987     27     1960      0.13275
1987     28     1959      0.12314
1987     29     1958      0.11783
1987     30     1957      0.11206
1987     31     1956      0.10848
1987     32     1955      0.10083
1987     33     1954      0.08692
1987     34     1953      0.08098
1987     35     1952      0.07106
1987     36     1951      0.05565
1987     37     1950      0.03716
1987     38     1949      0.03084
1987     39     1948      0.02650
1987     40     1947      0.01826
1987     41     1946      0.01498
1987     42     1945      0.01063
1987     43     1944      0.00452
1987     44     1943      0.00171
1987     45     1942      0.00200
1987     46     1941      0.00038
1987     47     1940      0.00000
1987     48     1939      0.00000
1987     49     1938      0.00000
1987     50     1937      0.00000
1987     51     1936      0.00000
1987     52     1935      0.00000
1987     53     1934      0.00000
1987     54     1933      0.00000
1987     55+    1932-     0.00000
1988     12-    1976+     0.00000
1988     13     1975      0.00000
1988     14     1974      0.00016
1988     15     1973      0.00168
1988     16     1972      0.00795
1988     17     1971      0.01937
1988     18     1970      0.03896
1988     19     1969      0.06044
1988     20     1968      0.07969
1988     21     1967      0.10293
1988     22     1966      0.11844
1988     23     1965      0.13302
1988     24     1964      0.12874
1988     25     1963      0.13101
1988     26     1962      0.14665
1988     27     1961      0.15353
1988     28     1960      0.15298
1988     29     1959      0.14170
1988     30     1958      0.13199
1988     31     1957      0.12817
1988     32     1956      0.12461
1988     33     1955      0.09710
1988     34     1954      0.07770
1988     35     1953      0.07267
1988     36     1952      0.05986
1988     37     1951      0.04311
1988     38     1950      0.03797
1988     39     1949      0.03135
1988     40     1948      0.01834
1988     41     1947      0.01304
1988     42     1946      0.00933
1988     43     1945      0.00443
1988     44     1944      0.00370
1988     45     1943      0.00067
1988     46     1942      0.00000
1988     47     1941      0.00000
1988     48     1940      0.00000
1988     49     1939      0.00000
1988     50     1938      0.00000
1988     51     1937      0.00000
1988     52     1936      0.00000
1988     53     1935      0.00000
1988     54     1934      0.00000
1988     55+    1933-     0.00000
1989     12-    1977+     0.00000
1989     13     1976      0.00001
1989     14     1975      0.00018
1989     15     1974      0.00109
1989     16     1973      0.00426
1989     17     1972      0.01616
1989     18     1971      0.03881
1989     19     1970      0.05645
1989     20     1969      0.06808
1989     21     1968      0.09324
1989     22     1967      0.11274
1989     23     1966      0.11952
1989     24     1965      0.13447
1989     25     1964      0.14213
1989     26     1963      0.14873
1989     27     1962      0.13848
1989     28     1961      0.12865
1989     29     1960      0.13469
1989     30     1959      0.13475
1989     31     1958      0.12201
1989     32     1957      0.11389
1989     33     1956      0.10115
1989     34     1955      0.07882
1989     35     1954      0.07207
1989     36     1953      0.06623
1989     37     1952      0.05139
1989     38     1951      0.03415
1989     39     1950      0.02812
1989     40     1949      0.02733
1989     41     1948      0.01646
1989     42     1947      0.00929
1989     43     1946      0.00433
1989     44     1945      0.00160
1989     45     1944      0.00185
1989     46     1943      0.00036
1989     47     1942      0.00000
1989     48     1941      0.00000
1989     49     1940      0.00000
1989     50     1939      0.00000
1989     51     1938      0.00000
1989     52     1937      0.00000
1989     53     1936      0.00000
1989     54     1935      0.00000
1989     55+    1934-     0.00000
1990     12-    1978+     0.00000
1990     13     1977      0.00000
1990     14     1976      0.00000
1990     15     1975      0.00000
1990     16     1974      0.00505
1990     17     1973      0.02013
1990     18     1972      0.03986
1990     19     1971      0.05673
1990     20     1970      0.07059
1990     21     1969      0.10206
1990     22     1968      0.11240
1990     23     1967      0.12164
1990     24     1966      0.14174
1990     25     1965      0.13739
1990     26     1964      0.15576
1990     27     1963      0.14335
1990     28     1962      0.14464
1990     29     1961      0.14119
1990     30     1960      0.13648
1990     31     1959      0.12393
1990     32     1958      0.11909
1990     33     1957      0.10856
1990     34     1956      0.10094
1990     35     1955      0.07336
1990     36     1954      0.06786
1990     37     1953      0.05388
1990     38     1952      0.04150
1990     39     1951      0.03973
1990     40     1950      0.02118
1990     41     1949      0.00856
1990     42     1948      0.01071
1990     43     1947      0.00517
1990     44     1946      0.00210
1990     45     1945      0.00138
1990     46     1944      0.00000
1990     47     1943      0.00000
1990     48     1942      0.00000
1990     49     1941      0.00000
1990     50     1940      0.00000
1990     51     1939      0.00000
1990     52     1938      0.00000
1990     53     1937      0.00000
1990     54     1936      0.00000
1990     55+    1935-     0.00000
1991     12-    1979+     0.00000
1991     13     1978      0.00000
1991     14     1977      0.00000
1991     15     1976      0.00100
1991     16     1975      0.00336
1991     17     1974      0.01756
1991     18     1973      0.04101
1991     19     1972      0.04535
1991     20     1971      0.06509
1991     21     1970      0.08674
1991     22     1969      0.08974
1991     23     1968      0.10678
1991     24     1967      0.12165
1991     25     1966      0.13127
1991     26     1965      0.14186
1991     27     1964      0.15500
1991     28     1963      0.13994
1991     29     1962      0.13046
1991     30     1961      0.11808
1991     31     1960      0.12332
1991     32     1959      0.10516
1991     33     1958      0.10766
1991     34     1957      0.09364
1991     35     1956      0.08627
1991     36     1955      0.07056
1991     37     1954      0.06111
1991     38     1953      0.04560
1991     39     1952      0.03696
1991     40     1951      0.02070
1991     41     1950      0.01585
1991     42     1949      0.01464
1991     43     1948      0.00715
1991     44     1947      0.00388
1991     45     1946      0.00070
1991     46     1945      0.00000
1991     47     1944      0.00000
1991     48     1943      0.00000
1991     49     1942      0.00000
1991     50     1941      0.00000
1991     51     1940      0.00000
1991     52     1939      0.00000
1991     53     1938      0.00000
1991     54     1937      0.00000
1991     55+    1936-     0.00000
1992     12-    1980+     0.00000
1992     13     1979      0.00000
1992     14     1978      0.00050
1992     15     1977      0.00103
1992     16     1976      0.00446
1992     17     1975      0.01483
1992     18     1974      0.04091
1992     19     1973      0.04884
1992     20     1972      0.05434
1992     21     1971      0.07925
1992     22     1970      0.10477
1992     23     1969      0.10827
1992     24     1968      0.12124
1992     25     1967      0.14145
1992     26     1966      0.13455
1992     27     1965      0.14458
1992     28     1964      0.13337
1992     29     1963      0.15699
1992     30     1962      0.12546
1992     31     1961      0.13334
1992     32     1960      0.10477
1992     33     1959      0.10298
1992     34     1958      0.10098
1992     35     1957      0.08069
1992     36     1956      0.07732
1992     37     1955      0.05740
1992     38     1954      0.04714
1992     39     1953      0.03370
1992     40     1952      0.02021
1992     41     1951      0.01580
1992     42     1950      0.01292
1992     43     1949      0.00610
1992     44     1948      0.00298
1992     45     1947      0.00194
1992     46     1946      0.00000
1992     47     1945      0.00069
1992     48     1944      0.00000
1992     49     1943      0.00000
1992     50     1942      0.00000
1992     51     1941      0.00000
1992     52     1940      0.00000
1992     53     1939      0.00000
1992     54     1938      0.00000
1992     55+    1937-     0.00000
1993     12-    1981+     0.00000
1993     13     1980      0.00000
1993     14     1979      0.00046
1993     15     1978      0.00000
1993     16     1977      0.00671
1993     17     1976      0.00839
1993     18     1975      0.02714
1993     19     1974      0.04617
1993     20     1973      0.06117
1993     21     1972      0.08523
1993     22     1971      0.09749
1993     23     1970      0.11474
1993     24     1969      0.12406
1993     25     1968      0.13736
1993     26     1967      0.13743
1993     27     1966      0.15447
1993     28     1965      0.15054
1993     29     1964      0.13776
1993     30     1963      0.13263
1993     31     1962      0.12293
1993     32     1961      0.11267
1993     33     1960      0.09825
1993     34     1959      0.10338
1993     35     1958      0.07803
1993     36     1957      0.07884
1993     37     1956      0.05862
1993     38     1955      0.04587
1993     39     1954      0.03234
1993     40     1953      0.02517
1993     41     1952      0.02077
1993     42     1951      0.00983
1993     43     1950      0.00944
1993     44     1949      0.00306
1993     45     1948      0.00119
1993     46     1947      0.00065
1993     47     1946      0.00000
1993     48     1945      0.00000
1993     49     1944      0.00000
1993     50     1943      0.00000
1993     51     1942      0.00000
1993     52     1941      0.00000
1993     53     1940      0.00000
1993     54     1939      0.00000
1993     55+    1938-     0.00000
1994     12-    1982+     0.00000
1994     13     1981      0.00000
1994     14     1980      0.00000
1994     15     1979      0.00092
1994     16     1978      0.00351
1994     17     1977      0.01284
1994     18     1976      0.03107
1994     19     1975      0.04260
1994     20     1974      0.06154
1994     21     1973      0.07411
1994     22     1972      0.09933
1994     23     1971      0.10495
1994     24     1970      0.12208
1994     25     1969      0.12188
1994     26     1968      0.13897
1994     27     1967      0.14479
1994     28     1966      0.13817
1994     29     1965      0.13538
1994     30     1964      0.12147
1994     31     1963      0.13723
1994     32     1962      0.10384
1994     33     1961      0.09892
1994     34     1960      0.08951
1994     35     1959      0.08233
1994     36     1958      0.08144
1994     37     1957      0.05699
1994     38     1956      0.03749
1994     39     1955      0.03839
1994     40     1954      0.02765
1994     41     1953      0.01714
1994     42     1952      0.01039
1994     43     1951      0.00602
1994     44     1950      0.00177
1994     45     1949      0.00000
1994     46     1948      0.00060
1994     47     1947      0.00000
1994     48     1946      0.00000
1994     49     1945      0.00000
1994     50     1944      0.00000
1994     51     1943      0.00000
1994     52     1942      0.00000
1994     53     1941      0.00000
1994     54     1940      0.00000
1994     55+    1939-     0.00000
1995     12-    1983+     0.00000
1995     13     1982      0.00000
1995     14     1981      0.00000
1995     15     1980      0.00045
1995     16     1979      0.00229
1995     17     1978      0.01656
1995     18     1977      0.02966
1995     19     1976      0.04075
1995     20     1975      0.05814
1995     21     1974      0.08481
1995     22     1973      0.09151
1995     23     1972      0.09919
1995     24     1971      0.10529
1995     25     1970      0.12213
1995     26     1969      0.11953
1995     27     1968      0.12906
1995     28     1967      0.13757
1995     29     1966      0.12865
1995     30     1965      0.13479
1995     31     1964      0.12771
1995     32     1963      0.11382
1995     33     1962      0.10487
1995     34     1961      0.09611
1995     35     1960      0.07986
1995     36     1959      0.07082
1995     37     1958      0.05566
1995     38     1957      0.04192
1995     39     1956      0.03074
1995     40     1955      0.02125
1995     41     1954      0.01974
1995     42     1953      0.00698
1995     43     1952      0.00463
1995     44     1951      0.00165
1995     45     1950      0.00236
1995     46     1949      0.00062
1995     47     1948      0.00060
1995     48     1947      0.00000
1995     49     1946      0.00000
1995     50     1945      0.00000
1995     51     1944      0.00000
1995     52     1943      0.00000
1995     53     1942      0.00000
1995     54     1941      0.00000
1995     55+    1940-     0.00000
1996     12-    1984+     0.00000
1996     13     1983      0.00000
1996     14     1982      0.00000
1996     15     1981      0.00048
1996     16     1980      0.00408
1996     17     1979      0.01006
1996     18     1978      0.02707
1996     19     1977      0.04280
1996     20     1976      0.05683
1996     21     1975      0.07347
1996     22     1974      0.09000
1996     23     1973      0.10237
1996     24     1972      0.11121
1996     25     1971      0.11633
1996     26     1970      0.12501
1996     27     1969      0.14907
1996     28     1968      0.13723
1996     29     1967      0.13830
1996     30     1966      0.12808
1996     31     1965      0.11925
1996     32     1964      0.12043
1996     33     1963      0.10785
1996     34     1962      0.09454
1996     35     1961      0.08696
1996     36     1960      0.07276
1996     37     1959      0.06714
1996     38     1958      0.04478
1996     39     1957      0.03547
1996     40     1956      0.02543
1996     41     1955      0.00659
1996     42     1954      0.01179
1996     43     1953      0.00969
1996     44     1952      0.00231
1996     45     1951      0.00055
1996     46     1950      0.00118
1996     47     1949      0.00000
1996     48     1948      0.00000
1996     49     1947      0.00000
1996     50     1946      0.00000
1996     51     1945      0.00000
1996     52     1944      0.00000
1996     53     1943      0.00000
1996     54     1942      0.00000
1996     55+    1941-     0.00000
1997     12-    1985+     0.00000
1997     13     1984      0.00000
1997     14     1983      0.00000
1997     15     1982      0.00048
1997     16     1981      0.00287
1997     17     1980      0.01264
1997     18     1979      0.03238
1997     19     1978      0.04867
1997     20     1977      0.05681
1997     21     1976      0.07953
1997     22     1975      0.08713
1997     23     1974      0.09770
1997     24     1973      0.10075
1997     25     1972      0.12961
1997     26     1971      0.11580
1997     27     1970      0.13520
1997     28     1969      0.12710
1997     29     1968      0.12463
1997     30     1967      0.13203
1997     31     1966      0.12723
1997     32     1965      0.10585
1997     33     1964      0.09786
1997     34     1963      0.08439
1997     35     1962      0.08624
1997     36     1961      0.06377
1997     37     1960      0.05166
1997     38     1959      0.03989
1997     39     1958      0.03333
1997     40     1957      0.02344
1997     41     1956      0.01548
1997     42     1955      0.01269
1997     43     1954      0.00807
1997     44     1953      0.00162
1997     45     1952      0.00231
1997     46     1951      0.00000
1997     47     1950      0.00000
1997     48     1949      0.00000
1997     49     1948      0.00000
1997     50     1947      0.00000
1997     51     1946      0.00000
1997     52     1945      0.00000
1997     53     1944      0.00000
1997     54     1943      0.00000
1997     55+    1942-     0.00000
1998     12-    1986+     0.00000
1998     13     1985      0.00000
1998     14     1984      0.00000
1998     15     1983      0.00000
1998     16     1982      0.00478
1998     17     1981      0.01619
1998     18     1980      0.03658
1998     19     1979      0.04166
1998     20     1978      0.04914
1998     21     1977      0.07822
1998     22     1976      0.07741
1998     23     1975      0.08731
1998     24     1974      0.11554
1998     25     1973      0.11637
1998     26     1972      0.12451
1998     27     1971      0.13189
1998     28     1970      0.14429
1998     29     1969      0.13883
1998     30     1968      0.11359
1998     31     1967      0.11938
1998     32     1966      0.11287
1998     33     1965      0.09995
1998     34     1964      0.09435
1998     35     1963      0.07938
1998     36     1962      0.05246
1998     37     1961      0.06149
1998     38     1960      0.04958
1998     39     1959      0.03123
1998     40     1958      0.02658
1998     41     1957      0.01640
1998     42     1956      0.00895
1998     43     1955      0.01220
1998     44     1954      0.00376
1998     45     1953      0.00108
1998     46     1952      0.00000
1998     47     1951      0.00055
1998     48     1950      0.00000
1998     49     1949      0.00000
1998     50     1948      0.00000
1998     51     1947      0.00000
1998     52     1946      0.00000
1998     53     1945      0.00000
1998     54     1944      0.00000
1998     55+    1943-     0.00000
1999     12-    1987+     0.00000
1999     13     1986      0.00000
1999     14     1985      0.00000
1999     15     1984      0.00000
1999     16     1983      0.00565
1999     17     1982      0.01094
1999     18     1981      0.03411
1999     19     1980      0.04398
1999     20     1979      0.05961
1999     21     1978      0.07638
1999     22     1977      0.07415
1999     23     1976      0.09346
1999     24     1975      0.10850
1999     25     1974      0.11194
1999     26     1973      0.11606
1999     27     1972      0.13212
1999     28     1971      0.12163
1999     29     1970      0.12619
1999     30     1969      0.12043
1999     31     1968      0.12688
1999     32     1967      0.10677
1999     33     1966      0.09066
1999     34     1965      0.08882
1999     35     1964      0.08447
1999     36     1963      0.06263
1999     37     1962      0.06353
1999     38     1961      0.05407
1999     39     1960      0.02720
1999     40     1959      0.02209
1999     41     1958      0.01304
1999     42     1957      0.00791
1999     43     1956      0.00544
1999     44     1955      0.00305
1999     45     1954      0.00161
1999     46     1953      0.00000
1999     47     1952      0.00000
1999     48     1951      0.00000
1999     49     1950      0.00000
1999     50     1949      0.00000
1999     51     1948      0.00000
1999     52     1947      0.00000
1999     53     1946      0.00000
1999     54     1945      0.00000
1999     55+    1944-     0.00000
2000     12-    1988+     0.00000
2000     13     1987      0.00000
2000     14     1986      0.00000
2000     15     1985      0.00050
2000     16     1984      0.00199
2000     17     1983      0.01116
2000     18     1982      0.02831
2000     19     1981      0.04470
2000     20     1980      0.05812
2000     21     1979      0.07012
2000     22     1978      0.08425
2000     23     1977      0.09596
2000     24     1976      0.10445
2000     25     1975      0.11268
2000     26     1974      0.12171
2000     27     1973      0.13863
2000     28     1972      0.12624
2000     29     1971      0.15447
2000     30     1970      0.12344
2000     31     1969      0.12895
2000     32     1968      0.11991
2000     33     1967      0.10403
2000     34     1966      0.09808
2000     35     1965      0.09097
2000     36     1964      0.06938
2000     37     1963      0.05896
2000     38     1962      0.03557
2000     39     1961      0.03084
2000     40     1960      0.02376
2000     41     1959      0.02142
2000     42     1958      0.00963
2000     43     1957      0.00543
2000     44     1956      0.00395
2000     45     1955      0.00152
2000     46     1954      0.00054
2000     47     1953      0.00107
2000     48     1952      0.00000
2000     49     1951      0.00000
2000     50     1950      0.00000
2000     51     1949      0.00000
2000     52     1948      0.00000
2000     53     1947      0.00000
2000     54     1946      0.00000
2000     55+    1945-     0.00000
2001     12-    1989+     0.00000
2001     13     1988      0.00000
2001     14     1987      0.00000
2001     15     1986      0.00052
2001     16     1985      0.00251
2001     17     1984      0.01041
2001     18     1983      0.02225
2001     19     1982      0.04200
2001     20     1981      0.05073
2001     21     1980      0.06169
2001     22     1979      0.07317
2001     23     1978      0.09000
2001     24     1977      0.08302
2001     25     1976      0.12004
2001     26     1975      0.12430
2001     27     1974      0.11476
2001     28     1973      0.13157
2001     29     1972      0.14231
2001     30     1971      0.12313
2001     31     1970      0.11302
2001     32     1969      0.09036
2001     33     1968      0.10206
2001     34     1967      0.09794
2001     35     1966      0.07707
2001     36     1965      0.07790
2001     37     1964      0.06457
2001     38     1963      0.04158
2001     39     1962      0.03122
2001     40     1961      0.02339
2001     41     1960      0.01670
2001     42     1959      0.00879
2001     43     1958      0.00814
2001     44     1957      0.00345
2001     45     1956      0.00247
2001     46     1955      0.00000
2001     47     1954      0.00054
2001     48     1953      0.00053
2001     49     1952      0.00000
2001     50     1951      0.00000
2001     51     1950      0.00000
2001     52     1949      0.00000
2001     53     1948      0.00000
2001     54     1947      0.00000
2001     55+    1946-     0.00000
2002     12-    1990+     0.00000
2002     13     1989      0.00000
2002     14     1988      0.00000
2002     15     1987      0.00051
2002     16     1986      0.00209
2002     17     1985      0.01099
2002     18     1984      0.02024
2002     19     1983      0.02996
2002     20     1982      0.05280
2002     21     1981      0.05835
2002     22     1980      0.06716
2002     23     1979      0.08679
2002     24     1978      0.08914
2002     25     1977      0.10388
2002     26     1976      0.10527
2002     27     1975      0.11964
2002     28     1974      0.13011
2002     29     1973      0.13734
2002     30     1972      0.11628
2002     31     1971      0.11678
2002     32     1970      0.11477
2002     33     1969      0.11131
2002     34     1968      0.08809
2002     35     1967      0.08738
2002     36     1966      0.07461
2002     37     1965      0.05927
2002     38     1964      0.04811
2002     39     1963      0.03328
2002     40     1962      0.03032
2002     41     1961      0.01409
2002     42     1960      0.01579
2002     43     1959      0.00556
2002     44     1958      0.00095
2002     45     1957      0.00148
2002     46     1956      0.00149
2002     47     1955      0.00050
2002     48     1954      0.00000
2002     49     1953      0.00000
2002     50     1952      0.00000
2002     51     1951      0.00000
2002     52     1950      0.00000
2002     53     1949      0.00000
2002     54     1948      0.00000
2002     55+    1947-     0.00000
2003     12-    1991+     0.00000
2003     13     1990      0.00000
2003     14     1989      0.00000
2003     15     1988      0.00000
2003     16     1987      0.00153
2003     17     1986      0.00775
2003     18     1985      0.02135
2003     19     1984      0.02747
2003     20     1983      0.04467
2003     21     1982      0.05845
2003     22     1981      0.06030
2003     23     1980      0.09077
2003     24     1979      0.08910
2003     25     1978      0.11776
2003     26     1977      0.11144
2003     27     1976      0.13346
2003     28     1975      0.13264
2003     29     1974      0.14430
2003     30     1973      0.12604
2003     31     1972      0.14212
2003     32     1971      0.12035
2003     33     1970      0.11009
2003     34     1969      0.10005
2003     35     1968      0.08650
2003     36     1967      0.06152
2003     37     1966      0.05368
2003     38     1965      0.03963
2003     39     1964      0.03575
2003     40     1963      0.02461
2003     41     1962      0.02051
2003     42     1961      0.01309
2003     43     1960      0.01209
2003     44     1959      0.00139
2003     45     1958      0.00000
2003     46     1957      0.00049
2003     47     1956      0.00000
2003     48     1955      0.00050
2003     49     1954      0.00000
2003     50     1953      0.00000
2003     51     1952      0.00000
2003     52     1951      0.00000
2003     53     1950      0.00000
2003     54     1949      0.00000
2003     55+    1948-     0.00000
2004     12-    1992+     0.00000
2004     13     1991      0.00000
2004     14     1990      0.00042
2004     15     1989      0.00090
2004     16     1988      0.00178
2004     17     1987      0.00354
2004     18     1986      0.01394
2004     19     1985      0.02558
2004     20     1984      0.03668
2004     21     1983      0.05939
2004     22     1982      0.07909
2004     23     1981      0.07413
2004     24     1980      0.09365
2004     25     1979      0.11259
2004     26     1978      0.12564
2004     27     1977      0.13337
2004     28     1976      0.13401
2004     29     1975      0.14818
2004     30     1974      0.13142
2004     31     1973      0.12575
2004     32     1972      0.12619
2004     33     1971      0.12420
2004     34     1970      0.11001
2004     35     1969      0.08195
2004     36     1968      0.07474
2004     37     1967      0.05774
2004     38     1966      0.04911
2004     39     1965      0.04090
2004     40     1964      0.03048
2004     41     1963      0.01773
2004     42     1962      0.01349
2004     43     1961      0.00583
2004     44     1960      0.00559
2004     45     1959      0.00093
2004     46     1958      0.00143
2004     47     1957      0.00000
2004     48     1956      0.00000
2004     49     1955      0.00000
2004     50     1954      0.00000
2004     51     1953      0.00000
2004     52     1952      0.00000
2004     53     1951      0.00000
2004     54     1950      0.00000
2004     55+    1949-     0.00000
2005     12-    1993+     0.00000
2005     13     1992      0.00000
2005     14     1991      0.00000
2005     15     1990      0.00000
2005     16     1989      0.00313
2005     17     1988      0.00487
2005     18     1987      0.01056
2005     19     1986      0.03328
2005     20     1985      0.04860
2005     21     1984      0.05560
2005     22     1983      0.06773
2005     23     1982      0.10804
2005     24     1981      0.09432
2005     25     1980      0.12253
2005     26     1979      0.12325
2005     27     1978      0.11377
2005     28     1977      0.13825
2005     29     1976      0.14274
2005     30     1975      0.12332
2005     31     1974      0.12682
2005     32     1973      0.11399
2005     33     1972      0.10842
2005     34     1971      0.11165
2005     35     1970      0.09041
2005     36     1969      0.08377
2005     37     1968      0.06529
2005     38     1967      0.04957
2005     39     1966      0.03905
2005     40     1965      0.02334
2005     41     1964      0.01980
2005     42     1963      0.01313
2005     43     1962      0.00555
2005     44     1961      0.00194
2005     45     1960      0.00372
2005     46     1959      0.00186
2005     47     1958      0.00000
2005     48     1957      0.00000
2005     49     1956      0.00000
2005     50     1955      0.00000
2005     51     1954      0.00000
2005     52     1953      0.00000
2005     53     1952      0.00000
2005     54     1951      0.00000
2005     55+    1950-     0.00000
2006     12-    1994+     0.00000
2006     13     1993      0.00000
2006     14     1992      0.00000
2006     15     1991      0.00046
2006     16     1990      0.00042
2006     17     1989      0.00532
2006     18     1988      0.02033
2006     19     1987      0.02585
2006     20     1986      0.04567
2006     21     1985      0.06733
2006     22     1984      0.07430
2006     23     1983      0.07914
2006     24     1982      0.09996
2006     25     1981      0.10349
2006     26     1980      0.11476
2006     27     1979      0.13270
2006     28     1978      0.14507
2006     29     1977      0.13237
2006     30     1976      0.12784
2006     31     1975      0.14511
2006     32     1974      0.11713
2006     33     1973      0.12112
2006     34     1972      0.10184
2006     35     1971      0.10323
2006     36     1970      0.08755
2006     37     1969      0.05859
2006     38     1968      0.05510
2006     39     1967      0.04047
2006     40     1966      0.02930
2006     41     1965      0.02128
2006     42     1964      0.01176
2006     43     1963      0.00495
2006     44     1962      0.00460
2006     45     1961      0.00194
2006     46     1960      0.00046
2006     47     1959      0.00046
2006     48     1958      0.00000
2006     49     1957      0.00000
2006     50     1956      0.00000
2006     51     1955      0.00000
2006     52     1954      0.00000
2006     53     1953      0.00000
2006     54     1952      0.00000
2006     55+    1951-     0.00000
2007     12-    1995+     0.00000
2007     13     1994      0.00000
2007     14     1993      0.00000
2007     15     1992      0.00000
2007     16     1991      0.00136
2007     17     1990      0.00752
2007     18     1989      0.01628
2007     19     1988      0.02945
2007     20     1987      0.04322
2007     21     1986      0.06286
2007     22     1985      0.06065
2007     23     1984      0.09296
2007     24     1983      0.09479
2007     25     1982      0.10258
2007     26     1981      0.12707
2007     27     1980      0.14106
2007     28     1979      0.13058
2007     29     1978      0.14501
2007     30     1977      0.13574
2007     31     1976      0.14943
2007     32     1975      0.11377
2007     33     1974      0.11569
2007     34     1973      0.10725
2007     35     1972      0.09807
2007     36     1971      0.08597
2007     37     1970      0.06644
2007     38     1969      0.05027
2007     39     1968      0.04051
2007     40     1967      0.02312
2007     41     1966      0.01651
2007     42     1965      0.01375
2007     43     1964      0.00649
2007     44     1963      0.00490
2007     45     1962      0.00320
2007     46     1961      0.00097
2007     47     1960      0.00046
2007     48     1959      0.00046
2007     49     1958      0.00000
2007     50     1957      0.00000
2007     51     1956      0.00000
2007     52     1955      0.00000
2007     53     1954      0.00000
2007     54     1953      0.00000
2007     55+    1952-     0.00058
2008     12-    1996+     0.00000
2008     13     1995      0.00000
2008     14     1994      0.00000
2008     15     1993      0.00000
2008     16     1992      0.00175
2008     17     1991      0.00717
2008     18     1990      0.01204
2008     19     1989      0.02809
2008     20     1988      0.04777
2008     21     1987      0.05109
2008     22     1986      0.06404
2008     23     1985      0.09910
2008     24     1984      0.09921
2008     25     1983      0.10774
2008     26     1982      0.11766
2008     27     1981      0.13996
2008     28     1980      0.14019
2008     29     1979      0.14997
2008     30     1978      0.14961
2008     31     1977      0.13582
2008     32     1976      0.12557
2008     33     1975      0.11373
2008     34     1974      0.10451
2008     35     1973      0.09628
2008     36     1972      0.08654
2008     37     1971      0.07795
2008     38     1970      0.06132
2008     39     1969      0.04843
2008     40     1968      0.02969
2008     41     1967      0.02291
2008     42     1966      0.01860
2008     43     1965      0.00681
2008     44     1964      0.00473
2008     45     1963      0.00266
2008     46     1962      0.00316
2008     47     1961      0.00000
2008     48     1960      0.00046
2008     49     1959      0.00000
2008     50     1958      0.00000
2008     51     1957      0.00000
2008     52     1956      0.00000
2008     53     1955      0.00000
2008     54     1954      0.00000
2008     55+    1953-     0.00000
2009     12-    1997+     0.00000
2009     13     1996      0.00000
2009     14     1995      0.00000
2009     15     1994      0.00044
2009     16     1993      0.00168
2009     17     1992      0.00697
2009     18     1991      0.01518
2009     19     1990      0.02755
2009     20     1989      0.04089
2009     21     1988      0.05489
2009     22     1987      0.06173
2009     23     1986      0.08385
2009     24     1985      0.10106
2009     25     1984      0.11384
2009     26     1983      0.12822
2009     27     1982      0.14446
2009     28     1981      0.14730
2009     29     1980      0.15287
2009     30     1979      0.15964
2009     31     1978      0.13574
2009     32     1977      0.12852
2009     33     1976      0.13677
2009     34     1975      0.11298
2009     35     1974      0.10274
2009     36     1973      0.08739
2009     37     1972      0.06747
2009     38     1971      0.07402
2009     39     1970      0.04447
2009     40     1969      0.03304
2009     41     1968      0.02471
2009     42     1967      0.01776
2009     43     1966      0.01060
2009     44     1965      0.00635
2009     45     1964      0.00129
2009     46     1963      0.00177
2009     47     1962      0.00045
2009     48     1961      0.00097
2009     49     1960      0.00000
2009     50     1959      0.00000
2009     51     1958      0.00000
2009     52     1957      0.00000
2009     53     1956      0.00000
2009     54     1955      0.00000
2009     55+    1954-     0.00000
2010     12-    1998+     0.00000
2010     13     1997      0.00000
2010     14     1996      0.00000
2010     15     1995      0.00047
2010     16     1994      0.00044
2010     17     1993      0.00925
2010     18     1992      0.01566
2010     19     1991      0.02669
2010     20     1990      0.03428
2010     21     1989      0.04988
2010     22     1988      0.06326
2010     23     1987      0.07522
2010     24     1986      0.09544
2010     25     1985      0.11645
2010     26     1984      0.12793
2010     27     1983      0.13367
2010     28     1982      0.14491
2010     29     1981      0.14314
2010     30     1980      0.14660
2010     31     1979      0.14062
2010     32     1978      0.14750
2010     33     1977      0.12518
2010     34     1976      0.10490
2010     35     1975      0.10672
2010     36     1974      0.10147
2010     37     1973      0.08200
2010     38     1972      0.05788
2010     39     1971      0.05790
2010     40     1970      0.02975
2010     41     1969      0.02796
2010     42     1968      0.01619
2010     43     1967      0.00800
2010     44     1966      0.00665
2010     45     1965      0.00000
2010     46     1964      0.00043
2010     47     1963      0.00045
2010     48     1962      0.00000
2010     49     1961      0.00000
2010     50     1960      0.00000
2010     51     1959      0.00000
2010     52     1958      0.00000
2010     53     1957      0.00000
2010     54     1956      0.00000
2010     55+    1955-     0.00000
2011     12-    1999+     0.00000
2011     13     1998      0.00000
2011     14     1997      0.00000
2011     15     1996      0.00000
2011     16     1995      0.00234
2011     17     1994      0.00221
2011     18     1993      0.01221
2011     19     1992      0.02328
2011     20     1991      0.03179
2011     21     1990      0.05118
2011     22     1989      0.05550
2011     23     1988      0.07216
2011     24     1987      0.07565
2011     25     1986      0.09291
2011     26     1985      0.12279
2011     27     1984      0.12198
2011     28     1983      0.13897
2011     29     1982      0.14256
2011     30     1981      0.13618
2011     31     1980      0.13997
2011     32     1979      0.12433
2011     33     1978      0.12264
2011     34     1977      0.10675
2011     35     1976      0.08938
2011     36     1975      0.09513
2011     37     1974      0.05990
2011     38     1973      0.05298
2011     39     1972      0.04632
2011     40     1971      0.03259
2011     41     1970      0.02303
2011     42     1969      0.01916
2011     43     1968      0.01117
2011     44     1967      0.00378
2011     45     1966      0.00401
2011     46     1965      0.00184
2011     47     1964      0.00000
2011     48     1963      0.00045
2011     49     1962      0.00090
2011     50     1961      0.00000
2011     51     1960      0.00000
2011     52     1959      0.00000
2011     53     1958      0.00000
2011     54     1957      0.00000
2011     55+    1956-     0.00000
2012     12-    2000+     0.00000
2012     13     1999      0.00000
2012     14     1998      0.00000
2012     15     1997      0.00000
2012     16     1996      0.00137
2012     17     1995      0.00374
2012     18     1994      0.00970
2012     19     1993      0.02500
2012     20     1992      0.03240
2012     21     1991      0.05126
2012     22     1990      0.05957
2012     23     1989      0.06686
2012     24     1988      0.07805
2012     25     1987      0.10082
2012     26     1986      0.10903
2012     27     1985      0.13585
2012     28     1984      0.15834
2012     29     1983      0.13923
2012     30     1982      0.14140
2012     31     1981      0.12802
2012     32     1980      0.12024
2012     33     1979      0.11658
2012     34     1978      0.10349
2012     35     1977      0.09494
2012     36     1976      0.08764
2012     37     1975      0.07332
2012     38     1974      0.06114
2012     39     1973      0.04122
2012     40     1972      0.03891
2012     41     1971      0.02425
2012     42     1970      0.01417
2012     43     1969      0.01081
2012     44     1968      0.00611
2012     45     1967      0.00189
2012     46     1966      0.00134
2012     47     1965      0.00046
2012     48     1964      0.00000
2012     49     1963      0.00000
2012     50     1962      0.00000
2012     51     1961      0.00000
2012     52     1960      0.00000
2012     53     1959      0.00000
2012     54     1958      0.00000
2012     55+    1957-     0.00000
2013     12-    2001+     0.00000
2013     13     2000      0.00000
2013     14     1999      0.00000
2013     15     1998      0.00000
2013     16     1997      0.00047
2013     17     1996      0.00366
2013     18     1995      0.00971
2013     19     1994      0.01261
2013     20     1993      0.02853
2013     21     1992      0.03721
2013     22     1991      0.05563
2013     23     1990      0.06477
2013     24     1989      0.08775
2013     25     1988      0.09780
2013     26     1987      0.11737
2013     27     1986      0.12073
2013     28     1985      0.12180
2013     29     1984      0.11645
2013     30     1983      0.13423
2013     31     1982      0.12158
2013     32     1981      0.12237
2013     33     1980      0.10803
2013     34     1979      0.10757
2013     35     1978      0.10251
2013     36     1977      0.08427
2013     37     1976      0.07532
2013     38     1975      0.05259
2013     39     1974      0.04622
2013     40     1973      0.03504
2013     41     1972      0.02559
2013     42     1971      0.01533
2013     43     1970      0.01154
2013     44     1969      0.00541
2013     45     1968      0.00405
2013     46     1967      0.00377
2013     47     1966      0.00134
2013     48     1965      0.00138
2013     49     1964      0.00044
2013     50     1963      0.00000
2013     51     1962      0.00045
2013     52     1961      0.00000
2013     53     1960      0.00000
2013     54     1959      0.00000
2013     55+    1958-     0.00000
2014     12-    2002+     0.00000
2014     13     2001      0.00000
2014     14     2000      0.00000
2014     15     1999      0.00046
2014     16     1998      0.00047
2014     17     1997      0.00235
2014     18     1996      0.00546
2014     19     1995      0.01644
2014     20     1994      0.02713
2014     21     1993      0.04218
2014     22     1992      0.05967
2014     23     1991      0.08152
2014     24     1990      0.08239
2014     25     1989      0.09206
2014     26     1988      0.10693
2014     27     1987      0.13230
2014     28     1986      0.13115
2014     29     1985      0.12970
2014     30     1984      0.13702
2014     31     1983      0.12407
2014     32     1982      0.11796
2014     33     1981      0.10352
2014     34     1980      0.09372
2014     35     1979      0.09651
2014     36     1978      0.08891
2014     37     1977      0.06433
2014     38     1976      0.05667
2014     39     1975      0.04953
2014     40     1974      0.03384
2014     41     1973      0.01725
2014     42     1972      0.02026
2014     43     1971      0.00690
2014     44     1970      0.00261
2014     45     1969      0.00344
2014     46     1968      0.00404
2014     47     1967      0.00047
2014     48     1966      0.00090
2014     49     1965      0.00046
2014     50     1964      0.00000
2014     51     1963      0.00000
2014     52     1962      0.00000
2014     53     1961      0.00000
2014     54     1960      0.00000
2014     55+    1959-     0.00000
2015     12-    2003+     0.00000
2015     13     2002      0.00000
2015     14     2001      0.00000
2015     15     2000      0.00046
2015     16     1999      0.00093
2015     17     1998      0.00283
2015     18     1997      0.00702
2015     19     1996      0.01608
2015     20     1995      0.02378
2015     21     1994      0.03264
2015     22     1993      0.04642
2015     23     1992      0.06220
2015     24     1991      0.07135
2015     25     1990      0.09648
2015     26     1989      0.11231
2015     27     1988      0.11449
2015     28     1987      0.11771
2015     29     1986      0.12477
2015     30     1985      0.12266
2015     31     1984      0.11689
2015     32     1983      0.11097
2015     33     1982      0.10830
2015     34     1981      0.10185
2015     35     1980      0.08360
2015     36     1979      0.07627
2015     37     1978      0.06971
2015     38     1977      0.05305
2015     39     1976      0.04056
2015     40     1975      0.02937
2015     41     1974      0.02213
2015     42     1973      0.01996
2015     43     1972      0.01052
2015     44     1971      0.00394
2015     45     1970      0.00156
2015     46     1969      0.00245
2015     47     1968      0.00101
2015     48     1967      0.00094
2015     49     1966      0.00045
2015     50     1965      0.00000
2015     51     1964      0.00000
2015     52     1963      0.00000
2015     53     1962      0.00000
2015     54     1961      0.00000
2015     55+    1960-     0.00000
2016     12-    2004+     0.00000
2016     13     2003      0.00000
2016     14     2002      0.00000
2016     15     2001      0.00000
2016     16     2000      0.00046
2016     17     1999      0.00139
2016     18     1998      0.00608
2016     19     1997      0.01328
2016     20     1996      0.02538
2016     21     1995      0.03553
2016     22     1994      0.03587
2016     23     1993      0.05261
2016     24     1992      0.06119
2016     25     1991      0.08975
2016     26     1990      0.09721
2016     27     1989      0.10318
2016     28     1988      0.12039
2016     29     1987      0.12107
2016     30     1986      0.13278
2016     31     1985      0.11918
2016     32     1984      0.11100
2016     33     1983      0.10741
2016     34     1982      0.09806
2016     35     1981      0.08133
2016     36     1980      0.07351
2016     37     1979      0.06768
2016     38     1978      0.04973
2016     39     1977      0.04269
2016     40     1976      0.03528
2016     41     1975      0.02362
2016     42     1974      0.01867
2016     43     1973      0.00676
2016     44     1972      0.00348
2016     45     1971      0.00393
2016     46     1970      0.00206
2016     47     1969      0.00243
2016     48     1968      0.00152
2016     49     1967      0.00047
2016     50     1966      0.00000
2016     51     1965      0.00000
2016     52     1964      0.00000
2016     53     1963      0.00000
2016     54     1962      0.00000
2016     55+    1961-     0.00000
2017     12-    2005+     0.00000
2017     13     2004      0.00000
2017     14     2003      0.00000
2017     15     2002      0.00000
2017     16     2001      0.00096
2017     17     2000      0.00091
2017     18     1999      0.00778
2017     19     1998      0.01183
2017     20     1997      0.02170
2017     21     1996      0.03114
2017     22     1995      0.04592
2017     23     1994      0.05125
2017     24     1993      0.06198
2017     25     1992      0.08015
2017     26     1991      0.09486
2017     27     1990      0.09990
2017     28     1989      0.11144
2017     29     1988      0.13320
2017     30     1987      0.11653
2017     31     1986      0.11939
2017     32     1985      0.10456
2017     33     1984      0.10930
2017     34     1983      0.10271
2017     35     1982      0.08803
2017     36     1981      0.07523
2017     37     1980      0.05242
2017     38     1979      0.05453
2017     39     1978      0.04229
2017     40     1977      0.03127
2017     41     1976      0.02462
2017     42     1975      0.01100
2017     43     1974      0.01311
2017     44     1973      0.00533
2017     45     1972      0.00258
2017     46     1971      0.00242
2017     47     1970      0.00000
2017     48     1969      0.00048
2017     49     1968      0.00050
2017     50     1967      0.00000
2017     51     1966      0.00044
2017     52     1965      0.00000
2017     53     1964      0.00043
2017     54     1963      0.00000
2017     55+    1962-     0.00000
2018     12-    2006+     0.00000
2018     13     2005      0.00000
2018     14     2004      0.00046
2018     15     2003      0.00000
2018     16     2002      0.00048
2018     17     2001      0.00143
2018     18     2000      0.00450
2018     19     1999      0.01064
2018     20     1998      0.02368
2018     21     1997      0.03156
2018     22     1996      0.04302
2018     23     1995      0.05413
2018     24     1994      0.05935
2018     25     1993      0.08575
2018     26     1992      0.08656
2018     27     1991      0.09806
2018     28     1990      0.12269
2018     29     1989      0.12221
2018     30     1988      0.12826
2018     31     1987      0.12485
2018     32     1986      0.10480
2018     33     1985      0.10062
2018     34     1984      0.09741
2018     35     1983      0.08268
2018     36     1982      0.06758
2018     37     1981      0.06776
2018     38     1980      0.04968
2018     39     1979      0.04729
2018     40     1978      0.03134
2018     41     1977      0.02614
2018     42     1976      0.01237
2018     43     1975      0.00677
2018     44     1974      0.00477
2018     45     1973      0.00394
2018     46     1972      0.00339
2018     47     1971      0.00096
2018     48     1970      0.00000
2018     49     1969      0.00048
2018     50     1968      0.00100
2018     51     1967      0.00000
2018     52     1966      0.00000
2018     53     1965      0.00000
2018     54     1964      0.00000
2018     55+    1963-     0.00000
2019     12-    2007+     0.00000
2019     13     2006      0.00000
2019     14     2005      0.00000
2019     15     2004      0.00000
2019     16     2003      0.00046
2019     17     2002      0.00236
2019     18     2001      0.00424
2019     19     2000      0.00484
2019     20     1999      0.02053
2019     21     1998      0.03186
2019     22     1997      0.04227
2019     23     1996      0.04535
2019     24     1995      0.06214
2019     25     1994      0.07646
2019     26     1993      0.09085
2019     27     1992      0.09936
2019     28     1991      0.12067
2019     29     1990      0.12260
2019     30     1989      0.11568
2019     31     1988      0.12613
2019     32     1987      0.11168
2019     33     1986      0.11357
2019     34     1985      0.10979
2019     35     1984      0.08698
2019     36     1983      0.07757
2019     37     1982      0.06303
2019     38     1981      0.05915
2019     39     1980      0.04557
2019     40     1979      0.04050
2019     41     1978      0.02649
2019     42     1977      0.01854
2019     43     1976      0.01084
2019     44     1975      0.00134
2019     45     1974      0.00376
2019     46     1973      0.00130
2019     47     1972      0.00378
2019     48     1971      0.00095
2019     49     1970      0.00151
2019     50     1969      0.00094
2019     51     1968      0.00049
2019     52     1967      0.00000
2019     53     1966      0.00000
2019     54     1965      0.00000
2019     55+    1964-     0.00000
2020     12-    2008+     0.00000
2020     13     2007      0.00000
2020     14     2006      0.00000
2020     15     2005      0.00000
2020     16     2004      0.00135
2020     17     2003      0.00046
2020     18     2002      0.00373
2020     19     2001      0.00925
2020     20     2000      0.01749
2020     21     1999      0.02217
2020     22     1998      0.03860
2020     23     1997      0.05484
2020     24     1996      0.05749
2020     25     1995      0.08522
2020     26     1994      0.08850
2020     27     1993      0.11501
2020     28     1992      0.11521
2020     29     1991      0.11704
2020     30     1990      0.12885
2020     31     1989      0.13109
2020     32     1988      0.12378
2020     33     1987      0.10312
2020     34     1986      0.09680
2020     35     1985      0.08634
2020     36     1984      0.07979
2020     37     1983      0.06315
2020     38     1982      0.04594
2020     39     1981      0.03953
2020     40     1980      0.02861
2020     41     1979      0.02428
2020     42     1978      0.01399
2020     43     1977      0.01345
2020     44     1976      0.00312
2020     45     1975      0.00353
2020     46     1974      0.00186
2020     47     1973      0.00215
2020     48     1972      0.00042
2020     49     1971      0.00047
2020     50     1970      0.00100
2020     51     1969      0.00000
2020     52     1968      0.00000
2020     53     1967      0.00000
2020     54     1966      0.00000
2020     55+    1965-     0.00000
2021     12-    2009+     0.00000
2021     13     2008      0.00000
2021     14     2007      0.00000
2021     15     2006      0.00000
2021     16     2005      0.00000
2021     17     2004      0.00045
2021     18     2003      0.00272
2021     19     2002      0.00771
2021     20     2001      0.01415
2021     21     2000      0.02021
2021     22     1999      0.03883
2021     23     1998      0.04807
2021     24     1997      0.06707
2021     25     1996      0.08758
2021     26     1995      0.10924
2021     27     1994      0.10501
2021     28     1993      0.13364
2021     29     1992      0.13653
2021     30     1991      0.12985
2021     31     1990      0.11892
2021     32     1989      0.12860
2021     33     1988      0.12031
2021     34     1987      0.10634
2021     35     1986      0.08118
2021     36     1985      0.08028
2021     37     1984      0.08035
2021     38     1983      0.06114
2021     39     1982      0.04451
2021     40     1981      0.02868
2021     41     1980      0.02551
2021     42     1979      0.01563
2021     43     1978      0.01129
2021     44     1977      0.00846
2021     45     1976      0.00221
2021     46     1975      0.00219
2021     47     1974      0.00092
2021     48     1973      0.00000
2021     49     1972      0.00083
2021     50     1971      0.00000
2021     51     1970      0.00000
2021     52     1969      0.00000
2021     53     1968      0.00000
2021     54     1967      0.00000
2021     55+    1966-     0.00000
