Iceland, Period fertility rates by calendar year and age (Lexis squares, age in completed years (ACY))
Last modified: 06/09/2023
Year    Age        ASFR
1960     12-    0.00000
1960     13     0.00001
1960     14     0.00009
1960     15     0.00109
1960     16     0.00913
1960     17     0.04951
1960     18     0.15866
1960     19     0.26108
1960     20     0.23539
1960     21     0.25553
1960     22     0.25387
1960     23     0.24728
1960     24     0.25187
1960     25     0.24653
1960     26     0.21988
1960     27     0.20073
1960     28     0.19148
1960     29     0.19210
1960     30     0.18301
1960     31     0.16504
1960     32     0.15315
1960     33     0.14574
1960     34     0.14074
1960     35     0.12914
1960     36     0.11388
1960     37     0.10264
1960     38     0.09270
1960     39     0.08200
1960     40     0.06860
1960     41     0.05450
1960     42     0.03985
1960     43     0.02659
1960     44     0.01603
1960     45     0.01043
1960     46     0.00410
1960     47     0.00090
1960     48     0.00016
1960     49     0.00004
1960     50     0.00000
1960     51     0.00000
1960     52     0.00000
1960     53     0.00000
1960     54     0.00000
1960     55+    0.00000
1961     12-    0.00000
1961     13     0.00001
1961     14     0.00008
1961     15     0.00098
1961     16     0.00823
1961     17     0.04476
1961     18     0.14354
1961     19     0.23585
1961     20     0.22092
1961     21     0.23953
1961     22     0.23719
1961     23     0.22942
1961     24     0.23100
1961     25     0.22210
1961     26     0.19541
1961     27     0.17782
1961     28     0.17134
1961     29     0.17550
1961     30     0.17181
1961     31     0.15779
1961     32     0.14686
1961     33     0.13807
1961     34     0.13013
1961     35     0.11725
1961     36     0.10205
1961     37     0.09028
1961     38     0.07986
1961     39     0.06937
1961     40     0.05620
1961     41     0.04405
1961     42     0.03340
1961     43     0.02379
1961     44     0.01549
1961     45     0.01118
1961     46     0.00452
1961     47     0.00096
1961     48     0.00016
1961     49     0.00003
1961     50     0.00000
1961     51     0.00000
1961     52     0.00000
1961     53     0.00000
1961     54     0.00000
1961     55+    0.00000
1962     12-    0.00000
1962     13     0.00001
1962     14     0.00008
1962     15     0.00096
1962     16     0.00799
1962     17     0.04322
1962     18     0.13786
1962     19     0.22527
1962     20     0.21358
1962     21     0.23018
1962     22     0.22856
1962     23     0.22497
1962     24     0.23447
1962     25     0.23476
1962     26     0.21351
1962     27     0.19668
1962     28     0.18667
1962     29     0.18384
1962     30     0.17210
1962     31     0.15309
1962     32     0.14121
1962     33     0.13468
1962     34     0.13122
1962     35     0.12133
1962     36     0.10772
1962     37     0.09701
1962     38     0.08710
1962     39     0.07649
1962     40     0.06309
1962     41     0.05000
1962     42     0.03734
1962     43     0.02576
1962     44     0.01615
1962     45     0.01086
1962     46     0.00432
1962     47     0.00093
1962     48     0.00016
1962     49     0.00003
1962     50     0.00000
1962     51     0.00000
1962     52     0.00000
1962     53     0.00000
1962     54     0.00000
1962     55+    0.00000
1963     12-    0.00000
1963     13     0.00000
1963     14     0.00000
1963     15     0.00501
1963     16     0.02284
1963     17     0.08860
1963     18     0.13323
1963     19     0.18724
1963     20     0.23348
1963     21     0.23130
1963     22     0.27068
1963     23     0.22404
1963     24     0.21831
1963     25     0.22958
1963     26     0.23132
1963     27     0.19072
1963     28     0.18127
1963     29     0.19757
1963     30     0.16153
1963     31     0.14921
1963     32     0.14161
1963     33     0.14752
1963     34     0.12990
1963     35     0.11687
1963     36     0.08062
1963     37     0.08476
1963     38     0.07076
1963     39     0.08012
1963     40     0.05865
1963     41     0.04839
1963     42     0.03529
1963     43     0.02556
1963     44     0.01070
1963     45     0.00312
1963     46     0.00321
1963     47     0.00000
1963     48     0.00000
1963     49     0.00000
1963     50     0.00000
1963     51     0.00000
1963     52     0.00000
1963     53     0.00000
1963     54     0.00000
1963     55+    0.00000
1964     12-    0.00000
1964     13     0.00000
1964     14     0.00000
1964     15     0.00556
1964     16     0.02115
1964     17     0.07786
1964     18     0.16816
1964     19     0.18433
1964     20     0.21683
1964     21     0.23027
1964     22     0.21664
1964     23     0.22128
1964     24     0.23245
1964     25     0.22546
1964     26     0.20375
1964     27     0.18987
1964     28     0.17443
1964     29     0.15452
1964     30     0.14772
1964     31     0.14258
1964     32     0.16382
1964     33     0.13158
1964     34     0.12534
1964     35     0.12253
1964     36     0.09668
1964     37     0.09280
1964     38     0.07863
1964     39     0.06801
1964     40     0.05349
1964     41     0.06060
1964     42     0.03709
1964     43     0.01868
1964     44     0.00819
1964     45     0.00858
1964     46     0.00104
1964     47     0.00000
1964     48     0.00113
1964     49     0.00000
1964     50     0.00000
1964     51     0.00000
1964     52     0.00000
1964     53     0.00000
1964     54     0.00000
1964     55+    0.00000
1965     12-    0.00000
1965     13     0.00000
1965     14     0.00000
1965     15     0.00830
1965     16     0.03092
1965     17     0.08780
1965     18     0.14767
1965     19     0.17834
1965     20     0.22215
1965     21     0.20968
1965     22     0.20951
1965     23     0.20292
1965     24     0.22770
1965     25     0.19267
1965     26     0.18805
1965     27     0.19437
1965     28     0.18237
1965     29     0.14011
1965     30     0.15713
1965     31     0.15061
1965     32     0.11040
1965     33     0.13036
1965     34     0.11926
1965     35     0.13271
1965     36     0.08669
1965     37     0.07260
1965     38     0.08673
1965     39     0.07126
1965     40     0.04420
1965     41     0.05705
1965     42     0.03456
1965     43     0.02001
1965     44     0.01574
1965     45     0.00619
1965     46     0.00431
1965     47     0.00314
1965     48     0.00108
1965     49     0.00000
1965     50     0.00039
1965     51     0.00049
1965     52     0.00020
1965     53     0.00006
1965     54     0.00001
1965     55+    0.00000
1966     12-    0.00000
1966     13     0.00008
1966     14     0.00098
1966     15     0.00312
1966     16     0.02527
1966     17     0.09869
1966     18     0.16105
1966     19     0.18952
1966     20     0.21648
1966     21     0.19457
1966     22     0.23612
1966     23     0.21954
1966     24     0.17670
1966     25     0.20050
1966     26     0.15693
1966     27     0.19474
1966     28     0.15114
1966     29     0.14368
1966     30     0.14890
1966     31     0.14466
1966     32     0.12894
1966     33     0.10843
1966     34     0.10873
1966     35     0.10380
1966     36     0.08479
1966     37     0.09587
1966     38     0.06984
1966     39     0.05355
1966     40     0.05305
1966     41     0.04415
1966     42     0.02948
1966     43     0.02155
1966     44     0.01147
1966     45     0.00198
1966     46     0.00620
1966     47     0.00000
1966     48     0.00105
1966     49     0.00108
1966     50     0.00000
1966     51     0.00000
1966     52     0.00000
1966     53     0.00000
1966     54     0.00000
1966     55+    0.00000
1967     12-    0.00000
1967     13     0.00000
1967     14     0.00000
1967     15     0.00369
1967     16     0.02131
1967     17     0.07092
1967     18     0.14503
1967     19     0.18291
1967     20     0.20282
1967     21     0.18779
1967     22     0.19747
1967     23     0.21784
1967     24     0.16766
1967     25     0.17659
1967     26     0.15106
1967     27     0.15836
1967     28     0.15134
1967     29     0.14691
1967     30     0.12617
1967     31     0.13652
1967     32     0.10881
1967     33     0.10375
1967     34     0.10528
1967     35     0.11252
1967     36     0.08557
1967     37     0.06676
1967     38     0.05750
1967     39     0.05733
1967     40     0.03785
1967     41     0.03183
1967     42     0.03423
1967     43     0.01295
1967     44     0.01503
1967     45     0.00574
1967     46     0.00199
1967     47     0.00104
1967     48     0.00108
1967     49     0.00000
1967     50     0.00039
1967     51     0.00047
1967     52     0.00019
1967     53     0.00006
1967     54     0.00001
1967     55+    0.00000
1968     12-    0.00000
1968     13     0.00002
1968     14     0.00047
1968     15     0.00463
1968     16     0.02858
1968     17     0.06819
1968     18     0.12566
1968     19     0.16693
1968     20     0.17887
1968     21     0.21464
1968     22     0.19378
1968     23     0.16835
1968     24     0.19218
1968     25     0.15122
1968     26     0.14675
1968     27     0.14429
1968     28     0.13051
1968     29     0.14234
1968     30     0.11037
1968     31     0.12075
1968     32     0.11090
1968     33     0.09096
1968     34     0.08980
1968     35     0.07959
1968     36     0.07646
1968     37     0.06309
1968     38     0.06878
1968     39     0.05591
1968     40     0.04378
1968     41     0.03368
1968     42     0.02347
1968     43     0.01918
1968     44     0.00834
1968     45     0.00660
1968     46     0.00288
1968     47     0.00099
1968     48     0.00208
1968     49     0.00000
1968     50     0.00000
1968     51     0.00000
1968     52     0.00000
1968     53     0.00000
1968     54     0.00000
1968     55+    0.00000
1969     12-    0.00000
1969     13     0.00011
1969     14     0.00178
1969     15     0.00647
1969     16     0.03103
1969     17     0.07830
1969     18     0.14380
1969     19     0.15325
1969     20     0.15238
1969     21     0.18768
1969     22     0.18205
1969     23     0.17386
1969     24     0.16184
1969     25     0.16562
1969     26     0.16811
1969     27     0.15120
1969     28     0.14954
1969     29     0.11727
1969     30     0.11003
1969     31     0.09721
1969     32     0.10709
1969     33     0.11357
1969     34     0.08357
1969     35     0.08803
1969     36     0.07105
1969     37     0.07626
1969     38     0.05027
1969     39     0.05494
1969     40     0.02758
1969     41     0.03123
1969     42     0.02220
1969     43     0.01798
1969     44     0.00910
1969     45     0.00280
1969     46     0.00095
1969     47     0.00096
1969     48     0.00000
1969     49     0.00000
1969     50     0.00038
1969     51     0.00046
1969     52     0.00019
1969     53     0.00006
1969     54     0.00001
1969     55+    0.00000
1970     12-    0.00000
1970     13     0.00001
1970     14     0.00046
1970     15     0.01146
1970     16     0.02455
1970     17     0.07203
1970     18     0.11942
1970     19     0.15061
1970     20     0.15921
1970     21     0.17024
1970     22     0.17526
1970     23     0.16336
1970     24     0.16228
1970     25     0.14809
1970     26     0.14509
1970     27     0.13939
1970     28     0.14930
1970     29     0.12060
1970     30     0.12838
1970     31     0.10637
1970     32     0.09925
1970     33     0.08531
1970     34     0.08472
1970     35     0.06731
1970     36     0.07451
1970     37     0.04887
1970     38     0.04930
1970     39     0.04495
1970     40     0.03429
1970     41     0.03143
1970     42     0.02304
1970     43     0.01257
1970     44     0.00568
1970     45     0.00306
1970     46     0.00281
1970     47     0.00095
1970     48     0.00000
1970     49     0.00000
1970     50     0.00000
1970     51     0.00000
1970     52     0.00000
1970     53     0.00000
1970     54     0.00000
1970     55+    0.00000
1971     12-    0.00000
1971     13     0.00009
1971     14     0.00130
1971     15     0.00425
1971     16     0.03171
1971     17     0.07838
1971     18     0.11277
1971     19     0.14462
1971     20     0.17111
1971     21     0.17276
1971     22     0.18370
1971     23     0.19143
1971     24     0.17882
1971     25     0.16666
1971     26     0.17531
1971     27     0.14544
1971     28     0.14920
1971     29     0.11770
1971     30     0.13047
1971     31     0.10151
1971     32     0.10135
1971     33     0.10704
1971     34     0.07760
1971     35     0.07828
1971     36     0.06325
1971     37     0.05014
1971     38     0.04821
1971     39     0.04256
1971     40     0.03039
1971     41     0.02019
1971     42     0.01893
1971     43     0.01205
1971     44     0.00899
1971     45     0.00095
1971     46     0.00102
1971     47     0.00188
1971     48     0.00000
1971     49     0.00000
1971     50     0.00000
1971     51     0.00000
1971     52     0.00000
1971     53     0.00000
1971     54     0.00000
1971     55+    0.00000
1972     12-    0.00000
1972     13     0.00001
1972     14     0.00044
1972     15     0.00832
1972     16     0.02362
1972     17     0.07814
1972     18     0.13620
1972     19     0.14578
1972     20     0.18757
1972     21     0.18927
1972     22     0.18957
1972     23     0.20113
1972     24     0.20394
1972     25     0.17857
1972     26     0.17380
1972     27     0.14306
1972     28     0.15663
1972     29     0.13848
1972     30     0.12243
1972     31     0.11282
1972     32     0.11468
1972     33     0.09109
1972     34     0.08727
1972     35     0.08434
1972     36     0.07548
1972     37     0.06660
1972     38     0.05394
1972     39     0.04083
1972     40     0.02217
1972     41     0.02302
1972     42     0.01938
1972     43     0.01266
1972     44     0.00557
1972     45     0.00361
1972     46     0.00191
1972     47     0.00000
1972     48     0.00000
1972     49     0.00000
1972     50     0.00000
1972     51     0.00000
1972     52     0.00000
1972     53     0.00000
1972     54     0.00000
1972     55+    0.00000
1973     12-    0.00000
1973     13     0.00013
1973     14     0.00215
1973     15     0.00914
1973     16     0.02815
1973     17     0.07854
1973     18     0.11168
1973     19     0.12677
1973     20     0.17655
1973     21     0.17886
1973     22     0.20619
1973     23     0.19008
1973     24     0.18800
1973     25     0.17782
1973     26     0.16824
1973     27     0.15974
1973     28     0.14281
1973     29     0.12620
1973     30     0.12927
1973     31     0.11584
1973     32     0.09863
1973     33     0.08632
1973     34     0.08571
1973     35     0.06151
1973     36     0.05961
1973     37     0.05561
1973     38     0.04980
1973     39     0.02830
1973     40     0.02873
1973     41     0.03098
1973     42     0.01643
1973     43     0.01012
1973     44     0.00814
1973     45     0.00279
1973     46     0.00181
1973     47     0.00000
1973     48     0.00102
1973     49     0.00000
1973     50     0.00000
1973     51     0.00000
1973     52     0.00000
1973     53     0.00000
1973     54     0.00000
1973     55+    0.00000
1974     12-    0.00000
1974     13     0.00010
1974     14     0.00170
1974     15     0.00727
1974     16     0.03147
1974     17     0.06114
1974     18     0.10551
1974     19     0.12883
1974     20     0.13643
1974     21     0.15564
1974     22     0.16873
1974     23     0.17630
1974     24     0.17062
1974     25     0.16136
1974     26     0.15407
1974     27     0.15911
1974     28     0.14482
1974     29     0.12536
1974     30     0.12156
1974     31     0.10232
1974     32     0.09926
1974     33     0.07691
1974     34     0.06256
1974     35     0.05660
1974     36     0.05303
1974     37     0.06429
1974     38     0.03402
1974     39     0.02933
1974     40     0.02376
1974     41     0.01673
1974     42     0.00619
1974     43     0.01069
1974     44     0.00761
1974     45     0.00182
1974     46     0.00000
1974     47     0.00090
1974     48     0.00096
1974     49     0.00000
1974     50     0.00000
1974     51     0.00000
1974     52     0.00000
1974     53     0.00000
1974     54     0.00000
1974     55+    0.00000
1975     12-    0.00000
1975     13     0.00007
1975     14     0.00129
1975     15     0.00718
1975     16     0.02996
1975     17     0.06843
1975     18     0.09493
1975     19     0.12344
1975     20     0.15111
1975     21     0.14530
1975     22     0.16313
1975     23     0.17731
1975     24     0.18270
1975     25     0.16744
1975     26     0.15598
1975     27     0.14942
1975     28     0.13132
1975     29     0.11918
1975     30     0.10199
1975     31     0.10719
1975     32     0.09532
1975     33     0.07583
1975     34     0.08299
1975     35     0.06337
1975     36     0.05005
1975     37     0.05499
1975     38     0.04223
1975     39     0.03410
1975     40     0.02053
1975     41     0.01650
1975     42     0.01766
1975     43     0.00533
1975     44     0.00824
1975     45     0.00254
1975     46     0.00000
1975     47     0.00093
1975     48     0.00000
1975     49     0.00000
1975     50     0.00000
1975     51     0.00000
1975     52     0.00000
1975     53     0.00000
1975     54     0.00000
1975     55+    0.00000
1976     12-    0.00000
1976     13     0.00000
1976     14     0.00000
1976     15     0.00766
1976     16     0.02517
1976     17     0.05596
1976     18     0.09840
1976     19     0.11463
1976     20     0.14600
1976     21     0.16320
1976     22     0.15920
1976     23     0.16101
1976     24     0.15970
1976     25     0.15470
1976     26     0.14629
1976     27     0.14641
1976     28     0.13004
1976     29     0.11276
1976     30     0.11820
1976     31     0.10347
1976     32     0.08685
1976     33     0.07073
1976     34     0.08168
1976     35     0.04593
1976     36     0.05426
1976     37     0.04425
1976     38     0.03451
1976     39     0.03134
1976     40     0.02346
1976     41     0.01701
1976     42     0.01196
1976     43     0.00935
1976     44     0.00622
1976     45     0.00248
1976     46     0.00000
1976     47     0.00000
1976     48     0.00000
1976     49     0.00000
1976     50     0.00000
1976     51     0.00000
1976     52     0.00000
1976     53     0.00000
1976     54     0.00000
1976     55+    0.00000
1977     12-    0.00000
1977     13     0.00002
1977     14     0.00043
1977     15     0.00504
1977     16     0.02628
1977     17     0.06158
1977     18     0.08210
1977     19     0.10676
1977     20     0.12223
1977     21     0.13389
1977     22     0.14253
1977     23     0.15819
1977     24     0.13621
1977     25     0.15419
1977     26     0.13667
1977     27     0.12989
1977     28     0.12952
1977     29     0.09607
1977     30     0.09345
1977     31     0.09117
1977     32     0.08157
1977     33     0.06871
1977     34     0.07247
1977     35     0.07159
1977     36     0.04955
1977     37     0.03692
1977     38     0.03290
1977     39     0.02762
1977     40     0.02225
1977     41     0.01727
1977     42     0.01169
1977     43     0.00462
1977     44     0.00468
1977     45     0.00268
1977     46     0.00166
1977     47     0.00000
1977     48     0.00000
1977     49     0.00000
1977     50     0.00000
1977     51     0.00000
1977     52     0.00000
1977     53     0.00000
1977     54     0.00000
1977     55+    0.00000
1978     12-    0.00000
1978     13     0.00017
1978     14     0.00202
1978     15     0.00445
1978     16     0.02755
1978     17     0.06472
1978     18     0.08063
1978     19     0.10878
1978     20     0.11782
1978     21     0.14654
1978     22     0.15042
1978     23     0.14772
1978     24     0.15322
1978     25     0.15619
1978     26     0.14308
1978     27     0.13889
1978     28     0.12282
1978     29     0.11640
1978     30     0.10157
1978     31     0.09307
1978     32     0.08803
1978     33     0.07011
1978     34     0.06550
1978     35     0.05783
1978     36     0.04596
1978     37     0.03821
1978     38     0.03342
1978     39     0.02033
1978     40     0.01984
1978     41     0.01676
1978     42     0.00638
1978     43     0.00091
1978     44     0.00464
1978     45     0.00376
1978     46     0.00090
1978     47     0.00000
1978     48     0.00000
1978     49     0.00000
1978     50     0.00000
1978     51     0.00000
1978     52     0.00000
1978     53     0.00000
1978     54     0.00000
1978     55+    0.00000
1979     12-    0.00000
1979     13     0.00002
1979     14     0.00043
1979     15     0.00525
1979     16     0.02182
1979     17     0.04737
1979     18     0.08322
1979     19     0.11587
1979     20     0.13225
1979     21     0.15356
1979     22     0.15132
1979     23     0.15391
1979     24     0.17000
1979     25     0.15003
1979     26     0.15410
1979     27     0.12627
1979     28     0.13857
1979     29     0.13767
1979     30     0.12053
1979     31     0.10511
1979     32     0.09758
1979     33     0.07997
1979     34     0.08515
1979     35     0.06322
1979     36     0.05730
1979     37     0.03559
1979     38     0.03749
1979     39     0.02047
1979     40     0.01848
1979     41     0.00898
1979     42     0.00745
1979     43     0.00459
1979     44     0.00000
1979     45     0.00093
1979     46     0.00189
1979     47     0.00180
1979     48     0.00000
1979     49     0.00000
1979     50     0.00000
1979     51     0.00000
1979     52     0.00000
1979     53     0.00000
1979     54     0.00000
1979     55+    0.00000
1980     12-    0.00000
1980     13     0.00012
1980     14     0.00127
1980     15     0.00268
1980     16     0.03073
1980     17     0.05271
1980     18     0.08083
1980     19     0.11912
1980     20     0.12739
1980     21     0.14793
1980     22     0.14455
1980     23     0.15968
1980     24     0.13889
1980     25     0.15086
1980     26     0.14389
1980     27     0.13529
1980     28     0.14294
1980     29     0.13331
1980     30     0.13508
1980     31     0.09917
1980     32     0.09423
1980     33     0.08660
1980     34     0.07524
1980     35     0.06665
1980     36     0.05676
1980     37     0.04490
1980     38     0.03735
1980     39     0.02507
1980     40     0.02059
1980     41     0.01076
1980     42     0.00500
1980     43     0.00374
1980     44     0.00184
1980     45     0.00182
1980     46     0.00000
1980     47     0.00000
1980     48     0.00000
1980     49     0.00000
1980     50     0.00000
1980     51     0.00000
1980     52     0.00000
1980     53     0.00000
1980     54     0.00000
1980     55+    0.00000
1981     12-    0.00000
1981     13     0.00004
1981     14     0.00089
1981     15     0.00552
1981     16     0.02471
1981     17     0.04266
1981     18     0.07478
1981     19     0.09745
1981     20     0.12225
1981     21     0.14890
1981     22     0.13430
1981     23     0.14066
1981     24     0.14435
1981     25     0.13760
1981     26     0.14143
1981     27     0.14117
1981     28     0.13688
1981     29     0.11720
1981     30     0.10920
1981     31     0.10852
1981     32     0.09110
1981     33     0.07393
1981     34     0.07848
1981     35     0.05917
1981     36     0.05838
1981     37     0.04491
1981     38     0.03821
1981     39     0.01871
1981     40     0.01169
1981     41     0.00937
1981     42     0.01080
1981     43     0.00500
1981     44     0.00187
1981     45     0.00092
1981     46     0.00000
1981     47     0.00093
1981     48     0.00000
1981     49     0.00000
1981     50     0.00000
1981     51     0.00000
1981     52     0.00000
1981     53     0.00000
1981     54     0.00000
1981     55+    0.00000
1982     12-    0.00000
1982     13     0.00002
1982     14     0.00048
1982     15     0.00696
1982     16     0.01518
1982     17     0.04074
1982     18     0.07541
1982     19     0.10182
1982     20     0.12265
1982     21     0.13456
1982     22     0.14229
1982     23     0.15139
1982     24     0.14841
1982     25     0.14101
1982     26     0.14116
1982     27     0.14021
1982     28     0.12053
1982     29     0.11133
1982     30     0.11443
1982     31     0.09173
1982     32     0.09095
1982     33     0.07093
1982     34     0.06563
1982     35     0.05469
1982     36     0.03657
1982     37     0.04301
1982     38     0.03061
1982     39     0.01796
1982     40     0.02368
1982     41     0.01257
1982     42     0.00656
1982     43     0.00590
1982     44     0.00401
1982     45     0.00093
1982     46     0.00000
1982     47     0.00000
1982     48     0.00000
1982     49     0.00000
1982     50     0.00000
1982     51     0.00000
1982     52     0.00000
1982     53     0.00000
1982     54     0.00000
1982     55+    0.00000
1983     12-    0.00000
1983     13     0.00003
1983     14     0.00048
1983     15     0.00296
1983     16     0.01805
1983     17     0.03069
1983     18     0.06488
1983     19     0.08248
1983     20     0.11441
1983     21     0.13873
1983     22     0.14808
1983     23     0.15089
1983     24     0.13213
1983     25     0.14575
1983     26     0.14157
1983     27     0.13781
1983     28     0.13299
1983     29     0.11760
1983     30     0.11365
1983     31     0.08972
1983     32     0.08242
1983     33     0.08511
1983     34     0.07597
1983     35     0.05388
1983     36     0.03564
1983     37     0.03927
1983     38     0.03111
1983     39     0.02759
1983     40     0.02551
1983     41     0.01225
1983     42     0.00180
1983     43     0.00470
1983     44     0.00492
1983     45     0.00000
1983     46     0.00000
1983     47     0.00092
1983     48     0.00000
1983     49     0.00000
1983     50     0.00000
1983     51     0.00000
1983     52     0.00000
1983     53     0.00000
1983     54     0.00000
1983     55+    0.00000
1984     12-    0.00000
1984     13     0.00004
1984     14     0.00048
1984     15     0.00203
1984     16     0.01482
1984     17     0.03324
1984     18     0.06146
1984     19     0.07263
1984     20     0.09450
1984     21     0.12082
1984     22     0.13070
1984     23     0.13129
1984     24     0.14211
1984     25     0.13726
1984     26     0.13507
1984     27     0.12412
1984     28     0.11753
1984     29     0.10754
1984     30     0.09909
1984     31     0.09261
1984     32     0.08494
1984     33     0.08976
1984     34     0.06386
1984     35     0.05522
1984     36     0.04947
1984     37     0.03841
1984     38     0.02527
1984     39     0.02217
1984     40     0.01495
1984     41     0.01051
1984     42     0.00491
1984     43     0.00270
1984     44     0.00094
1984     45     0.00000
1984     46     0.00000
1984     47     0.00000
1984     48     0.00000
1984     49     0.00000
1984     50     0.00000
1984     51     0.00000
1984     52     0.00000
1984     53     0.00000
1984     54     0.00000
1984     55+    0.00000
1985     12-    0.00000
1985     13     0.00002
1985     14     0.00050
1985     15     0.00458
1985     16     0.01220
1985     17     0.03202
1985     18     0.05218
1985     19     0.06678
1985     20     0.08232
1985     21     0.11432
1985     22     0.11114
1985     23     0.12070
1985     24     0.13270
1985     25     0.12897
1985     26     0.13115
1985     27     0.11777
1985     28     0.11129
1985     29     0.09836
1985     30     0.10511
1985     31     0.08418
1985     32     0.07334
1985     33     0.08332
1985     34     0.05780
1985     35     0.05610
1985     36     0.04864
1985     37     0.03671
1985     38     0.02709
1985     39     0.01268
1985     40     0.01114
1985     41     0.00971
1985     42     0.00451
1985     43     0.00410
1985     44     0.00000
1985     45     0.00188
1985     46     0.00000
1985     47     0.00000
1985     48     0.00000
1985     49     0.00000
1985     50     0.00000
1985     51     0.00000
1985     52     0.00000
1985     53     0.00000
1985     54     0.00000
1985     55+    0.00000
1986     12-    0.00000
1986     13     0.00002
1986     14     0.00046
1986     15     0.00523
1986     16     0.01020
1986     17     0.02738
1986     18     0.04577
1986     19     0.06348
1986     20     0.08347
1986     21     0.09415
1986     22     0.11314
1986     23     0.12494
1986     24     0.13744
1986     25     0.13615
1986     26     0.12668
1986     27     0.11859
1986     28     0.12565
1986     29     0.11129
1986     30     0.09448
1986     31     0.09846
1986     32     0.08385
1986     33     0.07488
1986     34     0.05539
1986     35     0.05389
1986     36     0.04607
1986     37     0.03031
1986     38     0.02396
1986     39     0.01423
1986     40     0.00918
1986     41     0.01041
1986     42     0.00598
1986     43     0.00300
1986     44     0.00327
1986     45     0.00090
1986     46     0.00095
1986     47     0.00000
1986     48     0.00000
1986     49     0.00000
1986     50     0.00000
1986     51     0.00000
1986     52     0.00000
1986     53     0.00000
1986     54     0.00000
1986     55+    0.00000
1987     12-    0.00000
1987     13     0.00003
1987     14     0.00043
1987     15     0.00190
1987     16     0.01251
1987     17     0.02490
1987     18     0.04497
1987     19     0.06272
1987     20     0.09311
1987     21     0.11320
1987     22     0.10862
1987     23     0.13966
1987     24     0.13542
1987     25     0.13072
1987     26     0.13378
1987     27     0.13025
1987     28     0.11671
1987     29     0.11881
1987     30     0.10580
1987     31     0.11031
1987     32     0.09115
1987     33     0.08369
1987     34     0.07761
1987     35     0.06365
1987     36     0.04747
1987     37     0.02927
1987     38     0.03217
1987     39     0.02084
1987     40     0.01626
1987     41     0.01336
1987     42     0.00764
1987     43     0.00224
1987     44     0.00150
1987     45     0.00164
1987     46     0.00000
1987     47     0.00000
1987     48     0.00000
1987     49     0.00000
1987     50     0.00000
1987     51     0.00000
1987     52     0.00000
1987     53     0.00000
1987     54     0.00000
1987     55+    0.00000
1988     12-    0.00000
1988     13     0.00002
1988     14     0.00047
1988     15     0.00365
1988     16     0.01319
1988     17     0.02582
1988     18     0.05336
1988     19     0.06567
1988     20     0.09459
1988     21     0.10985
1988     22     0.12694
1988     23     0.13630
1988     24     0.12210
1988     25     0.14173
1988     26     0.15008
1988     27     0.15558
1988     28     0.14868
1988     29     0.13506
1988     30     0.12982
1988     31     0.12634
1988     32     0.11892
1988     33     0.07844
1988     34     0.07838
1988     35     0.06602
1988     36     0.05300
1988     37     0.03560
1988     38     0.03937
1988     39     0.02298
1988     40     0.01475
1988     41     0.01144
1988     42     0.00702
1988     43     0.00277
1988     44     0.00298
1988     45     0.00000
1988     46     0.00000
1988     47     0.00000
1988     48     0.00000
1988     49     0.00000
1988     50     0.00000
1988     51     0.00000
1988     52     0.00000
1988     53     0.00000
1988     54     0.00000
1988     55+    0.00000
1989     12-    0.00000
1989     13     0.00003
1989     14     0.00046
1989     15     0.00195
1989     16     0.00771
1989     17     0.02710
1989     18     0.04897
1989     19     0.06243
1989     20     0.07513
1989     21     0.11187
1989     22     0.11085
1989     23     0.12998
1989     24     0.13794
1989     25     0.14596
1989     26     0.14894
1989     27     0.12829
1989     28     0.13122
1989     29     0.13740
1989     30     0.13017
1989     31     0.11454
1989     32     0.11216
1989     33     0.08914
1989     34     0.07107
1989     35     0.07287
1989     36     0.05834
1989     37     0.04387
1989     38     0.02679
1989     39     0.02978
1989     40     0.02307
1989     41     0.01101
1989     42     0.00739
1989     43     0.00211
1989     44     0.00138
1989     45     0.00149
1989     46     0.00000
1989     47     0.00000
1989     48     0.00000
1989     49     0.00000
1989     50     0.00000
1989     51     0.00000
1989     52     0.00000
1989     53     0.00000
1989     54     0.00000
1989     55+    0.00000
1990     12-    0.00000
1990     13     0.00000
1990     14     0.00000
1990     15     0.00248
1990     16     0.01221
1990     17     0.02443
1990     18     0.04854
1990     19     0.06570
1990     20     0.08420
1990     21     0.11398
1990     22     0.11793
1990     23     0.12504
1990     24     0.14245
1990     25     0.14934
1990     26     0.14898
1990     27     0.14725
1990     28     0.13784
1990     29     0.14204
1990     30     0.12766
1990     31     0.12374
1990     32     0.11780
1990     33     0.10517
1990     34     0.08664
1990     35     0.06532
1990     36     0.06607
1990     37     0.04335
1990     38     0.04476
1990     39     0.03073
1990     40     0.01314
1990     41     0.01034
1990     42     0.00429
1990     43     0.00472
1990     44     0.00211
1990     45     0.00070
1990     46     0.00000
1990     47     0.00000
1990     48     0.00000
1990     49     0.00000
1990     50     0.00000
1990     51     0.00000
1990     52     0.00000
1990     53     0.00000
1990     54     0.00000
1990     55+    0.00000
1991     12-    0.00000
1991     13     0.00000
1991     14     0.00000
1991     15     0.00195
1991     16     0.00990
1991     17     0.02861
1991     18     0.03846
1991     19     0.06042
1991     20     0.07495
1991     21     0.08659
1991     22     0.09320
1991     23     0.11982
1991     24     0.13465
1991     25     0.13436
1991     26     0.14538
1991     27     0.15194
1991     28     0.12945
1991     29     0.12720
1991     30     0.11953
1991     31     0.11723
1991     32     0.10645
1991     33     0.09504
1991     34     0.09984
1991     35     0.07290
1991     36     0.06352
1991     37     0.05506
1991     38     0.03940
1991     39     0.03063
1991     40     0.01901
1991     41     0.01490
1991     42     0.00850
1991     43     0.00614
1991     44     0.00135
1991     45     0.00071
1991     46     0.00000
1991     47     0.00000
1991     48     0.00000
1991     49     0.00000
1991     50     0.00000
1991     51     0.00000
1991     52     0.00000
1991     53     0.00000
1991     54     0.00000
1991     55+    0.00000
1992     12-    0.00000
1992     13     0.00000
1992     14     0.00103
1992     15     0.00101
1992     16     0.00967
1992     17     0.02310
1992     18     0.04155
1992     19     0.05597
1992     20     0.06682
1992     21     0.09671
1992     22     0.10359
1992     23     0.11358
1992     24     0.13666
1992     25     0.13901
1992     26     0.14196
1992     27     0.13394
1992     28     0.14880
1992     29     0.14477
1992     30     0.12410
1992     31     0.12402
1992     32     0.09975
1992     33     0.10196
1992     34     0.09197
1992     35     0.07568
1992     36     0.07019
1992     37     0.04803
1992     38     0.04265
1992     39     0.02443
1992     40     0.02155
1992     41     0.01060
1992     42     0.00895
1992     43     0.00548
1992     44     0.00246
1992     45     0.00067
1992     46     0.00071
1992     47     0.00000
1992     48     0.00000
1992     49     0.00000
1992     50     0.00000
1992     51     0.00000
1992     52     0.00000
1992     53     0.00000
1992     54     0.00000
1992     55+    0.00000
1993     12-    0.00000
1993     13     0.00000
1993     14     0.00047
1993     15     0.00206
1993     16     0.00811
1993     17     0.01782
1993     18     0.03379
1993     19     0.05297
1993     20     0.07537
1993     21     0.09004
1993     22     0.10433
1993     23     0.12440
1993     24     0.13027
1993     25     0.13741
1993     26     0.14201
1993     27     0.14996
1993     28     0.16135
1993     29     0.12723
1993     30     0.12814
1993     31     0.12083
1993     32     0.10072
1993     33     0.09841
1993     34     0.09590
1993     35     0.07795
1993     36     0.06736
1993     37     0.05476
1993     38     0.03579
1993     39     0.02561
1993     40     0.02611
1993     41     0.01473
1993     42     0.01009
1993     43     0.00478
1993     44     0.00244
1993     45     0.00000
1993     46     0.00068
1993     47     0.00000
1993     48     0.00000
1993     49     0.00000
1993     50     0.00000
1993     51     0.00000
1993     52     0.00000
1993     53     0.00000
1993     54     0.00000
1993     55+    0.00000
1994     12-    0.00000
1994     13     0.00000
1994     14     0.00000
1994     15     0.00142
1994     16     0.00825
1994     17     0.01908
1994     18     0.03702
1994     19     0.05057
1994     20     0.07180
1994     21     0.08547
1994     22     0.10624
1994     23     0.11733
1994     24     0.11125
1994     25     0.13157
1994     26     0.14096
1994     27     0.14886
1994     28     0.13071
1994     29     0.13415
1994     30     0.13323
1994     31     0.11643
1994     32     0.10162
1994     33     0.09013
1994     34     0.08947
1994     35     0.08216
1994     36     0.06306
1994     37     0.04845
1994     38     0.04272
1994     39     0.03024
1994     40     0.02195
1994     41     0.01332
1994     42     0.00796
1994     43     0.00449
1994     44     0.00120
1994     45     0.00061
1994     46     0.00000
1994     47     0.00000
1994     48     0.00000
1994     49     0.00000
1994     50     0.00000
1994     51     0.00000
1994     52     0.00000
1994     53     0.00000
1994     54     0.00000
1994     55+    0.00000
1995     12-    0.00000
1995     13     0.00000
1995     14     0.00000
1995     15     0.00136
1995     16     0.00662
1995     17     0.02563
1995     18     0.03378
1995     19     0.04957
1995     20     0.07196
1995     21     0.08409
1995     22     0.09561
1995     23     0.10543
1995     24     0.11338
1995     25     0.12166
1995     26     0.11815
1995     27     0.14264
1995     28     0.13985
1995     29     0.11985
1995     30     0.12970
1995     31     0.12177
1995     32     0.11536
1995     33     0.09934
1995     34     0.08623
1995     35     0.07271
1995     36     0.06523
1995     37     0.05414
1995     38     0.03322
1995     39     0.02631
1995     40     0.01849
1995     41     0.01125
1995     42     0.00835
1995     43     0.00285
1995     44     0.00113
1995     45     0.00120
1995     46     0.00061
1995     47     0.00062
1995     48     0.00000
1995     49     0.00000
1995     50     0.00000
1995     51     0.00000
1995     52     0.00000
1995     53     0.00000
1995     54     0.00000
1995     55+    0.00000
1996     12-    0.00000
1996     13     0.00000
1996     14     0.00000
1996     15     0.00190
1996     16     0.00631
1996     17     0.01795
1996     18     0.03283
1996     19     0.05181
1996     20     0.06567
1996     21     0.08372
1996     22     0.09041
1996     23     0.11275
1996     24     0.11208
1996     25     0.13213
1996     26     0.12012
1996     27     0.15442
1996     28     0.14190
1996     29     0.12375
1996     30     0.12283
1996     31     0.12275
1996     32     0.11317
1996     33     0.10172
1996     34     0.09022
1996     35     0.07385
1996     36     0.07411
1996     37     0.06089
1996     38     0.03725
1996     39     0.03084
1996     40     0.01570
1996     41     0.00979
1996     42     0.01131
1996     43     0.00279
1996     44     0.00228
1996     45     0.00057
1996     46     0.00121
1996     47     0.00000
1996     48     0.00000
1996     49     0.00000
1996     50     0.00000
1996     51     0.00000
1996     52     0.00000
1996     53     0.00000
1996     54     0.00000
1996     55+    0.00000
1997     12-    0.00000
1997     13     0.00000
1997     14     0.00048
1997     15     0.00095
1997     16     0.00472
1997     17     0.02604
1997     18     0.03581
1997     19     0.05414
1997     20     0.06559
1997     21     0.09145
1997     22     0.09558
1997     23     0.08943
1997     24     0.11857
1997     25     0.12318
1997     26     0.13380
1997     27     0.12065
1997     28     0.12835
1997     29     0.12594
1997     30     0.13674
1997     31     0.11196
1997     32     0.10149
1997     33     0.08895
1997     34     0.08639
1997     35     0.07854
1997     36     0.05849
1997     37     0.04443
1997     38     0.03407
1997     39     0.03234
1997     40     0.01792
1997     41     0.01269
1997     42     0.00930
1997     43     0.00594
1997     44     0.00167
1997     45     0.00057
1997     46     0.00000
1997     47     0.00000
1997     48     0.00000
1997     49     0.00000
1997     50     0.00000
1997     51     0.00000
1997     52     0.00000
1997     53     0.00000
1997     54     0.00000
1997     55+    0.00000
1998     12-    0.00000
1998     13     0.00000
1998     14     0.00000
1998     15     0.00191
1998     16     0.00854
1998     17     0.02299
1998     18     0.04678
1998     19     0.04138
1998     20     0.06516
1998     21     0.07601
1998     22     0.07729
1998     23     0.11286
1998     24     0.10705
1998     25     0.11837
1998     26     0.13708
1998     27     0.13312
1998     28     0.15107
1998     29     0.11916
1998     30     0.12077
1998     31     0.12075
1998     32     0.10194
1998     33     0.09419
1998     34     0.08608
1998     35     0.06318
1998     36     0.05824
1998     37     0.06032
1998     38     0.03990
1998     39     0.02780
1998     40     0.01958
1998     41     0.01291
1998     42     0.01061
1998     43     0.00673
1998     44     0.00269
1998     45     0.00056
1998     46     0.00057
1998     47     0.00000
1998     48     0.00000
1998     49     0.00000
1998     50     0.00000
1998     51     0.00000
1998     52     0.00000
1998     53     0.00000
1998     54     0.00000
1998     55+    0.00000
1999     12-    0.00000
1999     13     0.00000
1999     14     0.00000
1999     15     0.00097
1999     16     0.00850
1999     17     0.01978
1999     18     0.04134
1999     19     0.04920
1999     20     0.07106
1999     21     0.07374
1999     22     0.08383
1999     23     0.10454
1999     24     0.10853
1999     25     0.12043
1999     26     0.12230
1999     27     0.12315
1999     28     0.11825
1999     29     0.12689
1999     30     0.12370
1999     31     0.12718
1999     32     0.08529
1999     33     0.09894
1999     34     0.08089
1999     35     0.06956
1999     36     0.07165
1999     37     0.05813
1999     38     0.04009
1999     39     0.02364
1999     40     0.01717
1999     41     0.00927
1999     42     0.00789
1999     43     0.00354
1999     44     0.00310
1999     45     0.00000
1999     46     0.00000
1999     47     0.00000
1999     48     0.00000
1999     49     0.00000
1999     50     0.00000
1999     51     0.00000
1999     52     0.00000
1999     53     0.00000
1999     54     0.00000
1999     55+    0.00000
2000     12-    0.00000
2000     13     0.00000
2000     14     0.00000
2000     15     0.00101
2000     16     0.00433
2000     17     0.01826
2000     18     0.03789
2000     19     0.05183
2000     20     0.06724
2000     21     0.07336
2000     22     0.09074
2000     23     0.10095
2000     24     0.11118
2000     25     0.11367
2000     26     0.12500
2000     27     0.13803
2000     28     0.14317
2000     29     0.13430
2000     30     0.12584
2000     31     0.12741
2000     32     0.11484
2000     33     0.09485
2000     34     0.09911
2000     35     0.07720
2000     36     0.06698
2000     37     0.04719
2000     38     0.03205
2000     39     0.02842
2000     40     0.01922
2000     41     0.01850
2000     42     0.00729
2000     43     0.00345
2000     44     0.00302
2000     45     0.00052
2000     46     0.00108
2000     47     0.00055
2000     48     0.00000
2000     49     0.00000
2000     50     0.00000
2000     51     0.00000
2000     52     0.00000
2000     53     0.00000
2000     54     0.00000
2000     55+    0.00000
2001     12-    0.00000
2001     13     0.00000
2001     14     0.00052
2001     15     0.00103
2001     16     0.00706
2001     17     0.01577
2001     18     0.03033
2001     19     0.04261
2001     20     0.06242
2001     21     0.06624
2001     22     0.08386
2001     23     0.09106
2001     24     0.09543
2001     25     0.11980
2001     26     0.11901
2001     27     0.12208
2001     28     0.14038
2001     29     0.13334
2001     30     0.11528
2001     31     0.10229
2001     32     0.10215
2001     33     0.09712
2001     34     0.08387
2001     35     0.08117
2001     36     0.07024
2001     37     0.05298
2001     38     0.03856
2001     39     0.02668
2001     40     0.01840
2001     41     0.01166
2001     42     0.00898
2001     43     0.00678
2001     44     0.00344
2001     45     0.00000
2001     46     0.00000
2001     47     0.00054
2001     48     0.00055
2001     49     0.00000
2001     50     0.00000
2001     51     0.00000
2001     52     0.00000
2001     53     0.00000
2001     54     0.00000
2001     55+    0.00000
2002     12-    0.00000
2002     13     0.00000
2002     14     0.00000
2002     15     0.00052
2002     16     0.00816
2002     17     0.01254
2002     18     0.02771
2002     19     0.04147
2002     20     0.05467
2002     21     0.06186
2002     22     0.07966
2002     23     0.08340
2002     24     0.09861
2002     25     0.10149
2002     26     0.11917
2002     27     0.12247
2002     28     0.13744
2002     29     0.12231
2002     30     0.11852
2002     31     0.11748
2002     32     0.11470
2002     33     0.09207
2002     34     0.09426
2002     35     0.08140
2002     36     0.06718
2002     37     0.04864
2002     38     0.03989
2002     39     0.03493
2002     40     0.02240
2002     41     0.01176
2002     42     0.01166
2002     43     0.00378
2002     44     0.00048
2002     45     0.00247
2002     46     0.00101
2002     47     0.00000
2002     48     0.00000
2002     49     0.00000
2002     50     0.00000
2002     51     0.00000
2002     52     0.00000
2002     53     0.00000
2002     54     0.00000
2002     55+    0.00000
2003     12-    0.00000
2003     13     0.00000
2003     14     0.00000
2003     15     0.00000
2003     16     0.00464
2003     17     0.01367
2003     18     0.02145
2003     19     0.04156
2003     20     0.04673
2003     21     0.06137
2003     22     0.07941
2003     23     0.07998
2003     24     0.11339
2003     25     0.10927
2003     26     0.11858
2003     27     0.13628
2003     28     0.14424
2003     29     0.13743
2003     30     0.12523
2003     31     0.13774
2003     32     0.11962
2003     33     0.09405
2003     34     0.10048
2003     35     0.07535
2003     36     0.05456
2003     37     0.04542
2003     38     0.03625
2003     39     0.03360
2003     40     0.02342
2003     41     0.01757
2003     42     0.00895
2003     43     0.00888
2003     44     0.00000
2003     45     0.00048
2003     46     0.00000
2003     47     0.00050
2003     48     0.00000
2003     49     0.00000
2003     50     0.00000
2003     51     0.00000
2003     52     0.00000
2003     53     0.00000
2003     54     0.00000
2003     55+    0.00000
2004     12-    0.00000
2004     13     0.00044
2004     14     0.00043
2004     15     0.00135
2004     16     0.00187
2004     17     0.00614
2004     18     0.01926
2004     19     0.03557
2004     20     0.04615
2004     21     0.06934
2004     22     0.07418
2004     23     0.08863
2004     24     0.10335
2004     25     0.11077
2004     26     0.13514
2004     27     0.12722
2004     28     0.15560
2004     29     0.13699
2004     30     0.12191
2004     31     0.13051
2004     32     0.12636
2004     33     0.11424
2004     34     0.09675
2004     35     0.07508
2004     36     0.07191
2004     37     0.04846
2004     38     0.04720
2004     39     0.03659
2004     40     0.01973
2004     41     0.01833
2004     42     0.00807
2004     43     0.00613
2004     44     0.00374
2004     45     0.00142
2004     46     0.00048
2004     47     0.00000
2004     48     0.00000
2004     49     0.00000
2004     50     0.00000
2004     51     0.00000
2004     52     0.00000
2004     53     0.00000
2004     54     0.00000
2004     55+    0.00000
2005     12-    0.00000
2005     13     0.00000
2005     14     0.00000
2005     15     0.00043
2005     16     0.00447
2005     17     0.00793
2005     18     0.02256
2005     19     0.03934
2005     20     0.05452
2005     21     0.05411
2005     22     0.08995
2005     23     0.10294
2005     24     0.10636
2005     25     0.12766
2005     26     0.11164
2005     27     0.13715
2005     28     0.13380
2005     29     0.13613
2005     30     0.12232
2005     31     0.11957
2005     32     0.10940
2005     33     0.11263
2005     34     0.10655
2005     35     0.08417
2005     36     0.07686
2005     37     0.05166
2005     38     0.04995
2005     39     0.02888
2005     40     0.02144
2005     41     0.01824
2005     42     0.00730
2005     43     0.00426
2005     44     0.00189
2005     45     0.00421
2005     46     0.00000
2005     47     0.00000
2005     48     0.00000
2005     49     0.00000
2005     50     0.00000
2005     51     0.00000
2005     52     0.00000
2005     53     0.00000
2005     54     0.00000
2005     55+    0.00000
2006     12-    0.00000
2006     13     0.00000
2006     14     0.00000
2006     15     0.00043
2006     16     0.00257
2006     17     0.01159
2006     18     0.02279
2006     19     0.03409
2006     20     0.05937
2006     21     0.06729
2006     22     0.08137
2006     23     0.08709
2006     24     0.10019
2006     25     0.10473
2006     26     0.12574
2006     27     0.14205
2006     28     0.13865
2006     29     0.13138
2006     30     0.13823
2006     31     0.13726
2006     32     0.11398
2006     33     0.11287
2006     34     0.09911
2006     35     0.10275
2006     36     0.06767
2006     37     0.05985
2006     38     0.04442
2006     39     0.03637
2006     40     0.02257
2006     41     0.01670
2006     42     0.00663
2006     43     0.00679
2006     44     0.00330
2006     45     0.00047
2006     46     0.00093
2006     47     0.00000
2006     48     0.00000
2006     49     0.00000
2006     50     0.00000
2006     51     0.00000
2006     52     0.00000
2006     53     0.00000
2006     54     0.00000
2006     55+    0.00000
2007     12-    0.00000
2007     13     0.00000
2007     14     0.00000
2007     15     0.00000
2007     16     0.00345
2007     17     0.01448
2007     18     0.02040
2007     19     0.03254
2007     20     0.05969
2007     21     0.05849
2007     22     0.07581
2007     23     0.09397
2007     24     0.09779
2007     25     0.11441
2007     26     0.13482
2007     27     0.13195
2007     28     0.14321
2007     29     0.14255
2007     30     0.13551
2007     31     0.13569
2007     32     0.11371
2007     33     0.11643
2007     34     0.10764
2007     35     0.08492
2007     36     0.07590
2007     37     0.06048
2007     38     0.04356
2007     39     0.03430
2007     40     0.01639
2007     41     0.01691
2007     42     0.00895
2007     43     0.00571
2007     44     0.00314
2007     45     0.00375
2007     46     0.00000
2007     47     0.00092
2007     48     0.00000
2007     49     0.00000
2007     50     0.00000
2007     51     0.00000
2007     52     0.00000
2007     53     0.00000
2007     54     0.00000
2007     55+    0.00057
2008     12-    0.00000
2008     13     0.00000
2008     14     0.00000
2008     15     0.00000
2008     16     0.00491
2008     17     0.00813
2008     18     0.02070
2008     19     0.03819
2008     20     0.04957
2008     21     0.05465
2008     22     0.07805
2008     23     0.10807
2008     24     0.09802
2008     25     0.11013
2008     26     0.13234
2008     27     0.13857
2008     28     0.15012
2008     29     0.14924
2008     30     0.13745
2008     31     0.13318
2008     32     0.12269
2008     33     0.10864
2008     34     0.09972
2008     35     0.09300
2008     36     0.08152
2008     37     0.06555
2008     38     0.05861
2008     39     0.03913
2008     40     0.02740
2008     41     0.02077
2008     42     0.01132
2008     43     0.00666
2008     44     0.00305
2008     45     0.00134
2008     46     0.00280
2008     47     0.00047
2008     48     0.00000
2008     49     0.00000
2008     50     0.00000
2008     51     0.00000
2008     52     0.00000
2008     53     0.00000
2008     54     0.00000
2008     55+    0.00000
2009     12-    0.00000
2009     13     0.00000
2009     14     0.00000
2009     15     0.00087
2009     16     0.00297
2009     17     0.01151
2009     18     0.02134
2009     19     0.03521
2009     20     0.04356
2009     21     0.06070
2009     22     0.07532
2009     23     0.08713
2009     24     0.10548
2009     25     0.12396
2009     26     0.14287
2009     27     0.14125
2009     28     0.15157
2009     29     0.14967
2009     30     0.15400
2009     31     0.13576
2009     32     0.12547
2009     33     0.12925
2009     34     0.11242
2009     35     0.09011
2009     36     0.08060
2009     37     0.07013
2009     38     0.05758
2009     39     0.03930
2009     40     0.02796
2009     41     0.02350
2009     42     0.01354
2009     43     0.00858
2009     44     0.00267
2009     45     0.00175
2009     46     0.00089
2009     47     0.00093
2009     48     0.00000
2009     49     0.00000
2009     50     0.00000
2009     51     0.00000
2009     52     0.00000
2009     53     0.00000
2009     54     0.00000
2009     55+    0.00000
2010     12-    0.00000
2010     13     0.00000
2010     14     0.00046
2010     15     0.00000
2010     16     0.00391
2010     17     0.01189
2010     18     0.01999
2010     19     0.02829
2010     20     0.04669
2010     21     0.05794
2010     22     0.06099
2010     23     0.09272
2010     24     0.10482
2010     25     0.11884
2010     26     0.13596
2010     27     0.13950
2010     28     0.14507
2010     29     0.14982
2010     30     0.13867
2010     31     0.14311
2010     32     0.13159
2010     33     0.12402
2010     34     0.10079
2010     35     0.10761
2010     36     0.08916
2010     37     0.06579
2010     38     0.06182
2010     39     0.04436
2010     40     0.02767
2010     41     0.02505
2010     42     0.01013
2010     43     0.00635
2010     44     0.00364
2010     45     0.00045
2010     46     0.00000
2010     47     0.00045
2010     48     0.00000
2010     49     0.00000
2010     50     0.00000
2010     51     0.00000
2010     52     0.00000
2010     53     0.00000
2010     54     0.00000
2010     55+    0.00000
2011     12-    0.00000
2011     13     0.00000
2011     14     0.00000
2011     15     0.00232
2011     16     0.00091
2011     17     0.00653
2011     18     0.01612
2011     19     0.02800
2011     20     0.04496
2011     21     0.05075
2011     22     0.06605
2011     23     0.07532
2011     24     0.07934
2011     25     0.10998
2011     26     0.11379
2011     27     0.13856
2011     28     0.13222
2011     29     0.14638
2011     30     0.14506
2011     31     0.12560
2011     32     0.12413
2011     33     0.11973
2011     34     0.09510
2011     35     0.09532
2011     36     0.08143
2011     37     0.05035
2011     38     0.05027
2011     39     0.03995
2011     40     0.02719
2011     41     0.02166
2011     42     0.01556
2011     43     0.00678
2011     44     0.00364
2011     45     0.00137
2011     46     0.00180
2011     47     0.00000
2011     48     0.00135
2011     49     0.00000
2011     50     0.00000
2011     51     0.00000
2011     52     0.00000
2011     53     0.00000
2011     54     0.00000
2011     55+    0.00000
2012     12-    0.00000
2012     13     0.00000
2012     14     0.00000
2012     15     0.00093
2012     16     0.00279
2012     17     0.00818
2012     18     0.01214
2012     19     0.03083
2012     20     0.03879
2012     21     0.06047
2012     22     0.06433
2012     23     0.06564
2012     24     0.08656
2012     25     0.10579
2012     26     0.12742
2012     27     0.14720
2012     28     0.14312
2012     29     0.14870
2012     30     0.12780
2012     31     0.12657
2012     32     0.12152
2012     33     0.11912
2012     34     0.09066
2012     35     0.09573
2012     36     0.07718
2012     37     0.06361
2012     38     0.05397
2012     39     0.04009
2012     40     0.03118
2012     41     0.02101
2012     42     0.01010
2012     43     0.00855
2012     44     0.00486
2012     45     0.00046
2012     46     0.00137
2012     47     0.00045
2012     48     0.00000
2012     49     0.00000
2012     50     0.00000
2012     51     0.00000
2012     52     0.00000
2012     53     0.00000
2012     54     0.00000
2012     55+    0.00000
2013     12-    0.00000
2013     13     0.00000
2013     14     0.00000
2013     15     0.00000
2013     16     0.00092
2013     17     0.00788
2013     18     0.01262
2013     19     0.01443
2013     20     0.03773
2013     21     0.04436
2013     22     0.05655
2013     23     0.07528
2013     24     0.09681
2013     25     0.10700
2013     26     0.11197
2013     27     0.13103
2013     28     0.11404
2013     29     0.12497
2013     30     0.12899
2013     31     0.12878
2013     32     0.12150
2013     33     0.10059
2013     34     0.10354
2013     35     0.09823
2013     36     0.07805
2013     37     0.06336
2013     38     0.04686
2013     39     0.04419
2013     40     0.02881
2013     41     0.02183
2013     42     0.01079
2013     43     0.00705
2013     44     0.00553
2013     45     0.00386
2013     46     0.00318
2013     47     0.00092
2013     48     0.00045
2013     49     0.00044
2013     50     0.00000
2013     51     0.00047
2013     52     0.00000
2013     53     0.00000
2013     54     0.00000
2013     55+    0.00000
2014     12-    0.00000
2014     13     0.00000
2014     14     0.00046
2014     15     0.00000
2014     16     0.00190
2014     17     0.00185
2014     18     0.01278
2014     19     0.02081
2014     20     0.03391
2014     21     0.04762
2014     22     0.07114
2014     23     0.08440
2014     24     0.08564
2014     25     0.09838
2014     26     0.11984
2014     27     0.13575
2014     28     0.13207
2014     29     0.12966
2014     30     0.13623
2014     31     0.11925
2014     32     0.10757
2014     33     0.10362
2014     34     0.09418
2014     35     0.09288
2014     36     0.07205
2014     37     0.06198
2014     38     0.05450
2014     39     0.04192
2014     40     0.02320
2014     41     0.01906
2014     42     0.01624
2014     43     0.00358
2014     44     0.00201
2014     45     0.00200
2014     46     0.00385
2014     47     0.00046
2014     48     0.00092
2014     49     0.00045
2014     50     0.00000
2014     51     0.00000
2014     52     0.00000
2014     53     0.00000
2014     54     0.00000
2014     55+    0.00000
2015     12-    0.00000
2015     13     0.00000
2015     14     0.00000
2015     15     0.00046
2015     16     0.00093
2015     17     0.00569
2015     18     0.01093
2015     19     0.02159
2015     20     0.02847
2015     21     0.03994
2015     22     0.05079
2015     23     0.06856
2015     24     0.08324
2015     25     0.10273
2015     26     0.11506
2015     27     0.12111
2015     28     0.11248
2015     29     0.12818
2015     30     0.11551
2015     31     0.11478
2015     32     0.12137
2015     33     0.09311
2015     34     0.09301
2015     35     0.08522
2015     36     0.07391
2015     37     0.06382
2015     38     0.04086
2015     39     0.04244
2015     40     0.01923
2015     41     0.01900
2015     42     0.01901
2015     43     0.00600
2015     44     0.00204
2015     45     0.00200
2015     46     0.00100
2015     47     0.00145
2015     48     0.00091
2015     49     0.00000
2015     50     0.00000
2015     51     0.00000
2015     52     0.00000
2015     53     0.00000
2015     54     0.00000
2015     55+    0.00000
2016     12-    0.00000
2016     13     0.00000
2016     14     0.00000
2016     15     0.00000
2016     16     0.00046
2016     17     0.00373
2016     18     0.00747
2016     19     0.02086
2016     20     0.03162
2016     21     0.03544
2016     22     0.04633
2016     23     0.05404
2016     24     0.07542
2016     25     0.09370
2016     26     0.10165
2016     27     0.11133
2016     28     0.11827
2016     29     0.11992
2016     30     0.13561
2016     31     0.11117
2016     32     0.11274
2016     33     0.10217
2016     34     0.08164
2016     35     0.08642
2016     36     0.06522
2016     37     0.06579
2016     38     0.04405
2016     39     0.03733
2016     40     0.03152
2016     41     0.02495
2016     42     0.00993
2016     43     0.00395
2016     44     0.00322
2016     45     0.00406
2016     46     0.00050
2016     47     0.00249
2016     48     0.00193
2016     49     0.00000
2016     50     0.00000
2016     51     0.00000
2016     52     0.00000
2016     53     0.00000
2016     54     0.00000
2016     55+    0.00000
2017     12-    0.00000
2017     13     0.00000
2017     14     0.00000
2017     15     0.00048
2017     16     0.00047
2017     17     0.00413
2017     18     0.00824
2017     19     0.01623
2017     20     0.02892
2017     21     0.03945
2017     22     0.04373
2017     23     0.05930
2017     24     0.06943
2017     25     0.09065
2017     26     0.09504
2017     27     0.10059
2017     28     0.12571
2017     29     0.12861
2017     30     0.11546
2017     31     0.11997
2017     32     0.09857
2017     33     0.10904
2017     34     0.09478
2017     35     0.08310
2017     36     0.06214
2017     37     0.05562
2017     38     0.04583
2017     39     0.03922
2017     40     0.02891
2017     41     0.01830
2017     42     0.00808
2017     43     0.00886
2017     44     0.00433
2017     45     0.00318
2017     46     0.00150
2017     47     0.00049
2017     48     0.00000
2017     49     0.00048
2017     50     0.00045
2017     51     0.00000
2017     52     0.00045
2017     53     0.00000
2017     54     0.00000
2017     55+    0.00000
2018     12-    0.00000
2018     13     0.00000
2018     14     0.00046
2018     15     0.00048
2018     16     0.00000
2018     17     0.00324
2018     18     0.00723
2018     19     0.01495
2018     20     0.03089
2018     21     0.03043
2018     22     0.05562
2018     23     0.05358
2018     24     0.06847
2018     25     0.09293
2018     26     0.09100
2018     27     0.10723
2018     28     0.12074
2018     29     0.13023
2018     30     0.12518
2018     31     0.11343
2018     32     0.10952
2018     33     0.10061
2018     34     0.08317
2018     35     0.07846
2018     36     0.06854
2018     37     0.05538
2018     38     0.05122
2018     39     0.04080
2018     40     0.02616
2018     41     0.02246
2018     42     0.00814
2018     43     0.00327
2018     44     0.00596
2018     45     0.00342
2018     46     0.00223
2018     47     0.00000
2018     48     0.00049
2018     49     0.00049
2018     50     0.00048
2018     51     0.00000
2018     52     0.00000
2018     53     0.00000
2018     54     0.00000
2018     55+    0.00000
2019     12-    0.00000
2019     13     0.00000
2019     14     0.00000
2019     15     0.00045
2019     16     0.00047
2019     17     0.00563
2019     18     0.00275
2019     19     0.01216
2019     20     0.02724
2019     21     0.03829
2019     22     0.04230
2019     23     0.05403
2019     24     0.06486
2019     25     0.08501
2019     26     0.09658
2019     27     0.11155
2019     28     0.12049
2019     29     0.11974
2019     30     0.11446
2019     31     0.12348
2019     32     0.12002
2019     33     0.11009
2019     34     0.09301
2019     35     0.08668
2019     36     0.06733
2019     37     0.06298
2019     38     0.05326
2019     39     0.04160
2019     40     0.03526
2019     41     0.02216
2019     42     0.01406
2019     43     0.00489
2019     44     0.00276
2019     45     0.00272
2019     46     0.00295
2019     47     0.00133
2019     48     0.00148
2019     49     0.00193
2019     50     0.00049
2019     51     0.00000
2019     52     0.00000
2019     53     0.00000
2019     54     0.00000
2019     55+    0.00000
2020     12-    0.00000
2020     13     0.00000
2020     14     0.00000
2020     15     0.00000
2020     16     0.00136
2020     17     0.00187
2020     18     0.00509
2020     19     0.01510
2020     20     0.01984
2020     21     0.02626
2020     22     0.04949
2020     23     0.05197
2020     24     0.07451
2020     25     0.08362
2020     26     0.10334
2020     27     0.11940
2020     28     0.11422
2020     29     0.12206
2020     30     0.13635
2020     31     0.12509
2020     32     0.11357
2020     33     0.09767
2020     34     0.09218
2020     35     0.08723
2020     36     0.06900
2020     37     0.05638
2020     38     0.04135
2020     39     0.03130
2020     40     0.02962
2020     41     0.01783
2020     42     0.01390
2020     43     0.00762
2020     44     0.00264
2020     45     0.00319
2020     46     0.00269
2020     47     0.00042
2020     48     0.00088
2020     49     0.00098
2020     50     0.00000
2020     51     0.00000
2020     52     0.00000
2020     53     0.00000
2020     54     0.00000
2020     55+    0.00000
2021     12-    0.00000
2021     13     0.00000
2021     14     0.00000
2021     15     0.00000
2021     16     0.00000
2021     17     0.00089
2021     18     0.00597
2021     19     0.00941
2021     20     0.01742
2021     21     0.03203
2021     22     0.03418
2021     23     0.06254
2021     24     0.07343
2021     25     0.10439
2021     26     0.10652
2021     27     0.11949
2021     28     0.13793
2021     29     0.13772
2021     30     0.11714
2021     31     0.12573
2021     32     0.12320
2021     33     0.11405
2021     34     0.09088
2021     35     0.07977
2021     36     0.09364
2021     37     0.06086
2021     38     0.05423
2021     39     0.03560
2021     40     0.02855
2021     41     0.02134
2021     42     0.01153
2021     43     0.00935
2021     44     0.00578
2021     45     0.00262
2021     46     0.00090
2021     47     0.00089
2021     48     0.00000
2021     49     0.00088
2021     50     0.00000
2021     51     0.00000
2021     52     0.00000
2021     53     0.00000
2021     54     0.00000
2021     55+    0.00000
