Iceland, Live births by calendar year, age reached during the year (ARDY) and birth cohort (vertical parallelograms)
Last modified: 06/09/2023
Year  ARDY   Cohort       Total
1960    12-   1948+        0.00
1960    13    1947         0.00
1960    14    1946         0.05
1960    15    1945         0.67
1960    16    1944         5.56
1960    17    1943        37.07
1960    18    1942       140.30
1960    19    1941       266.44
1960    20    1940       300.61
1960    21    1939       265.70
1960    22    1938       270.10
1960    23    1937       266.79
1960    24    1936       296.49
1960    25    1935       289.02
1960    26    1934       269.65
1960    27    1933       233.84
1960    28    1932       227.93
1960    29    1931       231.74
1960    30    1930       246.03
1960    31    1929       204.53
1960    32    1928       181.24
1960    33    1927       170.61
1960    34    1926       165.03
1960    35    1925       144.28
1960    36    1924       129.23
1960    37    1923       118.72
1960    38    1922       106.25
1960    39    1921        93.44
1960    40    1920        78.29
1960    41    1919        57.20
1960    42    1918        46.57
1960    43    1917        32.41
1960    44    1916        19.15
1960    45    1915        11.99
1960    46    1914         6.64
1960    47    1913         1.96
1960    48    1912         0.40
1960    49    1911         0.07
1960    50    1910         0.01
1960    51    1909         0.00
1960    52    1908         0.00
1960    53    1907         0.00
1960    54    1906         0.00
1960    55+   1905-        0.00
1961    12-   1949+        0.00
1961    13    1948         0.00
1961    14    1947         0.05
1961    15    1946         0.57
1961    16    1945         5.71
1961    17    1944        32.08
1961    18    1943       133.63
1961    19    1942       277.55
1961    20    1941       288.07
1961    21    1940       274.24
1961    22    1939       262.62
1961    23    1938       248.23
1961    24    1937       247.09
1961    25    1936       270.60
1961    26    1935       243.01
1961    27    1934       213.50
1961    28    1933       192.96
1961    29    1932       203.34
1961    30    1931       208.75
1961    31    1930       215.39
1961    32    1929       177.52
1961    33    1928       160.80
1961    34    1927       151.69
1961    35    1926       142.84
1961    36    1925       115.53
1961    37    1924       100.66
1961    38    1923        93.03
1961    39    1922        80.62
1961    40    1921        67.14
1961    41    1920        51.09
1961    42    1919        35.73
1961    43    1918        28.06
1961    44    1917        18.80
1961    45    1916        12.29
1961    46    1915         7.07
1961    47    1914         2.24
1961    48    1913         0.41
1961    49    1912         0.07
1961    50    1911         0.01
1961    51    1910         0.00
1961    52    1909         0.00
1961    53    1908         0.00
1961    54    1907         0.00
1961    55+   1906-        0.00
1962    12-   1950+        0.00
1962    13    1949         0.00
1962    14    1948         0.06
1962    15    1947         0.61
1962    16    1946         5.31
1962    17    1945        35.19
1962    18    1944       124.48
1962    19    1943       281.13
1962    20    1942       316.21
1962    21    1941       273.60
1962    22    1940       277.67
1962    23    1939       249.61
1962    24    1938       244.77
1962    25    1937       254.38
1962    26    1936       266.78
1962    27    1935       240.54
1962    28    1934       219.03
1962    29    1933       205.34
1962    30    1932       210.47
1962    31    1931       192.36
1962    32    1930       191.20
1962    33    1929       159.38
1962    34    1928       148.73
1962    35    1927       141.07
1962    36    1926       131.85
1962    37    1925       106.44
1962    38    1924        95.21
1962    39    1923        89.10
1962    40    1922        74.63
1962    41    1921        60.44
1962    42    1920        43.72
1962    43    1919        28.93
1962    44    1918        20.22
1962    45    1917        13.07
1962    46    1916         6.87
1962    47    1915         2.12
1962    48    1914         0.41
1962    49    1913         0.07
1962    50    1912         0.01
1962    51    1911         0.00
1962    52    1910         0.00
1962    53    1909         0.00
1962    54    1908         0.00
1962    55+   1907-        0.00
1963    12-   1951+        0.00
1963    13    1950         0.00
1963    14    1949         0.00
1963    15    1948         1.19
1963    16    1947        24.00
1963    17    1946        78.02
1963    18    1945       183.82
1963    19    1944       233.80
1963    20    1943       319.13
1963    21    1942       327.81
1963    22    1941       311.90
1963    23    1940       299.58
1963    24    1939       239.59
1963    25    1938       235.65
1963    26    1937       249.32
1963    27    1936       248.60
1963    28    1935       214.52
1963    29    1934       216.99
1963    30    1933       199.93
1963    31    1932       180.99
1963    32    1931       169.84
1963    33    1930       188.24
1963    34    1929       161.34
1963    35    1928       139.29
1963    36    1927       108.00
1963    37    1926        94.07
1963    38    1925        80.44
1963    39    1924        78.66
1963    40    1923        75.91
1963    41    1922        56.92
1963    42    1921        44.56
1963    43    1920        30.95
1963    44    1919        16.45
1963    45    1918         5.98
1963    46    1917         3.79
1963    47    1916         0.72
1963    48    1915         0.00
1963    49    1914         0.00
1963    50    1913         0.00
1963    51    1912         0.00
1963    52    1911         0.00
1963    53    1910         0.00
1963    54    1909         0.00
1963    55+   1908-        0.00
1964    12-   1952+        0.00
1964    13    1951         0.00
1964    14    1950         0.00
1964    15    1949         1.15
1964    16    1948        26.35
1964    17    1947        73.54
1964    18    1946       193.35
1964    19    1945       291.13
1964    20    1944       293.28
1964    21    1943       337.95
1964    22    1942       312.68
1964    23    1941       268.97
1964    24    1940       273.88
1964    25    1939       250.06
1964    26    1938       225.29
1964    27    1937       209.89
1964    28    1936       213.97
1964    29    1935       190.17
1964    30    1934       170.14
1964    31    1933       158.49
1964    32    1932       180.71
1964    33    1931       173.29
1964    34    1930       165.19
1964    35    1929       144.08
1964    36    1928       122.25
1964    37    1927       104.13
1964    38    1926        98.65
1964    39    1925        76.16
1964    40    1924        61.28
1964    41    1923        62.53
1964    42    1922        53.12
1964    43    1921        29.17
1964    44    1920        12.38
1964    45    1919         8.34
1964    46    1918         4.08
1964    47    1917         0.35
1964    48    1916         0.69
1964    49    1915         0.31
1964    50    1914         0.00
1964    51    1913         0.00
1964    52    1912         0.00
1964    53    1911         0.00
1964    54    1910         0.00
1964    55+   1909-        0.00
1965    12-   1953+        0.00
1965    13    1952         0.00
1965    14    1951         0.00
1965    15    1950         1.87
1965    16    1949        37.30
1965    17    1948       102.97
1965    18    1947       201.46
1965    19    1946       258.04
1965    20    1945       321.91
1965    21    1944       320.30
1965    22    1943       311.23
1965    23    1942       286.98
1965    24    1941       267.06
1965    25    1940       251.92
1965    26    1939       205.63
1965    27    1938       200.94
1965    28    1937       203.69
1965    29    1936       186.26
1965    30    1935       170.47
1965    31    1934       176.75
1965    32    1933       141.79
1965    33    1932       138.80
1965    34    1931       146.04
1965    35    1930       165.39
1965    36    1929       126.25
1965    37    1928        86.03
1965    38    1927        88.04
1965    39    1926        92.64
1965    40    1925        58.17
1965    41    1924        52.94
1965    42    1923        50.63
1965    43    1922        28.19
1965    44    1921        19.28
1965    45    1920        10.37
1965    46    1919         4.60
1965    47    1918         3.70
1965    48    1917         1.99
1965    49    1916         0.37
1965    50    1915         0.13
1965    51    1914         0.44
1965    52    1913         0.30
1965    53    1912         0.10
1965    54    1911         0.03
1965    55+   1910-        0.00
1966    12-   1954+        0.00
1966    13    1953         0.04
1966    14    1952         0.74
1966    15    1951         3.68
1966    16    1950        19.69
1966    17    1949       102.06
1966    18    1948       248.37
1966    19    1947       299.77
1966    20    1946       320.01
1966    21    1945       324.65
1966    22    1944       311.89
1966    23    1943       343.87
1966    24    1942       274.19
1966    25    1941       232.84
1966    26    1940       208.86
1966    27    1939       192.78
1966    28    1938       184.43
1966    29    1937       155.64
1966    30    1936       168.37
1966    31    1935       170.43
1966    32    1934       155.81
1966    33    1933       129.39
1966    34    1932       124.67
1966    35    1931       125.25
1966    36    1930       120.74
1966    37    1929       104.77
1966    38    1928        92.47
1966    39    1927        67.08
1966    40    1926        60.53
1966    41    1925        50.69
1966    42    1924        37.65
1966    43    1923        27.68
1966    44    1922        17.92
1966    45    1921         6.07
1966    46    1920         4.68
1966    47    1919         2.29
1966    48    1918         0.39
1966    49    1917         1.34
1966    50    1916         0.27
1966    51    1915         0.00
1966    52    1914         0.00
1966    53    1913         0.00
1966    54    1912         0.00
1966    55+   1911-        0.00
1967    12-   1955+        0.00
1967    13    1954         0.00
1967    14    1953         0.00
1967    15    1952         0.82
1967    16    1951        24.03
1967    17    1950        77.71
1967    18    1949       191.17
1967    19    1948       309.56
1967    20    1947       328.94
1967    21    1946       305.54
1967    22    1945       301.52
1967    23    1944       304.22
1967    24    1943       285.90
1967    25    1942       237.12
1967    26    1941       202.12
1967    27    1940       180.22
1967    28    1939       169.25
1967    29    1938       157.33
1967    30    1937       145.18
1967    31    1936       151.40
1967    32    1935       141.94
1967    33    1934       118.88
1967    34    1933       113.49
1967    35    1932       127.11
1967    36    1931       115.83
1967    37    1930        97.41
1967    38    1929        70.33
1967    39    1928        63.93
1967    40    1927        52.42
1967    41    1926        38.67
1967    42    1925        35.15
1967    43    1924        22.91
1967    44    1923        15.32
1967    45    1922        10.96
1967    46    1921         3.77
1967    47    1920         1.38
1967    48    1919         1.04
1967    49    1918         0.43
1967    50    1917         0.14
1967    51    1916         0.43
1967    52    1915         0.29
1967    53    1914         0.10
1967    54    1913         0.03
1967    55+   1912-        0.00
1968    12-   1956+        0.00
1968    13    1955         0.01
1968    14    1954         0.31
1968    15    1953         3.84
1968    16    1952        26.06
1968    17    1951        94.07
1968    18    1950       176.58
1968    19    1949       263.17
1968    20    1948       317.70
1968    21    1947       330.49
1968    22    1946       321.33
1968    23    1945       281.93
1968    24    1944       258.62
1968    25    1943       254.32
1968    26    1942       202.37
1968    27    1941       179.22
1968    28    1940       160.34
1968    29    1939       148.63
1968    30    1938       132.12
1968    31    1937       123.13
1968    32    1936       133.74
1968    33    1935       116.17
1968    34    1934       101.19
1968    35    1933        92.65
1968    36    1932        90.15
1968    37    1931        79.89
1968    38    1930        84.97
1968    39    1929        71.82
1968    40    1928        54.58
1968    41    1927        42.62
1968    42    1926        32.02
1968    43    1925        22.18
1968    44    1924        13.46
1968    45    1923         8.03
1968    46    1922         4.96
1968    47    1921         1.82
1968    48    1920         2.02
1968    49    1919         0.48
1968    50    1918         0.00
1968    51    1917         0.00
1968    52    1916         0.00
1968    53    1915         0.00
1968    54    1914         0.00
1968    55+   1913-        0.00
1969    12-   1957+        0.00
1969    13    1956         0.06
1969    14    1955         1.49
1969    15    1954         7.61
1969    16    1953        32.05
1969    17    1952        99.17
1969    18    1951       217.59
1969    19    1950       279.36
1969    20    1949       266.73
1969    21    1948       306.77
1969    22    1947       309.75
1969    23    1946       271.13
1969    24    1945       258.48
1969    25    1944       231.18
1969    26    1943       242.62
1969    27    1942       217.20
1969    28    1941       183.13
1969    29    1940       154.85
1969    30    1939       122.08
1969    31    1938       107.24
1969    32    1937       107.72
1969    33    1936       128.00
1969    34    1935       112.34
1969    35    1934        95.62
1969    36    1933        86.56
1969    37    1932        85.14
1969    38    1931        72.07
1969    39    1930        68.52
1969    40    1929        45.69
1969    41    1928        31.77
1969    42    1927        29.42
1969    43    1926        22.87
1969    44    1925        13.94
1969    45    1924         5.56
1969    46    1923         1.80
1969    47    1922         1.07
1969    48    1921         0.41
1969    49    1920         0.00
1969    50    1919         0.13
1969    51    1918         0.44
1969    52    1917         0.31
1969    53    1916         0.10
1969    54    1915         0.03
1969    55+   1914-        0.00
1970    12-   1958+        0.00
1970    13    1957         0.01
1970    14    1956         0.27
1970    15    1955         8.73
1970    16    1954        37.67
1970    17    1953        87.77
1970    18    1952       179.48
1970    19    1951       262.78
1970    20    1950       279.82
1970    21    1949       284.14
1970    22    1948       308.20
1970    23    1947       274.93
1970    24    1946       241.86
1970    25    1945       234.11
1970    26    1944       204.35
1970    27    1943       199.65
1970    28    1942       194.84
1970    29    1941       160.91
1970    30    1940       141.08
1970    31    1939       126.14
1970    32    1938       106.34
1970    33    1937        96.31
1970    34    1936        97.24
1970    35    1935        84.83
1970    36    1934        79.41
1970    37    1933        66.44
1970    38    1932        54.78
1970    39    1931        54.66
1970    40    1930        50.23
1970    41    1929        37.19
1970    42    1928        29.99
1970    43    1927        19.34
1970    44    1926         9.83
1970    45    1925         4.20
1970    46    1924         3.03
1970    47    1923         2.19
1970    48    1922         0.25
1970    49    1921         0.00
1970    50    1920         0.00
1970    51    1919         0.00
1970    52    1918         0.00
1970    53    1917         0.00
1970    54    1916         0.00
1970    55+   1915-        0.00
1971    12-   1959+        0.00
1971    13    1958         0.05
1971    14    1957         1.12
1971    15    1956         5.42
1971    16    1955        30.50
1971    17    1954       110.84
1971    18    1953       190.38
1971    19    1952       235.55
1971    20    1951       303.25
1971    21    1950       306.53
1971    22    1949       301.85
1971    23    1948       329.06
1971    24    1947       295.69
1971    25    1946       251.84
1971    26    1945       257.04
1971    27    1944       222.40
1971    28    1943       206.25
1971    29    1942       176.65
1971    30    1941       146.64
1971    31    1940       130.38
1971    32    1939       105.88
1971    33    1938       108.79
1971    34    1937        95.79
1971    35    1936        87.41
1971    36    1935        79.75
1971    37    1934        61.91
1971    38    1933        52.43
1971    39    1932        51.56
1971    40    1931        41.65
1971    41    1930        31.38
1971    42    1929        22.05
1971    43    1928        16.63
1971    44    1927        12.24
1971    45    1926         4.65
1971    46    1925         0.88
1971    47    1924         2.04
1971    48    1923         0.52
1971    49    1922         0.00
1971    50    1921         0.00
1971    51    1920         0.00
1971    52    1919         0.00
1971    53    1918         0.00
1971    54    1917         0.00
1971    55+   1916-        0.00
1972    12-   1960+        0.00
1972    13    1959         0.01
1972    14    1958         0.28
1972    15    1957         6.64
1972    16    1956        33.57
1972    17    1955        99.88
1972    18    1954       219.34
1972    19    1953       281.35
1972    20    1952       302.19
1972    21    1951       363.15
1972    22    1950       334.97
1972    23    1949       329.45
1972    24    1948       354.53
1972    25    1947       302.36
1972    26    1946       259.01
1972    27    1945       235.47
1972    28    1944       207.39
1972    29    1943       207.39
1972    30    1942       172.41
1972    31    1941       138.50
1972    32    1940       127.91
1972    33    1939       108.45
1972    34    1938        90.87
1972    35    1937        90.03
1972    36    1936        89.84
1972    37    1935        79.86
1972    38    1934        66.77
1972    39    1933        51.33
1972    40    1932        34.08
1972    41    1931        25.34
1972    42    1930        27.29
1972    43    1929        18.14
1972    44    1928         9.40
1972    45    1927         4.77
1972    46    1926         3.57
1972    47    1925         0.45
1972    48    1924         0.00
1972    49    1923         0.00
1972    50    1922         0.00
1972    51    1921         0.00
1972    52    1920         0.00
1972    53    1919         0.00
1972    54    1918         0.00
1972    55+   1917-        0.00
1973    12-   1961+        0.00
1973    13    1960         0.07
1973    14    1959         1.77
1973    15    1958        11.29
1973    16    1957        37.35
1973    17    1956       108.70
1973    18    1955       208.54
1973    19    1954       236.60
1973    20    1953       296.01
1973    21    1952       324.87
1973    22    1951       366.07
1973    23    1950       351.17
1973    24    1949       318.10
1973    25    1948       315.12
1973    26    1947       272.67
1973    27    1946       241.81
1973    28    1945       227.88
1973    29    1944       185.64
1973    30    1943       176.94
1973    31    1942       163.44
1973    32    1941       126.89
1973    33    1940       102.45
1973    34    1939        91.02
1973    35    1938        75.57
1973    36    1937        62.62
1973    37    1936        64.93
1973    38    1935        60.41
1973    39    1934        42.15
1973    40    1933        29.71
1973    41    1932        34.76
1973    42    1931        26.81
1973    43    1930        16.26
1973    44    1929        10.46
1973    45    1928         5.55
1973    46    1927         2.61
1973    47    1926         0.77
1973    48    1925         0.71
1973    49    1924         0.29
1973    50    1923         0.00
1973    51    1922         0.00
1973    52    1921         0.00
1973    53    1920         0.00
1973    54    1919         0.00
1973    55+   1918-        0.00
1974    12-   1962+        0.00
1974    13    1961         0.05
1974    14    1960         1.41
1974    15    1959         8.92
1974    16    1958        37.79
1974    17    1957       101.40
1974    18    1956       176.06
1974    19    1955       252.20
1974    20    1954       262.42
1974    21    1953       283.96
1974    22    1952       291.66
1974    23    1951       325.38
1974    24    1950       305.96
1974    25    1949       279.21
1974    26    1948       270.81
1974    27    1947       248.06
1974    28    1946       224.63
1974    29    1945       201.82
1974    30    1944       170.58
1974    31    1943       155.18
1974    32    1942       134.34
1974    33    1941       103.63
1974    34    1940        77.22
1974    35    1939        61.88
1974    36    1938        55.71
1974    37    1937        63.00
1974    38    1936        54.94
1974    39    1935        34.90
1974    40    1934        29.45
1974    41    1933        22.12
1974    42    1932        11.89
1974    43    1931         9.48
1974    44    1930        12.44
1974    45    1929         4.81
1974    46    1928         0.69
1974    47    1927         0.38
1974    48    1926         1.37
1974    49    1925         0.25
1974    50    1924         0.00
1974    51    1923         0.00
1974    52    1922         0.00
1974    53    1921         0.00
1974    54    1920         0.00
1974    55+   1919-        0.00
1975    12-   1963+        0.00
1975    13    1962         0.04
1975    14    1961         0.97
1975    15    1960         8.08
1975    16    1959        36.87
1975    17    1958       107.50
1975    18    1957       181.04
1975    19    1956       231.34
1975    20    1955       291.11
1975    21    1954       293.13
1975    22    1953       297.85
1975    23    1952       304.32
1975    24    1951       338.27
1975    25    1950       308.56
1975    26    1949       270.84
1975    27    1948       265.18
1975    28    1947       223.03
1975    29    1946       183.67
1975    30    1945       163.93
1975    31    1944       143.52
1975    32    1943       142.86
1975    33    1942       112.04
1975    34    1941        92.83
1975    35    1940        82.78
1975    36    1939        58.23
1975    37    1938        54.17
1975    38    1937        50.79
1975    39    1936        43.29
1975    40    1935        29.98
1975    41    1934        19.84
1975    42    1933        19.10
1975    43    1932        11.93
1975    44    1931         8.09
1975    45    1930         6.90
1975    46    1929         0.92
1975    47    1928         0.71
1975    48    1927         0.29
1975    49    1926         0.00
1975    50    1925         0.00
1975    51    1924         0.00
1975    52    1923         0.00
1975    53    1922         0.00
1975    54    1921         0.00
1975    55+   1920-        0.00
1976    12-   1964+        0.00
1976    13    1963         0.00
1976    14    1962         0.00
1976    15    1961         1.96
1976    16    1960        40.89
1976    17    1959        85.34
1976    18    1958       168.77
1976    19    1957       234.57
1976    20    1956       274.12
1976    21    1955       324.33
1976    22    1954       315.99
1976    23    1953       307.63
1976    24    1952       284.51
1976    25    1951       291.61
1976    26    1950       260.18
1976    27    1949       246.02
1976    28    1948       239.20
1976    29    1947       190.86
1976    30    1946       167.93
1976    31    1945       165.64
1976    32    1944       130.67
1976    33    1943       107.77
1976    34    1942       102.32
1976    35    1941        73.51
1976    36    1940        55.55
1976    37    1939        52.25
1976    38    1938        40.16
1976    39    1937        34.09
1976    40    1936        30.84
1976    41    1935        22.32
1976    42    1934        15.76
1976    43    1933        11.24
1976    44    1932         8.70
1976    45    1931         5.57
1976    46    1930         0.70
1976    47    1929         0.00
1976    48    1928         0.00
1976    49    1927         0.00
1976    50    1926         0.00
1976    51    1925         0.00
1976    52    1924         0.00
1976    53    1923         0.00
1976    54    1922         0.00
1976    55+   1921-        0.00
1977    12-   1965+        0.00
1977    13    1964         0.01
1977    14    1963         0.31
1977    15    1962         4.46
1977    16    1961        29.27
1977    17    1960        97.57
1977    18    1959       160.30
1977    19    1958       203.23
1977    20    1957       246.59
1977    21    1956       267.50
1977    22    1955       283.85
1977    23    1954       291.84
1977    24    1953       279.63
1977    25    1952       252.56
1977    26    1951       268.56
1977    27    1950       226.17
1977    28    1949       217.97
1977    29    1948       191.92
1977    30    1947       147.03
1977    31    1946       133.61
1977    32    1945       128.21
1977    33    1944       102.09
1977    34    1943        97.03
1977    35    1942        96.19
1977    36    1941        70.68
1977    37    1940        47.50
1977    38    1939        36.11
1977    39    1938        31.15
1977    40    1937        25.60
1977    41    1936        22.11
1977    42    1935        16.22
1977    43    1934         8.38
1977    44    1933         4.87
1977    45    1932         4.03
1977    46    1931         2.96
1977    47    1930         0.49
1977    48    1929         0.00
1977    49    1928         0.00
1977    50    1927         0.00
1977    51    1926         0.00
1977    52    1925         0.00
1977    53    1924         0.00
1977    54    1923         0.00
1977    55+   1922-        0.00
1978    12-   1966+        0.00
1978    13    1965         0.09
1978    14    1964         2.00
1978    15    1963         7.19
1978    16    1962        28.98
1978    17    1961        99.35
1978    18    1960       164.57
1978    19    1959       205.43
1978    20    1958       242.57
1978    21    1957       277.77
1978    22    1956       307.72
1978    23    1955       304.31
1978    24    1954       286.53
1978    25    1953       292.46
1978    26    1952       258.44
1978    27    1951       258.30
1978    28    1950       220.86
1978    29    1949       196.35
1978    30    1948       183.85
1978    31    1947       151.18
1978    32    1946       130.51
1978    33    1945       116.11
1978    34    1944        91.78
1978    35    1943        85.70
1978    36    1942        67.62
1978    37    1941        48.45
1978    38    1940        40.32
1978    39    1939        27.28
1978    40    1938        20.36
1978    41    1937        19.53
1978    42    1936        12.66
1978    43    1935         3.23
1978    44    1934         2.77
1978    45    1933         4.89
1978    46    1932         2.62
1978    47    1931         0.22
1978    48    1930         0.00
1978    49    1929         0.00
1978    50    1928         0.00
1978    51    1927         0.00
1978    52    1926         0.00
1978    53    1925         0.00
1978    54    1924         0.00
1978    55+   1923-        0.00
1979    12-   1967+        0.00
1979    13    1966         0.01
1979    14    1965         0.30
1979    15    1964         4.87
1979    16    1963        28.29
1979    17    1962        75.98
1979    18    1961       136.60
1979    19    1960       221.02
1979    20    1959       269.20
1979    21    1958       303.79
1979    22    1957       318.58
1979    23    1956       309.38
1979    24    1955       330.60
1979    25    1954       302.60
1979    26    1953       282.30
1979    27    1952       238.61
1979    28    1951       238.90
1979    29    1950       234.23
1979    30    1949       211.11
1979    31    1948       188.59
1979    32    1947       158.13
1979    33    1946       125.46
1979    34    1945       122.27
1979    35    1944       100.65
1979    36    1943        83.82
1979    37    1942        59.27
1979    38    1941        42.63
1979    39    1940        31.65
1979    40    1939        20.23
1979    41    1938        13.68
1979    42    1937         8.33
1979    43    1936         7.06
1979    44    1935         1.86
1979    45    1934         0.39
1979    46    1933         1.48
1979    47    1932         2.66
1979    48    1931         0.47
1979    49    1930         0.00
1979    50    1929         0.00
1979    51    1928         0.00
1979    52    1927         0.00
1979    53    1926         0.00
1979    54    1925         0.00
1979    55+   1924-        0.00
1980    12-   1968+        0.00
1980    13    1967         0.06
1980    14    1966         1.20
1980    15    1965         4.15
1980    16    1964        28.88
1980    17    1963       100.83
1980    18    1962       145.58
1980    19    1961       209.63
1980    20    1960       272.43
1980    21    1959       292.50
1980    22    1958       307.85
1980    23    1957       314.11
1980    24    1956       303.70
1980    25    1955       291.47
1980    26    1954       276.17
1980    27    1953       255.08
1980    28    1952       235.59
1980    29    1951       249.18
1980    30    1950       228.15
1980    31    1949       189.57
1980    32    1948       161.06
1980    33    1947       140.63
1980    34    1946       114.89
1980    35    1945       103.83
1980    36    1944        83.57
1980    37    1943        69.49
1980    38    1942        53.56
1980    39    1941        35.48
1980    40    1940        25.49
1980    41    1939        15.97
1980    42    1938         7.57
1980    43    1937         4.45
1980    44    1936         2.90
1980    45    1935         2.52
1980    46    1934         0.47
1980    47    1933         0.00
1980    48    1932         0.00
1980    49    1931         0.00
1980    50    1930         0.00
1980    51    1929         0.00
1980    52    1928         0.00
1980    53    1927         0.00
1980    54    1926         0.00
1980    55+   1925-        0.00
1981    12-   1969+        0.00
1981    13    1968         0.02
1981    14    1967         0.63
1981    15    1966         5.78
1981    16    1965        29.51
1981    17    1964        78.97
1981    18    1963       130.13
1981    19    1962       191.71
1981    20    1961       229.13
1981    21    1960       297.63
1981    22    1959       299.96
1981    23    1958       284.84
1981    24    1957       292.47
1981    25    1956       285.67
1981    26    1955       277.96
1981    27    1954       262.56
1981    28    1953       257.31
1981    29    1952       215.70
1981    30    1951       203.00
1981    31    1950       184.37
1981    32    1949       162.59
1981    33    1948       136.48
1981    34    1947       118.38
1981    35    1946        97.55
1981    36    1945        85.99
1981    37    1944        69.88
1981    38    1943        57.84
1981    39    1942        36.06
1981    40    1941        16.75
1981    41    1940        11.25
1981    42    1939        10.68
1981    43    1938         8.04
1981    44    1937         3.26
1981    45    1936         1.54
1981    46    1935         0.36
1981    47    1934         0.72
1981    48    1933         0.28
1981    49    1932         0.00
1981    50    1931         0.00
1981    51    1930         0.00
1981    52    1929         0.00
1981    53    1928         0.00
1981    54    1927         0.00
1981    55+   1926-        0.00
1982    12-   1970+        0.00
1982    13    1969         0.01
1982    14    1968         0.29
1982    15    1967         5.61
1982    16    1966        24.71
1982    17    1965        56.73
1982    18    1964       134.09
1982    19    1963       202.32
1982    20    1962       250.19
1982    21    1961       270.26
1982    22    1960       301.37
1982    23    1959       310.37
1982    24    1958       312.76
1982    25    1957       294.46
1982    26    1956       284.99
1982    27    1955       280.74
1982    28    1954       242.63
1982    29    1953       212.39
1982    30    1952       194.77
1982    31    1951       186.64
1982    32    1950       154.56
1982    33    1949       131.53
1982    34    1948       113.95
1982    35    1947        94.29
1982    36    1946        63.41
1982    37    1945        58.46
1982    38    1944        51.04
1982    39    1943        31.83
1982    40    1942        27.36
1982    41    1941        21.02
1982    42    1940        10.00
1982    43    1939         6.28
1982    44    1938         5.19
1982    45    1937         2.53
1982    46    1936         0.23
1982    47    1935         0.00
1982    48    1934         0.00
1982    49    1933         0.00
1982    50    1932         0.00
1982    51    1931         0.00
1982    52    1930         0.00
1982    53    1929         0.00
1982    54    1928         0.00
1982    55+   1927-        0.00
1983    12-   1971+        0.00
1983    13    1970         0.01
1983    14    1969         0.35
1983    15    1968         2.74
1983    16    1967        18.32
1983    17    1966        55.10
1983    18    1965       101.04
1983    19    1964       173.26
1983    20    1963       220.66
1983    21    1962       283.87
1983    22    1961       300.47
1983    23    1960       327.65
1983    24    1959       298.90
1983    25    1958       286.77
1983    26    1957       293.20
1983    27    1956       281.18
1983    28    1955       271.22
1983    29    1954       233.15
1983    30    1953       214.73
1983    31    1952       174.95
1983    32    1951       155.50
1983    33    1950       141.88
1983    34    1949       133.84
1983    35    1948       109.37
1983    36    1947        67.68
1983    37    1946        53.23
1983    38    1945        51.67
1983    39    1944        39.55
1983    40    1943        37.42
1983    41    1942        24.67
1983    42    1941         6.65
1983    43    1940         3.30
1983    44    1939         5.93
1983    45    1938         1.73
1983    46    1937         0.00
1983    47    1936         0.72
1983    48    1935         0.28
1983    49    1934         0.00
1983    50    1933         0.00
1983    51    1932         0.00
1983    52    1931         0.00
1983    53    1930         0.00
1983    54    1929         0.00
1983    55+   1928-        0.00
1984    12-   1972+        0.00
1984    13    1971         0.02
1984    14    1970         0.35
1984    15    1969         2.23
1984    16    1968        13.09
1984    17    1967        49.97
1984    18    1966       103.60
1984    19    1965       149.03
1984    20    1964       190.90
1984    21    1963       242.32
1984    22    1962       280.56
1984    23    1961       270.66
1984    24    1960       296.15
1984    25    1959       297.28
1984    26    1958       282.32
1984    27    1957       263.14
1984    28    1956       242.46
1984    29    1955       224.50
1984    30    1954       191.64
1984    31    1953       176.72
1984    32    1952       151.40
1984    33    1951       162.15
1984    34    1950       130.35
1984    35    1949        96.72
1984    36    1948        88.37
1984    37    1947        68.85
1984    38    1946        44.73
1984    39    1945        34.63
1984    40    1944        25.20
1984    41    1943        17.53
1984    42    1942         9.57
1984    43    1941         4.22
1984    44    1940         2.13
1984    45    1939         0.22
1984    46    1938         0.00
1984    47    1937         0.00
1984    48    1936         0.00
1984    49    1935         0.00
1984    50    1934         0.00
1984    51    1933         0.00
1984    52    1932         0.00
1984    53    1931         0.00
1984    54    1930         0.00
1984    55+   1929-        0.00
1985    12-   1973+        0.00
1985    13    1972         0.01
1985    14    1971         0.32
1985    15    1970         3.83
1985    16    1969        16.55
1985    17    1968        40.67
1985    18    1967        88.37
1985    19    1966       132.35
1985    20    1965       161.68
1985    21    1964       225.30
1985    22    1963       252.93
1985    23    1962       251.14
1985    24    1961       260.09
1985    25    1960       282.09
1985    26    1959       275.10
1985    27    1958       256.84
1985    28    1957       232.37
1985    29    1956       209.37
1985    30    1955       202.12
1985    31    1954       176.17
1985    32    1953       142.37
1985    33    1952       135.92
1985    34    1951       128.51
1985    35    1950        95.72
1985    36    1949        86.77
1985    37    1948        71.89
1985    38    1947        49.82
1985    39    1946        27.18
1985    40    1945        16.86
1985    41    1944        14.54
1985    42    1943         9.34
1985    43    1942         6.03
1985    44    1941         1.74
1985    45    1940         1.51
1985    46    1939         0.49
1985    47    1938         0.00
1985    48    1937         0.00
1985    49    1936         0.00
1985    50    1935         0.00
1985    51    1934         0.00
1985    52    1933         0.00
1985    53    1932         0.00
1985    54    1931         0.00
1985    55+   1930-        0.00
1986    12-   1974+        0.00
1986    13    1973         0.01
1986    14    1972         0.33
1986    15    1971         4.44
1986    16    1970        14.90
1986    17    1969        35.66
1986    18    1968        71.55
1986    19    1967       113.97
1986    20    1966       162.21
1986    21    1965       192.58
1986    22    1964       234.25
1986    23    1963       262.16
1986    24    1962       283.77
1986    25    1961       277.83
1986    26    1960       282.10
1986    27    1959       255.30
1986    28    1958       251.46
1986    29    1957       240.94
1986    30    1956       204.62
1986    31    1955       189.33
1986    32    1954       169.17
1986    33    1953       146.12
1986    34    1952       110.76
1986    35    1951        99.24
1986    36    1950        85.92
1986    37    1949        62.13
1986    38    1948        45.75
1986    39    1947        29.04
1986    40    1946        16.02
1986    41    1945        14.48
1986    42    1944        11.28
1986    43    1943         5.80
1986    44    1942         4.23
1986    45    1941         2.17
1986    46    1940         1.25
1986    47    1939         0.23
1986    48    1938         0.00
1986    49    1937         0.00
1986    50    1936         0.00
1986    51    1935         0.00
1986    52    1934         0.00
1986    53    1933         0.00
1986    54    1932         0.00
1986    55+   1931-        0.00
1987    12-   1975+        0.00
1987    13    1974         0.02
1987    14    1973         0.36
1987    15    1972         2.27
1987    16    1971        11.94
1987    17    1970        35.98
1987    18    1969        70.16
1987    19    1968       105.52
1987    20    1967       163.16
1987    21    1966       231.40
1987    22    1965       238.58
1987    23    1964       280.07
1987    24    1963       304.67
1987    25    1962       284.57
1987    26    1961       267.11
1987    27    1960       284.49
1987    28    1959       258.47
1987    29    1958       243.26
1987    30    1957       225.46
1987    31    1956       217.55
1987    32    1955       197.95
1987    33    1954       160.81
1987    34    1953       149.68
1987    35    1952       122.65
1987    36    1951       102.18
1987    37    1950        62.95
1987    38    1949        50.57
1987    39    1948        44.77
1987    40    1947        28.07
1987    41    1946        21.36
1987    42    1945        15.52
1987    43    1944         6.10
1987    44    1943         2.35
1987    45    1942         2.58
1987    46    1941         0.43
1987    47    1940         0.00
1987    48    1939         0.00
1987    49    1938         0.00
1987    50    1937         0.00
1987    51    1936         0.00
1987    52    1935         0.00
1987    53    1934         0.00
1987    54    1933         0.00
1987    55+   1932-        0.00
1988    12-   1976+        0.00
1988    13    1975         0.01
1988    14    1974         0.32
1988    15    1973         3.58
1988    16    1972        17.68
1988    17    1971        38.93
1988    18    1970        73.73
1988    19    1969       125.23
1988    20    1968       158.93
1988    21    1967       219.23
1988    22    1966       264.97
1988    23    1965       289.84
1988    24    1964       294.39
1988    25    1963       289.04
1988    26    1962       317.28
1988    27    1961       315.35
1988    28    1960       328.74
1988    29    1959       300.04
1988    30    1958       275.60
1988    31    1957       259.61
1988    32    1956       251.65
1988    33    1955       192.07
1988    34    1954       144.51
1988    35    1953       135.57
1988    36    1952       104.03
1988    37    1951        79.84
1988    38    1950        64.48
1988    39    1949        51.44
1988    40    1948        30.99
1988    41    1947        20.17
1988    42    1946        13.34
1988    43    1945         6.47
1988    44    1944         5.02
1988    45    1943         0.92
1988    46    1942         0.00
1988    47    1941         0.00
1988    48    1940         0.00
1988    49    1939         0.00
1988    50    1938         0.00
1988    51    1937         0.00
1988    52    1936         0.00
1988    53    1935         0.00
1988    54    1934         0.00
1988    55+   1933-        0.00
1989    12-   1977+        0.00
1989    13    1976         0.02
1989    14    1975         0.37
1989    15    1974         2.17
1989    16    1973         9.08
1989    17    1972        36.17
1989    18    1971        78.18
1989    19    1970       107.76
1989    20    1969       142.39
1989    21    1968       185.80
1989    22    1967       238.62
1989    23    1966       266.75
1989    24    1965       293.42
1989    25    1964       324.10
1989    26    1963       328.81
1989    27    1962       301.46
1989    28    1961       265.80
1989    29    1960       289.87
1989    30    1959       285.40
1989    31    1958       254.94
1989    32    1957       231.32
1989    33    1956       204.63
1989    34    1955       155.98
1989    35    1954       134.69
1989    36    1953       123.32
1989    37    1952        89.44
1989    38    1951        63.13
1989    39    1950        47.85
1989    40    1949        44.84
1989    41    1948        27.72
1989    42    1947        14.44
1989    43    1946         6.19
1989    44    1945         2.34
1989    45    1944         2.51
1989    46    1943         0.49
1989    47    1942         0.00
1989    48    1941         0.00
1989    49    1940         0.00
1989    50    1939         0.00
1989    51    1938         0.00
1989    52    1937         0.00
1989    53    1936         0.00
1989    54    1935         0.00
1989    55+   1934-        0.00
1990    12-   1978+        0.00
1990    13    1977         0.00
1990    14    1976         0.00
1990    15    1975         0.00
1990    16    1974        10.00
1990    17    1973        43.00
1990    18    1972        89.00
1990    19    1971       114.00
1990    20    1970       134.00
1990    21    1969       211.00
1990    22    1968       220.00
1990    23    1967       254.00
1990    24    1966       312.00
1990    25    1965       296.00
1990    26    1964       351.00
1990    27    1963       313.00
1990    28    1962       313.00
1990    29    1961       289.00
1990    30    1960       291.00
1990    31    1959       260.00
1990    32    1958       247.00
1990    33    1957       220.00
1990    34    1956       203.00
1990    35    1955       145.00
1990    36    1954       127.00
1990    37    1953       100.00
1990    38    1952        72.00
1990    39    1951        73.00
1990    40    1950        36.00
1990    41    1949        14.00
1990    42    1948        18.00
1990    43    1947         8.00
1990    44    1946         3.00
1990    45    1945         2.00
1990    46    1944         0.00
1990    47    1943         0.00
1990    48    1942         0.00
1990    49    1941         0.00
1990    50    1940         0.00
1990    51    1939         0.00
1990    52    1938         0.00
1990    53    1937         0.00
1990    54    1936         0.00
1990    55+   1935-        0.00
1991    12-   1979+        0.00
1991    13    1978         0.00
1991    14    1977         0.00
1991    15    1976         2.00
1991    16    1975         7.00
1991    17    1974        35.00
1991    18    1973        88.00
1991    19    1972       102.00
1991    20    1971       132.00
1991    21    1970       164.00
1991    22    1969       185.00
1991    23    1968       209.00
1991    24    1967       254.00
1991    25    1966       290.00
1991    26    1965       306.00
1991    27    1964       350.00
1991    28    1963       305.00
1991    29    1962       281.00
1991    30    1961       241.00
1991    31    1960       261.00
1991    32    1959       221.00
1991    33    1958       224.00
1991    34    1957       190.00
1991    35    1956       174.00
1991    36    1955       140.00
1991    37    1954       115.00
1991    38    1953        85.00
1991    39    1952        64.00
1991    40    1951        38.00
1991    41    1950        27.00
1991    42    1949        24.00
1991    43    1948        12.00
1991    44    1947         6.00
1991    45    1946         1.00
1991    46    1945         0.00
1991    47    1944         0.00
1991    48    1943         0.00
1991    49    1942         0.00
1991    50    1941         0.00
1991    51    1940         0.00
1991    52    1939         0.00
1991    53    1938         0.00
1991    54    1937         0.00
1991    55+   1936-        0.00
1992    12-   1980+        0.00
1992    13    1979         0.00
1992    14    1978         1.00
1992    15    1977         2.00
1992    16    1976         9.00
1992    17    1975        31.00
1992    18    1974        82.00
1992    19    1973       106.00
1992    20    1972       123.00
1992    21    1971       161.00
1992    22    1970       198.00
1992    23    1969       224.00
1992    24    1968       237.00
1992    25    1967       296.00
1992    26    1966       298.00
1992    27    1965       312.00
1992    28    1964       302.00
1992    29    1963       342.00
1992    30    1962       270.00
1992    31    1961       272.00
1992    32    1960       222.00
1992    33    1959       218.00
1992    34    1958       211.00
1992    35    1957       164.00
1992    36    1956       157.00
1992    37    1955       114.00
1992    38    1954        89.00
1992    39    1953        63.00
1992    40    1952        35.00
1992    41    1951        29.00
1992    42    1950        22.00
1992    43    1949        10.00
1992    44    1948         5.00
1992    45    1947         3.00
1992    46    1946         0.00
1992    47    1945         1.00
1992    48    1944         0.00
1992    49    1943         0.00
1992    50    1942         0.00
1992    51    1941         0.00
1992    52    1940         0.00
1992    53    1939         0.00
1992    54    1938         0.00
1992    55+   1937-        0.00
1993    12-   1981+        0.00
1993    13    1980         0.00
1993    14    1979         1.00
1993    15    1978         0.00
1993    16    1977        13.00
1993    17    1976        17.00
1993    18    1975        57.00
1993    19    1974        93.00
1993    20    1973       133.00
1993    21    1972       191.00
1993    22    1971       196.00
1993    23    1970       215.00
1993    24    1969       256.00
1993    25    1968       266.00
1993    26    1967       286.00
1993    27    1966       339.00
1993    28    1965       322.00
1993    29    1964       311.00
1993    30    1963       288.00
1993    31    1962       264.00
1993    32    1961       229.00
1993    33    1960       208.00
1993    34    1959       219.00
1993    35    1958       163.00
1993    36    1957       160.00
1993    37    1956       119.00
1993    38    1955        91.00
1993    39    1954        61.00
1993    40    1953        47.00
1993    41    1952        36.00
1993    42    1951        18.00
1993    43    1950        16.00
1993    44    1949         5.00
1993    45    1948         2.00
1993    46    1947         1.00
1993    47    1946         0.00
1993    48    1945         0.00
1993    49    1944         0.00
1993    50    1943         0.00
1993    51    1942         0.00
1993    52    1941         0.00
1993    53    1940         0.00
1993    54    1939         0.00
1993    55+   1938-        0.00
1994    12-   1982+        0.00
1994    13    1981         0.00
1994    14    1980         0.00
1994    15    1979         2.00
1994    16    1978         7.00
1994    17    1977        25.00
1994    18    1976        63.00
1994    19    1975        90.00
1994    20    1974       124.00
1994    21    1973       159.00
1994    22    1972       221.00
1994    23    1971       209.00
1994    24    1970       227.00
1994    25    1969       249.00
1994    26    1968       267.00
1994    27    1967       299.00
1994    28    1966       303.00
1994    29    1965       287.00
1994    30    1964       272.00
1994    31    1963       298.00
1994    32    1962       222.00
1994    33    1961       201.00
1994    34    1960       189.00
1994    35    1959       174.00
1994    36    1958       170.00
1994    37    1957       115.00
1994    38    1956        76.00
1994    39    1955        76.00
1994    40    1954        52.00
1994    41    1953        32.00
1994    42    1952        18.00
1994    43    1951        11.00
1994    44    1950         3.00
1994    45    1949         0.00
1994    46    1948         1.00
1994    47    1947         0.00
1994    48    1946         0.00
1994    49    1945         0.00
1994    50    1944         0.00
1994    51    1943         0.00
1994    52    1942         0.00
1994    53    1941         0.00
1994    54    1940         0.00
1994    55+   1939-        0.00
1995    12-   1983+        0.00
1995    13    1982         0.00
1995    14    1981         0.00
1995    15    1980         1.00
1995    16    1979         5.00
1995    17    1978        33.00
1995    18    1977        58.00
1995    19    1976        83.00
1995    20    1975       122.00
1995    21    1974       169.00
1995    22    1973       193.00
1995    23    1972       219.00
1995    24    1971       208.00
1995    25    1970       225.00
1995    26    1969       240.00
1995    27    1968       245.00
1995    28    1967       281.00
1995    29    1966       281.00
1995    30    1965       283.00
1995    31    1964       283.00
1995    32    1963       246.00
1995    33    1962       223.00
1995    34    1961       194.00
1995    35    1960       168.00
1995    36    1959       149.00
1995    37    1958       116.00
1995    38    1957        84.00
1995    39    1956        62.00
1995    40    1955        42.00
1995    41    1954        37.00
1995    42    1953        13.00
1995    43    1952         8.00
1995    44    1951         3.00
1995    45    1950         4.00
1995    46    1949         1.00
1995    47    1948         1.00
1995    48    1947         0.00
1995    49    1946         0.00
1995    50    1945         0.00
1995    51    1944         0.00
1995    52    1943         0.00
1995    53    1942         0.00
1995    54    1941         0.00
1995    55+   1940-        0.00
1996    12-   1984+        0.00
1996    13    1983         0.00
1996    14    1982         0.00
1996    15    1981         1.00
1996    16    1980         9.00
1996    17    1979        22.00
1996    18    1978        54.00
1996    19    1977        84.00
1996    20    1976       116.00
1996    21    1975       153.00
1996    22    1974       177.00
1996    23    1973       215.00
1996    24    1972       244.00
1996    25    1971       228.00
1996    26    1970       228.00
1996    27    1969       295.00
1996    28    1968       257.00
1996    29    1967       280.00
1996    30    1966       277.00
1996    31    1965       249.00
1996    32    1964       265.00
1996    33    1963       231.00
1996    34    1962       200.00
1996    35    1961       175.00
1996    36    1960       153.00
1996    37    1959       141.00
1996    38    1958        93.00
1996    39    1957        71.00
1996    40    1956        51.00
1996    41    1955        13.00
1996    42    1954        22.00
1996    43    1953        18.00
1996    44    1952         4.00
1996    45    1951         1.00
1996    46    1950         2.00
1996    47    1949         0.00
1996    48    1948         0.00
1996    49    1947         0.00
1996    50    1946         0.00
1996    51    1945         0.00
1996    52    1944         0.00
1996    53    1943         0.00
1996    54    1942         0.00
1996    55+   1941-        0.00
1997    12-   1985+        0.00
1997    13    1984         0.00
1997    14    1983         0.00
1997    15    1982         1.00
1997    16    1981         6.00
1997    17    1980        28.00
1997    18    1979        71.00
1997    19    1978        98.00
1997    20    1977       112.00
1997    21    1976       162.00
1997    22    1975       181.00
1997    23    1974       191.00
1997    24    1973       213.00
1997    25    1972       283.00
1997    26    1971       225.00
1997    27    1970       246.00
1997    28    1969       250.00
1997    29    1968       232.00
1997    30    1967       265.00
1997    31    1966       274.00
1997    32    1965       220.00
1997    33    1964       215.00
1997    34    1963       180.00
1997    35    1962       182.00
1997    36    1961       129.00
1997    37    1960       109.00
1997    38    1959        84.00
1997    39    1958        69.00
1997    40    1957        47.00
1997    41    1956        31.00
1997    42    1955        25.00
1997    43    1954        15.00
1997    44    1953         3.00
1997    45    1952         4.00
1997    46    1951         0.00
1997    47    1950         0.00
1997    48    1949         0.00
1997    49    1948         0.00
1997    50    1947         0.00
1997    51    1946         0.00
1997    52    1945         0.00
1997    53    1944         0.00
1997    54    1943         0.00
1997    55+   1942-        0.00
1998    12-   1986+        0.00
1998    13    1985         0.00
1998    14    1984         0.00
1998    15    1983         0.00
1998    16    1982        10.00
1998    17    1981        34.00
1998    18    1980        81.00
1998    19    1979        92.00
1998    20    1978       100.00
1998    21    1977       155.00
1998    22    1976       158.00
1998    23    1975       181.00
1998    24    1974       227.00
1998    25    1973       247.00
1998    26    1972       272.00
1998    27    1971       255.00
1998    28    1970       264.00
1998    29    1969       273.00
1998    30    1968       213.00
1998    31    1967       240.00
1998    32    1966       244.00
1998    33    1965       207.00
1998    34    1964       208.00
1998    35    1963       170.00
1998    36    1962       111.00
1998    37    1961       125.00
1998    38    1960       105.00
1998    39    1959        66.00
1998    40    1958        55.00
1998    41    1957        33.00
1998    42    1956        18.00
1998    43    1955        24.00
1998    44    1954         7.00
1998    45    1953         2.00
1998    46    1952         0.00
1998    47    1951         1.00
1998    48    1950         0.00
1998    49    1949         0.00
1998    50    1948         0.00
1998    51    1947         0.00
1998    52    1946         0.00
1998    53    1945         0.00
1998    54    1944         0.00
1998    55+   1943-        0.00
1999    12-   1987+        0.00
1999    13    1986         0.00
1999    14    1985         0.00
1999    15    1984         0.00
1999    16    1983        12.00
1999    17    1982        23.00
1999    18    1981        72.00
1999    19    1980        98.00
1999    20    1979       133.00
1999    21    1978       156.00
1999    22    1977       148.00
1999    23    1976       191.00
1999    24    1975       226.00
1999    25    1974       222.00
1999    26    1973       248.00
1999    27    1972       291.00
1999    28    1971       237.00
1999    29    1970       232.00
1999    30    1969       237.00
1999    31    1968       240.00
1999    32    1967       217.00
1999    33    1966       197.00
1999    34    1965       184.00
1999    35    1964       188.00
1999    36    1963       135.00
1999    37    1962       135.00
1999    38    1961       110.00
1999    39    1960        58.00
1999    40    1959        47.00
1999    41    1958        27.00
1999    42    1957        16.00
1999    43    1956        11.00
1999    44    1955         6.00
1999    45    1954         3.00
1999    46    1953         0.00
1999    47    1952         0.00
1999    48    1951         0.00
1999    49    1950         0.00
1999    50    1949         0.00
1999    51    1948         0.00
1999    52    1947         0.00
1999    53    1946         0.00
1999    54    1945         0.00
1999    55+   1944-        0.00
2000    12-   1988+        0.00
2000    13    1987         0.00
2000    14    1986         0.00
2000    15    1985         1.00
2000    16    1984         4.00
2000    17    1983        24.00
2000    18    1982        60.00
2000    19    1981        96.00
2000    20    1980       132.00
2000    21    1979       158.00
2000    22    1978       174.00
2000    23    1977       193.00
2000    24    1976       216.00
2000    25    1975       238.00
2000    26    1974       244.00
2000    27    1973       298.00
2000    28    1972       280.00
2000    29    1971       304.00
2000    30    1970       228.00
2000    31    1969       255.00
2000    32    1968       229.00
2000    33    1967       213.00
2000    34    1966       214.00
2000    35    1965       189.00
2000    36    1964       156.00
2000    37    1963       128.00
2000    38    1962        76.00
2000    39    1961        63.00
2000    40    1960        51.00
2000    41    1959        46.00
2000    42    1958        20.00
2000    43    1957        11.00
2000    44    1956         8.00
2000    45    1955         3.00
2000    46    1954         1.00
2000    47    1953         2.00
2000    48    1952         0.00
2000    49    1951         0.00
2000    50    1950         0.00
2000    51    1949         0.00
2000    52    1948         0.00
2000    53    1947         0.00
2000    54    1946         0.00
2000    55+   1945-        0.00
2001    12-   1989+        0.00
2001    13    1988         0.00
2001    14    1987         0.00
2001    15    1986         1.00
2001    16    1985         5.00
2001    17    1984        21.00
2001    18    1983        48.00
2001    19    1982        90.00
2001    20    1981       111.00
2001    21    1980       142.00
2001    22    1979       166.00
2001    23    1978       188.00
2001    24    1977       169.00
2001    25    1976       251.00
2001    26    1975       266.00
2001    27    1974       231.00
2001    28    1973       283.00
2001    29    1972       318.00
2001    30    1971       243.00
2001    31    1970       210.00
2001    32    1969       180.00
2001    33    1968       196.00
2001    34    1967       202.00
2001    35    1966       169.00
2001    36    1965       163.00
2001    37    1964       146.00
2001    38    1963        91.00
2001    39    1962        67.00
2001    40    1961        48.00
2001    41    1960        36.00
2001    42    1959        19.00
2001    43    1958        17.00
2001    44    1957         7.00
2001    45    1956         5.00
2001    46    1955         0.00
2001    47    1954         1.00
2001    48    1953         1.00
2001    49    1952         0.00
2001    50    1951         0.00
2001    51    1950         0.00
2001    52    1949         0.00
2001    53    1948         0.00
2001    54    1947         0.00
2001    55+   1946-        0.00
2002    12-   1990+        0.00
2002    13    1989         0.00
2002    14    1988         0.00
2002    15    1987         1.00
2002    16    1986         4.00
2002    17    1985        22.00
2002    18    1984        41.00
2002    19    1983        65.00
2002    20    1982       114.00
2002    21    1981       127.00
2002    22    1980       154.00
2002    23    1979       197.00
2002    24    1978       186.00
2002    25    1977       212.00
2002    26    1976       220.00
2002    27    1975       255.00
2002    28    1974       261.00
2002    29    1973       295.00
2002    30    1972       260.00
2002    31    1971       230.00
2002    32    1970       213.00
2002    33    1969       222.00
2002    34    1968       169.00
2002    35    1967       181.00
2002    36    1966       164.00
2002    37    1965       125.00
2002    38    1964       109.00
2002    39    1963        73.00
2002    40    1962        65.00
2002    41    1961        29.00
2002    42    1960        34.00
2002    43    1959        12.00
2002    44    1958         2.00
2002    45    1957         3.00
2002    46    1956         3.00
2002    47    1955         1.00
2002    48    1954         0.00
2002    49    1953         0.00
2002    50    1952         0.00
2002    51    1951         0.00
2002    52    1950         0.00
2002    53    1949         0.00
2002    54    1948         0.00
2002    55+   1947-        0.00
2003    12-   1991+        0.00
2003    13    1990         0.00
2003    14    1989         0.00
2003    15    1988         0.00
2003    16    1987         3.00
2003    17    1986        15.00
2003    18    1985        43.00
2003    19    1984        56.00
2003    20    1983        97.00
2003    21    1982       125.00
2003    22    1981       129.00
2003    23    1980       205.00
2003    24    1979       200.00
2003    25    1978       244.00
2003    26    1977       224.00
2003    27    1976       279.00
2003    28    1975       278.00
2003    29    1974       288.00
2003    30    1973       269.00
2003    31    1972       317.00
2003    32    1971       236.00
2003    33    1970       204.00
2003    34    1969       199.00
2003    35    1968       166.00
2003    36    1967       127.00
2003    37    1966       118.00
2003    38    1965        84.00
2003    39    1964        81.00
2003    40    1963        54.00
2003    41    1962        44.00
2003    42    1961        27.00
2003    43    1960        26.00
2003    44    1959         3.00
2003    45    1958         0.00
2003    46    1957         1.00
2003    47    1956         0.00
2003    48    1955         1.00
2003    49    1954         0.00
2003    50    1953         0.00
2003    51    1952         0.00
2003    52    1951         0.00
2003    53    1950         0.00
2003    54    1949         0.00
2003    55+   1948-        0.00
2004    12-   1992+        0.00
2004    13    1991         0.00
2004    14    1990         1.00
2004    15    1989         2.00
2004    16    1988         4.00
2004    17    1987         7.00
2004    18    1986        27.00
2004    19    1985        52.00
2004    20    1984        75.00
2004    21    1983       128.00
2004    22    1982       167.00
2004    23    1981       157.00
2004    24    1980       209.00
2004    25    1979       250.00
2004    26    1978       259.00
2004    27    1977       265.00
2004    28    1976       280.00
2004    29    1975       308.00
2004    30    1974       262.00
2004    31    1973       268.00
2004    32    1972       280.00
2004    33    1971       243.00
2004    34    1970       203.00
2004    35    1969       163.00
2004    36    1968       144.00
2004    37    1967       119.00
2004    38    1966       108.00
2004    39    1965        87.00
2004    40    1964        69.00
2004    41    1963        39.00
2004    42    1962        29.00
2004    43    1961        12.00
2004    44    1960        12.00
2004    45    1959         2.00
2004    46    1958         3.00
2004    47    1957         0.00
2004    48    1956         0.00
2004    49    1955         0.00
2004    50    1954         0.00
2004    51    1953         0.00
2004    52    1952         0.00
2004    53    1951         0.00
2004    54    1950         0.00
2004    55+   1949-        0.00
2005    12-   1993+        0.00
2005    13    1992         0.00
2005    14    1991         0.00
2005    15    1990         0.00
2005    16    1989         7.00
2005    17    1988        11.00
2005    18    1987        21.00
2005    19    1986        65.00
2005    20    1985       100.00
2005    21    1984       114.00
2005    22    1983       146.00
2005    23    1982       230.00
2005    24    1981       201.00
2005    25    1980       276.00
2005    26    1979       277.00
2005    27    1978       236.00
2005    28    1977       278.00
2005    29    1976       299.00
2005    30    1975       258.00
2005    31    1974       253.00
2005    32    1973       245.00
2005    33    1972       240.00
2005    34    1971       220.00
2005    35    1970       167.00
2005    36    1969       168.00
2005    37    1968       127.00
2005    38    1967       103.00
2005    39    1966        86.00
2005    40    1965        50.00
2005    41    1964        45.00
2005    42    1963        29.00
2005    43    1962        12.00
2005    44    1961         4.00
2005    45    1960         8.00
2005    46    1959         4.00
2005    47    1958         0.00
2005    48    1957         0.00
2005    49    1956         0.00
2005    50    1955         0.00
2005    51    1954         0.00
2005    52    1953         0.00
2005    53    1952         0.00
2005    54    1951         0.00
2005    55+   1950-        0.00
2006    12-   1994+        0.00
2006    13    1993         0.00
2006    14    1992         0.00
2006    15    1991         1.00
2006    16    1990         1.00
2006    17    1989        12.00
2006    18    1988        46.00
2006    19    1987        52.00
2006    20    1986        91.00
2006    21    1985       141.00
2006    22    1984       155.00
2006    23    1983       173.00
2006    24    1982       216.54
2006    25    1981       226.00
2006    26    1980       266.00
2006    27    1979       305.00
2006    28    1978       307.00
2006    29    1977       273.00
2006    30    1976       271.00
2006    31    1975       307.00
2006    32    1974       235.00
2006    33    1973       263.00
2006    34    1972       227.00
2006    35    1971       206.00
2006    36    1970       164.00
2006    37    1969       119.00
2006    38    1968       108.00
2006    39    1967        85.00
2006    40    1966        65.00
2006    41    1965        46.00
2006    42    1964        27.00
2006    43    1963        11.00
2006    44    1962        10.00
2006    45    1961         4.00
2006    46    1960         1.00
2006    47    1959         1.00
2006    48    1958         0.00
2006    49    1957         0.00
2006    50    1956         0.00
2006    51    1955         0.00
2006    52    1954         0.00
2006    53    1953         0.00
2006    54    1952         0.00
2006    55+   1951-        0.00
2007    12-   1995+        0.00
2007    13    1994         0.00
2007    14    1993         0.00
2007    15    1992         0.00
2007    16    1991         3.00
2007    17    1990        18.00
2007    18    1989        37.00
2007    19    1988        68.00
2007    20    1987        90.00
2007    21    1986       130.00
2007    22    1985       131.00
2007    23    1984       202.00
2007    24    1983       215.00
2007    25    1982       231.46
2007    26    1981       289.00
2007    27    1980       339.00
2007    28    1979       307.00
2007    29    1978       315.00
2007    30    1977       287.00
2007    31    1976       323.00
2007    32    1975       244.00
2007    33    1974       236.00
2007    34    1973       235.00
2007    35    1972       222.00
2007    36    1971       174.00
2007    37    1970       127.00
2007    38    1969       103.00
2007    39    1968        80.00
2007    40    1967        49.00
2007    41    1966        37.00
2007    42    1965        30.00
2007    43    1964        15.00
2007    44    1963        11.00
2007    45    1962         7.00
2007    46    1961         2.00
2007    47    1960         1.00
2007    48    1959         1.00
2007    49    1958         0.00
2007    50    1957         0.00
2007    51    1956         0.00
2007    52    1955         0.00
2007    53    1954         0.00
2007    54    1953         0.00
2007    55+   1952-        1.00
2008    12-   1996+        0.00
2008    13    1995         0.00
2008    14    1994         0.00
2008    15    1993         0.00
2008    16    1992         4.00
2008    17    1991        16.00
2008    18    1990        29.00
2008    19    1989        65.00
2008    20    1988       114.00
2008    21    1987       111.00
2008    22    1986       138.00
2008    23    1985       222.00
2008    24    1984       226.00
2008    25    1983       256.00
2008    26    1982       278.00
2008    27    1981       329.00
2008    28    1980       346.00
2008    29    1979       358.00
2008    30    1978       331.00
2008    31    1977       293.00
2008    32    1976       275.00
2008    33    1975       246.00
2008    34    1974       217.00
2008    35    1973       213.00
2008    36    1972       199.00
2008    37    1971       160.00
2008    38    1970       119.00
2008    39    1969       100.00
2008    40    1968        59.00
2008    41    1967        49.00
2008    42    1966        42.00
2008    43    1965        15.00
2008    44    1964        11.00
2008    45    1963         6.00
2008    46    1962         7.00
2008    47    1961         0.00
2008    48    1960         1.00
2008    49    1959         0.00
2008    50    1958         0.00
2008    51    1957         0.00
2008    52    1956         0.00
2008    53    1955         0.00
2008    54    1954         0.00
2008    55+   1953-        0.00
2009    12-   1997+        0.00
2009    13    1996         0.00
2009    14    1995         0.00
2009    15    1994         1.00
2009    16    1993         4.00
2009    17    1992        16.00
2009    18    1991        34.00
2009    19    1990        67.00
2009    20    1989        96.00
2009    21    1988       132.00
2009    22    1987       136.00
2009    23    1986       182.00
2009    24    1985       229.00
2009    25    1984       262.00
2009    26    1983       307.00
2009    27    1982       344.00
2009    28    1981       344.00
2009    29    1980       376.00
2009    30    1979       377.00
2009    31    1978       299.00
2009    32    1977       276.00
2009    33    1976       297.00
2009    34    1975       243.00
2009    35    1974       213.00
2009    36    1973       194.00
2009    37    1972       155.00
2009    38    1971       152.00
2009    39    1970        86.00
2009    40    1969        68.00
2009    41    1968        49.00
2009    42    1967        38.00
2009    43    1966        24.00
2009    44    1965        14.00
2009    45    1964         3.00
2009    46    1963         4.00
2009    47    1962         1.00
2009    48    1961         2.00
2009    49    1960         0.00
2009    50    1959         0.00
2009    51    1958         0.00
2009    52    1957         0.00
2009    53    1956         0.00
2009    54    1955         0.00
2009    55+   1954-        0.00
2010    12-   1998+        0.00
2010    13    1997         0.00
2010    14    1996         0.00
2010    15    1995         1.00
2010    16    1994         1.00
2010    17    1993        22.00
2010    18    1992        36.00
2010    19    1991        60.00
2010    20    1990        84.00
2010    21    1989       117.00
2010    22    1988       151.00
2010    23    1987       166.00
2010    24    1986       205.00
2010    25    1985       262.00
2010    26    1984       289.00
2010    27    1983       313.00
2010    28    1982       339.00
2010    29    1981       327.00
2010    30    1980       354.00
2010    31    1979       327.00
2010    32    1978       319.00
2010    33    1977       262.00
2010    34    1976       225.00
2010    35    1975       228.00
2010    36    1974       208.00
2010    37    1973       181.00
2010    38    1972       132.00
2010    39    1971       118.00
2010    40    1970        57.00
2010    41    1969        57.00
2010    42    1968        32.00
2010    43    1967        17.00
2010    44    1966        15.00
2010    45    1965         0.00
2010    46    1964         1.00
2010    47    1963         1.00
2010    48    1962         0.00
2010    49    1961         0.00
2010    50    1960         0.00
2010    51    1959         0.00
2010    52    1958         0.00
2010    53    1957         0.00
2010    54    1956         0.00
2010    55+   1955-        0.00
2011    12-   1999+        0.00
2011    13    1998         0.00
2011    14    1997         0.00
2011    15    1996         0.00
2011    16    1995         5.00
2011    17    1994         5.00
2011    18    1993        29.00
2011    19    1992        54.00
2011    20    1991        72.00
2011    21    1990       126.00
2011    22    1989       131.00
2011    23    1988       172.00
2011    24    1987       167.00
2011    25    1986       198.00
2011    26    1985       274.00
2011    27    1984       272.00
2011    28    1983       320.00
2011    29    1982       328.00
2011    30    1981       307.00
2011    31    1980       334.00
2011    32    1979       287.00
2011    33    1978       261.00
2011    34    1977       220.00
2011    35    1976       190.00
2011    36    1975       202.00
2011    37    1974       122.00
2011    38    1973       116.00
2011    39    1972       105.00
2011    40    1971        66.00
2011    41    1970        44.00
2011    42    1969        39.00
2011    43    1968        22.00
2011    44    1967         8.00
2011    45    1966         9.00
2011    46    1965         4.00
2011    47    1964         0.00
2011    48    1963         1.00
2011    49    1962         2.00
2011    50    1961         0.00
2011    51    1960         0.00
2011    52    1959         0.00
2011    53    1958         0.00
2011    54    1957         0.00
2011    55+   1956-        0.00
2012    12-   2000+        0.00
2012    13    1999         0.00
2012    14    1998         0.00
2012    15    1997         0.00
2012    16    1996         3.00
2012    17    1995         8.00
2012    18    1994        22.00
2012    19    1993        60.00
2012    20    1992        76.00
2012    21    1991       117.00
2012    22    1990       147.00
2012    23    1989       158.00
2012    24    1988       185.00
2012    25    1987       220.00
2012    26    1986       233.00
2012    27    1985       302.00
2012    28    1984       352.00
2012    29    1983       318.00
2012    30    1982       322.00
2012    31    1981       286.00
2012    32    1980       285.00
2012    33    1979       266.00
2012    34    1978       218.00
2012    35    1977       195.00
2012    36    1976       185.00
2012    37    1975       155.00
2012    38    1974       124.00
2012    39    1973        90.00
2012    40    1972        88.00
2012    41    1971        49.00
2012    42    1970        27.00
2012    43    1969        22.00
2012    44    1968        12.00
2012    45    1967         4.00
2012    46    1966         3.00
2012    47    1965         1.00
2012    48    1964         0.00
2012    49    1963         0.00
2012    50    1962         0.00
2012    51    1961         0.00
2012    52    1960         0.00
2012    53    1959         0.00
2012    54    1958         0.00
2012    55+   1957-        0.00
2013    12-   2001+        0.00
2013    13    2000         0.00
2013    14    1999         0.00
2013    15    1998         0.00
2013    16    1997         1.00
2013    17    1996         8.00
2013    18    1995        21.00
2013    19    1994        29.00
2013    20    1993        70.00
2013    21    1992        88.00
2013    22    1991       129.00
2013    23    1990       161.00
2013    24    1989       207.00
2013    25    1988       232.00
2013    26    1987       254.00
2013    27    1986       260.00
2013    28    1985       271.00
2013    29    1984       260.00
2013    30    1983       307.00
2013    31    1982       276.00
2013    32    1981       273.00
2013    33    1980       255.00
2013    34    1979       245.00
2013    35    1978       217.00
2013    36    1977       174.00
2013    37    1976       159.00
2013    38    1975       112.00
2013    39    1974        94.00
2013    40    1973        77.00
2013    41    1972        58.00
2013    42    1971        31.00
2013    43    1970        22.00
2013    44    1969        11.00
2013    45    1968         8.00
2013    46    1967         8.00
2013    47    1966         3.00
2013    48    1965         3.00
2013    49    1964         1.00
2013    50    1963         0.00
2013    51    1962         1.00
2013    52    1961         0.00
2013    53    1960         0.00
2013    54    1959         0.00
2013    55+   1958-        0.00
2014    12-   2002+        0.00
2014    13    2001         0.00
2014    14    2000         0.00
2014    15    1999         1.00
2014    16    1998         1.00
2014    17    1997         5.00
2014    18    1996        12.00
2014    19    1995        36.00
2014    20    1994        64.00
2014    21    1993       105.00
2014    22    1992       143.00
2014    23    1991       191.00
2014    24    1990       207.00
2014    25    1989       220.00
2014    26    1988       256.00
2014    27    1987       288.00
2014    28    1986       284.00
2014    29    1985       288.00
2014    30    1984       306.00
2014    31    1983       285.00
2014    32    1982       268.00
2014    33    1981       232.00
2014    34    1980       221.00
2014    35    1979       221.00
2014    36    1978       190.00
2014    37    1977       134.00
2014    38    1976       120.00
2014    39    1975       106.00
2014    40    1974        69.00
2014    41    1973        38.00
2014    42    1972        46.00
2014    43    1971        14.00
2014    44    1970         5.00
2014    45    1969         7.00
2014    46    1968         8.00
2014    47    1967         1.00
2014    48    1966         2.00
2014    49    1965         1.00
2014    50    1964         0.00
2014    51    1963         0.00
2014    52    1962         0.00
2014    53    1961         0.00
2014    54    1960         0.00
2014    55+   1959-        0.00
2015    12-   2003+        0.00
2015    13    2002         0.00
2015    14    2001         0.00
2015    15    2000         1.00
2015    16    1999         2.00
2015    17    1998         6.00
2015    18    1997        15.00
2015    19    1996        36.00
2015    20    1995        53.00
2015    21    1994        79.00
2015    22    1993       117.00
2015    23    1992       151.00
2015    24    1991       169.00
2015    25    1990       244.00
2015    26    1989       273.00
2015    27    1988       275.00
2015    28    1987       260.00
2015    29    1986       271.00
2015    30    1985       272.00
2015    31    1984       259.00
2015    32    1983       255.00
2015    33    1982       246.00
2015    34    1981       229.00
2015    35    1980       197.00
2015    36    1979       175.00
2015    37    1978       150.00
2015    38    1977       111.00
2015    39    1976        86.00
2015    40    1975        63.00
2015    41    1974        45.00
2015    42    1973        44.00
2015    43    1972        24.00
2015    44    1971         8.00
2015    45    1970         3.00
2015    46    1969         5.00
2015    47    1968         2.00
2015    48    1967         2.00
2015    49    1966         1.00
2015    50    1965         0.00
2015    51    1964         0.00
2015    52    1963         0.00
2015    53    1962         0.00
2015    54    1961         0.00
2015    55+   1960-        0.00
2016    12-   2004+        0.00
2016    13    2003         0.00
2016    14    2002         0.00
2016    15    2001         0.00
2016    16    2000         1.00
2016    17    1999         3.00
2016    18    1998        13.00
2016    19    1997        29.00
2016    20    1996        58.00
2016    21    1995        81.00
2016    22    1994        88.00
2016    23    1993       136.00
2016    24    1992       151.00
2016    25    1991       218.00
2016    26    1990       250.00
2016    27    1989       253.00
2016    28    1988       291.00
2016    29    1987       271.00
2016    30    1986       290.00
2016    31    1985       265.00
2016    32    1984       246.00
2016    33    1983       247.00
2016    34    1982       223.00
2016    35    1981       183.00
2016    36    1980       174.00
2016    37    1979       157.00
2016    38    1978       108.00
2016    39    1977        90.00
2016    40    1976        75.00
2016    41    1975        51.00
2016    42    1974        38.00
2016    43    1973        15.00
2016    44    1972         8.00
2016    45    1971         8.00
2016    46    1970         4.00
2016    47    1969         5.00
2016    48    1968         3.00
2016    49    1967         1.00
2016    50    1966         0.00
2016    51    1965         0.00
2016    52    1964         0.00
2016    53    1963         0.00
2016    54    1962         0.00
2016    55+   1961-        0.00
2017    12-   2005+        0.00
2017    13    2004         0.00
2017    14    2003         0.00
2017    15    2002         0.00
2017    16    2001         2.00
2017    17    2000         2.00
2017    18    1999        17.00
2017    19    1998        26.00
2017    20    1997        49.00
2017    21    1996        73.00
2017    22    1995       108.00
2017    23    1994       129.00
2017    24    1993       166.00
2017    25    1992       205.00
2017    26    1991       240.00
2017    27    1990       267.00
2017    28    1989       279.00
2017    29    1988       331.00
2017    30    1987       266.00
2017    31    1986       266.00
2017    32    1985       237.00
2017    33    1984       247.00
2017    34    1983       241.00
2017    35    1982       203.00
2017    36    1981       171.00
2017    37    1980       126.00
2017    38    1979       129.00
2017    39    1978        93.00
2017    40    1977        67.00
2017    41    1976        53.00
2017    42    1975        24.00
2017    43    1974        27.00
2017    44    1973        12.00
2017    45    1972         6.00
2017    46    1971         5.00
2017    47    1970         0.00
2017    48    1969         1.00
2017    49    1968         1.00
2017    50    1967         0.00
2017    51    1966         1.00
2017    52    1965         0.00
2017    53    1964         1.00
2017    54    1963         0.00
2017    55+   1962-        0.00
2018    12-   2006+        0.00
2018    13    2005         0.00
2018    14    2004         1.00
2018    15    2003         0.00
2018    16    2002         1.00
2018    17    2001         3.00
2018    18    2000        10.00
2018    19    1999        24.00
2018    20    1998        54.00
2018    21    1997        74.00
2018    22    1996       105.00
2018    23    1995       134.00
2018    24    1994       157.00
2018    25    1993       240.00
2018    26    1992       232.00
2018    27    1991       259.00
2018    28    1990       341.00
2018    29    1989       319.00
2018    30    1988       330.00
2018    31    1987       292.00
2018    32    1986       241.00
2018    33    1985       234.00
2018    34    1984       226.00
2018    35    1983       199.00
2018    36    1982       159.00
2018    37    1981       157.00
2018    38    1980       121.00
2018    39    1979       114.00
2018    40    1978        70.00
2018    41    1977        57.00
2018    42    1976        27.00
2018    43    1975        15.00
2018    44    1974        10.00
2018    45    1973         9.00
2018    46    1972         8.00
2018    47    1971         2.00
2018    48    1970         0.00
2018    49    1969         1.00
2018    50    1968         2.00
2018    51    1967         0.00
2018    52    1966         0.00
2018    53    1965         0.00
2018    54    1964         0.00
2018    55+   1963-        0.00
2019    12-   2007+        0.00
2019    13    2006         0.00
2019    14    2005         0.00
2019    15    2004         0.00
2019    16    2003         1.00
2019    17    2002         5.00
2019    18    2001         9.00
2019    19    2000        11.00
2019    20    1999        48.00
2019    21    1998        75.00
2019    22    1997       103.00
2019    23    1996       116.00
2019    24    1995       162.00
2019    25    1994       210.00
2019    26    1993       265.00
2019    27    1992       276.00
2019    28    1991       329.00
2019    29    1990       351.00
2019    30    1989       313.00
2019    31    1988       332.00
2019    32    1987       267.00
2019    33    1986       267.00
2019    34    1985       260.00
2019    35    1984       206.00
2019    36    1983       190.00
2019    37    1982       150.00
2019    38    1981       139.00
2019    39    1980       112.00
2019    40    1979        99.00
2019    41    1978        60.00
2019    42    1977        41.00
2019    43    1976        24.00
2019    44    1975         3.00
2019    45    1974         8.00
2019    46    1973         3.00
2019    47    1972         9.00
2019    48    1971         2.00
2019    49    1970         3.00
2019    50    1969         2.00
2019    51    1968         1.00
2019    52    1967         0.00
2019    53    1966         0.00
2019    54    1965         0.00
2019    55+   1964-        0.00
2020    12-   2008+        0.00
2020    13    2007         0.00
2020    14    2006         0.00
2020    15    2005         0.00
2020    16    2004         3.00
2020    17    2003         1.00
2020    18    2002         8.00
2020    19    2001        20.00
2020    20    2000        41.00
2020    21    1999        53.00
2020    22    1998        93.00
2020    23    1997       138.00
2020    24    1996       151.00
2020    25    1995       229.00
2020    26    1994       248.00
2020    27    1993       344.00
2020    28    1992       327.00
2020    29    1991       325.00
2020    30    1990       376.00
2020    31    1989       362.00
2020    32    1988       330.00
2020    33    1987       250.00
2020    34    1986       230.00
2020    35    1985       208.00
2020    36    1984       192.00
2020    37    1983       157.00
2020    38    1982       111.00
2020    39    1981        94.00
2020    40    1980        71.00
2020    41    1979        60.00
2020    42    1978        32.00
2020    43    1977        30.00
2020    44    1976         7.00
2020    45    1975         8.00
2020    46    1974         4.00
2020    47    1973         5.00
2020    48    1972         1.00
2020    49    1971         1.00
2020    50    1970         2.00
2020    51    1969         0.00
2020    52    1968         0.00
2020    53    1967         0.00
2020    54    1966         0.00
2020    55+   1965-        0.00
2021    12-   2009+        0.00
2021    13    2008         0.00
2021    14    2007         0.00
2021    15    2006         0.00
2021    16    2005         0.00
2021    17    2004         1.00
2021    18    2003         6.00
2021    19    2002        17.00
2021    20    2001        32.00
2021    21    2000        49.00
2021    22    1999        96.00
2021    23    1998       120.00
2021    24    1997       176.00
2021    25    1996       236.00
2021    26    1995       300.00
2021    27    1994       301.00
2021    28    1993       408.00
2021    29    1992       394.00
2021    30    1991       366.00
2021    31    1990       350.00
2021    32    1989       360.00
2021    33    1988       325.00
2021    34    1987       261.00
2021    35    1986       195.00
2021    36    1985       196.00
2021    37    1984       196.00
2021    38    1983       154.00
2021    39    1982       109.00
2021    40    1981        69.00
2021    41    1980        64.00
2021    42    1979        39.00
2021    43    1978        26.00
2021    44    1977        19.00
2021    45    1976         5.00
2021    46    1975         5.00
2021    47    1974         2.00
2021    48    1973         0.00
2021    49    1972         2.00
2021    50    1971         0.00
2021    51    1970         0.00
2021    52    1969         0.00
2021    53    1968         0.00
2021    54    1967         0.00
2021    55+   1966-        0.00
