Iceland, Live births by calendar year and age (Lexis squares, age in completed years (ACY))
Last modified: 06/09/2023
Year    Age        Total
1960     12-        0.00
1960     13         0.01
1960     14         0.14
1960     15         1.71
1960     16        13.28
1960     17        72.24
1960     18       211.19
1960     19       312.43
1960     20       269.30
1960     21       274.80
1960     22       265.52
1960     23       280.82
1960     24       292.56
1960     25       287.34
1960     26       251.06
1960     27       225.30
1960     28       226.74
1960     29       244.58
1960     30       225.69
1960     31       192.81
1960     32       174.97
1960     33       169.56
1960     34       154.96
1960     35       133.14
1960     36       126.58
1960     37       112.33
1960     38        98.77
1960     39        85.17
1960     40        68.84
1960     41        51.68
1960     42        38.91
1960     43        25.26
1960     44        14.32
1960     45         9.31
1960     46         3.72
1960     47         0.80
1960     48         0.14
1960     49         0.03
1960     50         0.00
1960     51         0.00
1960     52         0.00
1960     53         0.00
1960     54         0.00
1960     55+        0.00
1961     12-        0.00
1961     13         0.01
1961     14         0.13
1961     15         1.52
1961     16        12.89
1961     17        64.97
1961     18       210.00
1961     19       313.46
1961     20       265.54
1961     21       276.40
1961     22       256.70
1961     23       241.50
1961     24       263.85
1961     25       258.10
1961     26       229.73
1961     27       202.58
1961     28       191.55
1961     29       209.06
1961     30       216.57
1961     31       194.66
1961     32       170.33
1961     33       155.76
1961     34       149.67
1961     35       128.89
1961     36       104.09
1961     37        98.96
1961     38        86.89
1961     39        73.18
1961     40        58.37
1961     41        43.43
1961     42        31.48
1961     43        23.12
1961     44        14.60
1961     45         9.94
1961     46         4.03
1961     47         0.86
1961     48         0.14
1961     49         0.03
1961     50         0.00
1961     51         0.00
1961     52         0.00
1961     53         0.00
1961     54         0.00
1961     55+        0.00
1962     12-        0.00
1962     13         0.01
1962     14         0.15
1962     15         1.55
1962     16        12.45
1962     17        67.75
1962     18       201.75
1962     19       329.34
1962     20       285.08
1962     21       279.46
1962     22       264.58
1962     23       245.56
1962     24       247.31
1962     25       267.66
1962     26       249.80
1962     27       230.82
1962     28       211.82
1962     29       206.90
1962     30       202.70
1962     31       192.67
1962     32       172.79
1962     33       154.41
1962     34       146.43
1962     35       139.26
1962     36       116.98
1962     37        97.42
1962     38        95.07
1962     39        82.28
1962     40        66.59
1962     41        51.05
1962     42        36.64
1962     43        24.17
1962     44        15.55
1962     45        10.19
1962     46         3.83
1962     47         0.82
1962     48         0.14
1962     49         0.03
1962     50         0.00
1962     51         0.00
1962     52         0.00
1962     53         0.00
1962     54         0.00
1962     55+        0.00
1963     12-        0.00
1963     13         0.00
1963     14         0.00
1963     15         9.00
1963     16        37.00
1963     17       138.00
1963     18       210.00
1963     19       274.00
1963     20       341.00
1963     21       307.00
1963     22       327.00
1963     23       259.00
1963     24       235.00
1963     25       240.00
1963     26       262.00
1963     27       222.00
1963     28       211.00
1963     29       223.00
1963     30       181.00
1963     31       175.00
1963     32       177.00
1963     33       180.00
1963     34       149.00
1963     35       130.00
1963     36        92.00
1963     37        92.00
1963     38        71.00
1963     39        87.00
1963     40        63.00
1963     41        51.00
1963     42        36.00
1963     43        25.00
1963     44        10.00
1963     45         3.00
1963     46         3.00
1963     47         0.00
1963     48         0.00
1963     49         0.00
1963     50         0.00
1963     51         0.00
1963     52         0.00
1963     53         0.00
1963     54         0.00
1963     55+        0.00
1964     12-        0.00
1964     13         0.00
1964     14         0.00
1964     15        10.00
1964     16        38.00
1964     17       126.00
1964     18       263.00
1964     19       291.00
1964     20       317.00
1964     21       334.00
1964     22       287.00
1964     23       267.00
1964     24       268.00
1964     25       241.00
1964     26       212.00
1964     27       214.00
1964     28       202.00
1964     29       179.00
1964     30       166.00
1964     31       159.00
1964     32       191.00
1964     33       164.00
1964     34       153.00
1964     35       140.00
1964     36       107.00
1964     37       106.00
1964     38        85.00
1964     39        68.00
1964     40        58.00
1964     41        65.00
1964     42        39.00
1964     43        19.00
1964     44         8.00
1964     45         8.00
1964     46         1.00
1964     47         0.00
1964     48         1.00
1964     49         0.00
1964     50         0.00
1964     51         0.00
1964     52         0.00
1964     53         0.00
1964     54         0.00
1964     55+        0.00
1965     12-        0.00
1965     13         0.00
1965     14         0.00
1965     15        15.00
1965     16        56.00
1965     17       157.00
1965     18       240.00
1965     19       279.00
1965     20       348.00
1965     21       305.00
1965     22       302.00
1965     23       269.00
1965     24       276.00
1965     25       218.00
1965     26       202.00
1965     27       203.00
1965     28       206.00
1965     29       161.00
1965     30       181.00
1965     31       169.00
1965     32       123.00
1965     33       151.00
1965     34       149.00
1965     35       161.00
1965     36        99.00
1965     37        80.00
1965     38        99.00
1965     39        77.00
1965     40        44.00
1965     41        62.00
1965     42        37.00
1965     43        21.00
1965     44        16.00
1965     45         6.00
1965     46         4.00
1965     47         3.00
1965     48         1.00
1965     49         0.00
1965     50         0.34
1965     51         0.43
1965     52         0.17
1965     53         0.05
1965     54         0.01
1965     55+        0.00
1966     12-        0.00
1966     13         0.15
1966     14         1.85
1966     15         6.00
1966     16        46.00
1966     17       178.00
1966     18       288.00
1966     19       308.00
1966     20       336.00
1966     21       303.00
1966     22       341.00
1966     23       318.00
1966     24       234.00
1966     25       239.00
1966     26       179.00
1966     27       210.00
1966     28       158.00
1966     29       161.00
1966     30       170.00
1966     31       167.00
1966     32       145.00
1966     33       120.00
1966     34       126.00
1966     35       129.00
1966     36       103.00
1966     37       109.00
1966     38        77.00
1966     39        61.00
1966     40        57.00
1966     41        44.00
1966     42        32.00
1966     43        23.00
1966     44        12.00
1966     45         2.00
1966     46         6.00
1966     47         0.00
1966     48         1.00
1966     49         1.00
1966     50         0.00
1966     51         0.00
1966     52         0.00
1966     53         0.00
1966     54         0.00
1966     55+        0.00
1967     12-        0.00
1967     13         0.00
1967     14         0.00
1967     15         7.00
1967     16        41.00
1967     17       129.00
1967     18       261.00
1967     19       327.00
1967     20       328.00
1967     21       290.00
1967     22       307.00
1967     23       314.00
1967     24       241.00
1967     25       232.00
1967     26       180.00
1967     27       180.00
1967     28       162.00
1967     29       153.00
1967     30       141.00
1967     31       156.00
1967     32       126.00
1967     33       116.00
1967     34       116.00
1967     35       130.00
1967     36       106.00
1967     37        81.00
1967     38        65.00
1967     39        63.00
1967     40        43.00
1967     41        34.00
1967     42        34.00
1967     43        14.00
1967     44        16.00
1967     45         6.00
1967     46         2.00
1967     47         1.00
1967     48         1.00
1967     49         0.00
1967     50         0.36
1967     51         0.41
1967     52         0.16
1967     53         0.05
1967     54         0.01
1967     55+        0.00
1968     12-        0.00
1968     13         0.04
1968     14         0.95
1968     15         9.00
1968     16        54.00
1968     17       131.00
1968     18       228.00
1968     19       299.00
1968     20       316.00
1968     21       345.00
1968     22       298.00
1968     23       260.00
1968     24       274.00
1968     25       216.00
1968     26       192.00
1968     27       171.00
1968     28       148.00
1968     29       152.00
1968     30       115.00
1968     31       135.00
1968     32       126.00
1968     33       105.00
1968     34       100.00
1968     35        88.00
1968     36        88.00
1968     37        78.00
1968     38        83.00
1968     39        63.00
1968     40        48.00
1968     41        38.00
1968     42        25.00
1968     43        19.00
1968     44         9.00
1968     45         7.00
1968     46         3.00
1968     47         1.00
1968     48         2.00
1968     49         0.00
1968     50         0.00
1968     51         0.00
1968     52         0.00
1968     53         0.00
1968     54         0.00
1968     55+        0.00
1969     12-        0.00
1969     13         0.24
1969     14         3.75
1969     15        13.00
1969     16        60.00
1969     17       148.00
1969     18       274.00
1969     19       276.00
1969     20       269.00
1969     21       329.00
1969     22       289.00
1969     23       263.00
1969     24       244.00
1969     25       235.00
1969     26       235.00
1969     27       196.00
1969     28       176.00
1969     29       131.00
1969     30       117.00
1969     31       101.00
1969     32       118.00
1969     33       130.00
1969     34        95.00
1969     35        98.00
1969     36        78.00
1969     37        87.00
1969     38        62.00
1969     39        66.00
1969     40        31.00
1969     41        34.00
1969     42        25.00
1969     43        19.00
1969     44         9.00
1969     45         3.00
1969     46         1.00
1969     47         1.00
1969     48         0.00
1969     49         0.00
1969     50         0.35
1969     51         0.43
1969     52         0.17
1969     53         0.05
1969     54         0.01
1969     55+        0.00
1970     12-        0.00
1970     13         0.03
1970     14         0.97
1970     15        24.00
1970     16        49.00
1970     17       138.00
1970     18       222.00
1970     19       284.00
1970     20       281.00
1970     21       296.00
1970     22       300.00
1970     23       252.00
1970     24       239.00
1970     25       221.00
1970     26       200.00
1970     27       192.00
1970     28       190.00
1970     29       139.00
1970     30       142.00
1970     31       112.00
1970     32       102.00
1970     33        94.00
1970     34        95.00
1970     35        76.00
1970     36        82.00
1970     37        53.00
1970     38        56.00
1970     39        55.00
1970     40        41.00
1970     41        35.00
1970     42        25.00
1970     43        14.00
1970     44         6.00
1970     45         3.00
1970     46         3.00
1970     47         1.00
1970     48         0.00
1970     49         0.00
1970     50         0.00
1970     51         0.00
1970     52         0.00
1970     53         0.00
1970     54         0.00
1970     55+        0.00
1971     12-        0.00
1971     13         0.20
1971     14         2.80
1971     15         9.00
1971     16        66.00
1971     17       155.00
1971     18       214.00
1971     19       267.00
1971     20       318.00
1971     21       302.00
1971     22       313.00
1971     23       323.00
1971     24       272.00
1971     25       243.00
1971     26       258.00
1971     27       199.00
1971     28       204.00
1971     29       149.00
1971     30       149.00
1971     31       111.00
1971     32       106.00
1971     33       109.00
1971     34        85.00
1971     35        87.00
1971     36        71.00
1971     37        55.00
1971     38        52.00
1971     39        48.00
1971     40        37.00
1971     41        24.00
1971     42        21.00
1971     43        13.00
1971     44        10.00
1971     45         1.00
1971     46         1.00
1971     47         2.00
1971     48         0.00
1971     49         0.00
1971     50         0.00
1971     51         0.00
1971     52         0.00
1971     53         0.00
1971     54         0.00
1971     55+        0.00
1972     12-        0.00
1972     13         0.03
1972     14         0.96
1972     15        18.00
1972     16        50.00
1972     17       163.00
1972     18       269.00
1972     19       277.00
1972     20       345.00
1972     21       353.00
1972     22       329.00
1972     23       342.00
1972     24       341.00
1972     25       270.00
1972     26       254.00
1972     27       212.00
1972     28       215.00
1972     29       189.00
1972     30       154.00
1972     31       129.00
1972     32       125.00
1972     33        95.00
1972     34        89.00
1972     35        92.00
1972     36        84.00
1972     37        75.00
1972     38        59.00
1972     39        44.00
1972     40        25.00
1972     41        28.00
1972     42        23.00
1972     43        14.00
1972     44         6.00
1972     45         4.00
1972     46         2.00
1972     47         0.00
1972     48         0.00
1972     49         0.00
1972     50         0.00
1972     51         0.00
1972     52         0.00
1972     53         0.00
1972     54         0.00
1972     55+        0.00
1973     12-        0.00
1973     13         0.28
1973     14         4.73
1973     15        20.00
1973     16        61.00
1973     17       166.00
1973     18       232.00
1973     19       250.00
1973     20       333.00
1973     21       328.00
1973     22       381.00
1973     23       328.00
1973     24       318.00
1973     25       295.00
1973     26       256.00
1973     27       234.00
1973     28       212.00
1973     29       172.00
1973     30       175.00
1973     31       147.00
1973     32       112.00
1973     33        94.00
1973     34        89.00
1973     35        63.00
1973     36        65.00
1973     37        62.00
1973     38        56.00
1973     39        31.00
1973     40        31.00
1973     41        35.00
1973     42        20.00
1973     43        12.00
1973     44         9.00
1973     45         3.00
1973     46         2.00
1973     47         0.00
1973     48         1.00
1973     49         0.00
1973     50         0.00
1973     51         0.00
1973     52         0.00
1973     53         0.00
1973     54         0.00
1973     55+        0.00
1974     12-        0.00
1974     13         0.22
1974     14         3.78
1974     15        16.00
1974     16        69.00
1974     17       132.00
1974     18       222.00
1974     19       266.00
1974     20       267.00
1974     21       292.00
1974     22       306.00
1974     23       323.00
1974     24       295.00
1974     25       271.00
1974     26       258.00
1974     27       242.00
1974     28       212.00
1974     29       185.00
1974     30       165.00
1974     31       140.00
1974     32       125.00
1974     33        87.00
1974     34        68.00
1974     35        59.00
1974     36        54.00
1974     37        70.00
1974     38        38.00
1974     39        33.00
1974     40        26.00
1974     41        18.00
1974     42         7.00
1974     43        13.00
1974     44         9.00
1974     45         2.00
1974     46         0.00
1974     47         1.00
1974     48         1.00
1974     49         0.00
1974     50         0.00
1974     51         0.00
1974     52         0.00
1974     53         0.00
1974     54         0.00
1974     55+        0.00
1975     12-        0.00
1975     13         0.15
1975     14         2.85
1975     15        16.00
1975     16        66.00
1975     17       150.00
1975     18       205.00
1975     19       259.00
1975     20       310.00
1975     21       284.00
1975     22       304.00
1975     23       320.00
1975     24       335.00
1975     25       288.00
1975     26       264.00
1975     27       250.00
1975     28       200.00
1975     29       174.00
1975     30       150.00
1975     31       146.00
1975     32       130.00
1975     33        95.00
1975     34        94.00
1975     35        69.00
1975     36        52.00
1975     37        56.00
1975     38        46.00
1975     39        38.00
1975     40        23.00
1975     41        18.00
1975     42        19.00
1975     43         6.00
1975     44        10.00
1975     45         3.00
1975     46         0.00
1975     47         1.00
1975     48         0.00
1975     49         0.00
1975     50         0.00
1975     51         0.00
1975     52         0.00
1975     53         0.00
1975     54         0.00
1975     55+        0.00
1976     12-        0.00
1976     13         0.00
1976     14         0.00
1976     15        17.00
1976     16        56.00
1976     17       123.00
1976     18       215.00
1976     19       246.00
1976     20       304.00
1976     21       332.00
1976     22       308.00
1976     23       297.00
1976     24       286.00
1976     25       281.00
1976     26       249.00
1976     27       247.00
1976     28       217.00
1976     29       171.00
1976     30       171.00
1976     31       151.00
1976     32       118.00
1976     33        96.00
1976     34       102.00
1976     35        52.00
1976     36        59.00
1976     37        46.00
1976     38        35.00
1976     39        34.00
1976     40        26.00
1976     41        19.00
1976     42        13.00
1976     43        10.00
1976     44         7.00
1976     45         3.00
1976     46         0.00
1976     47         0.00
1976     48         0.00
1976     49         0.00
1976     50         0.00
1976     51         0.00
1976     52         0.00
1976     53         0.00
1976     54         0.00
1976     55+        0.00
1977     12-        0.00
1977     13         0.04
1977     14         0.96
1977     15        11.00
1977     16        58.00
1977     17       136.00
1977     18       178.00
1977     19       230.00
1977     20       259.00
1977     21       274.00
1977     22       287.00
1977     23       302.00
1977     24       249.00
1977     25       272.00
1977     26       245.00
1977     27       220.00
1977     28       216.00
1977     29       159.00
1977     30       140.00
1977     31       131.00
1977     32       119.00
1977     33        93.00
1977     34        98.00
1977     35        89.00
1977     36        56.00
1977     37        40.00
1977     38        34.00
1977     39        28.00
1977     40        24.00
1977     41        19.00
1977     42        13.00
1977     43         5.00
1977     44         5.00
1977     45         3.00
1977     46         2.00
1977     47         0.00
1977     48         0.00
1977     49         0.00
1977     50         0.00
1977     51         0.00
1977     52         0.00
1977     53         0.00
1977     54         0.00
1977     55+        0.00
1978     12-        0.00
1978     13         0.37
1978     14         4.63
1978     15        10.00
1978     16        60.00
1978     17       142.00
1978     18       176.00
1978     19       234.00
1978     20       251.00
1978     21       305.00
1978     22       305.00
1978     23       295.00
1978     24       290.00
1978     25       281.00
1978     26       251.00
1978     27       248.00
1978     28       205.00
1978     29       192.00
1978     30       166.00
1978     31       139.00
1978     32       126.00
1978     33       102.00
1978     34        88.00
1978     35        78.00
1978     36        57.00
1978     37        43.00
1978     38        36.00
1978     39        21.00
1978     40        20.00
1978     41        18.00
1978     42         7.00
1978     43         1.00
1978     44         5.00
1978     45         4.00
1978     46         1.00
1978     47         0.00
1978     48         0.00
1978     49         0.00
1978     50         0.00
1978     51         0.00
1978     52         0.00
1978     53         0.00
1978     54         0.00
1978     55+        0.00
1979     12-        0.00
1979     13         0.04
1979     14         0.96
1979     15        12.00
1979     16        49.00
1979     17       103.00
1979     18       181.00
1979     19       252.00
1979     20       281.00
1979     21       323.00
1979     22       311.00
1979     23       311.00
1979     24       337.00
1979     25       280.00
1979     26       274.00
1979     27       220.00
1979     28       244.00
1979     29       229.00
1979     30       197.00
1979     31       172.00
1979     32       145.00
1979     33       114.00
1979     34       123.00
1979     35        85.00
1979     36        77.00
1979     37        44.00
1979     38        42.00
1979     39        22.00
1979     40        19.00
1979     41         9.00
1979     42         8.00
1979     43         5.00
1979     44         0.00
1979     45         1.00
1979     46         2.00
1979     47         2.00
1979     48         0.00
1979     49         0.00
1979     50         0.00
1979     51         0.00
1979     52         0.00
1979     53         0.00
1979     54         0.00
1979     55+        0.00
1980     12-        0.00
1980     13         0.25
1980     14         2.76
1980     15         6.00
1980     16        70.00
1980     17       118.00
1980     18       174.00
1980     19       257.00
1980     20       273.00
1980     21       311.00
1980     22       301.00
1980     23       327.00
1980     24       279.00
1980     25       296.00
1980     26       265.00
1980     27       239.00
1980     28       247.00
1980     29       235.00
1980     30       224.00
1980     31       162.00
1980     32       154.00
1980     33       128.00
1980     34       107.00
1980     35        96.00
1980     36        76.00
1980     37        60.00
1980     38        46.00
1980     39        28.00
1980     40        22.00
1980     41        11.00
1980     42         5.00
1980     43         4.00
1980     44         2.00
1980     45         2.00
1980     46         0.00
1980     47         0.00
1980     48         0.00
1980     49         0.00
1980     50         0.00
1980     51         0.00
1980     52         0.00
1980     53         0.00
1980     54         0.00
1980     55+        0.00
1981     12-        0.00
1981     13         0.09
1981     14         1.91
1981     15        12.00
1981     16        55.00
1981     17        97.00
1981     18       167.00
1981     19       209.00
1981     20       263.00
1981     21       317.00
1981     22       280.00
1981     23       291.00
1981     24       294.00
1981     25       276.00
1981     26       274.00
1981     27       260.00
1981     28       242.00
1981     29       203.00
1981     30       193.00
1981     31       180.00
1981     32       149.00
1981     33       120.00
1981     34       116.00
1981     35        84.00
1981     36        84.00
1981     37        60.00
1981     38        51.00
1981     39        23.00
1981     40        13.00
1981     41        10.00
1981     42        11.00
1981     43         5.00
1981     44         2.00
1981     45         1.00
1981     46         0.00
1981     47         1.00
1981     48         0.00
1981     49         0.00
1981     50         0.00
1981     51         0.00
1981     52         0.00
1981     53         0.00
1981     54         0.00
1981     55+        0.00
1982     12-        0.00
1982     13         0.04
1982     14         0.97
1982     15        15.00
1982     16        33.00
1982     17        91.00
1982     18       172.00
1982     19       228.00
1982     20       265.00
1982     21       289.00
1982     22       302.00
1982     23       317.00
1982     24       306.00
1982     25       287.00
1982     26       280.00
1982     27       272.00
1982     28       223.00
1982     29       198.00
1982     30       200.00
1982     31       163.00
1982     32       151.00
1982     33       116.00
1982     34       107.00
1982     35        81.00
1982     36        52.00
1982     37        62.00
1982     38        41.00
1982     39        24.00
1982     40        29.00
1982     41        14.00
1982     42         7.00
1982     43         6.00
1982     44         4.00
1982     45         1.00
1982     46         0.00
1982     47         0.00
1982     48         0.00
1982     49         0.00
1982     50         0.00
1982     51         0.00
1982     52         0.00
1982     53         0.00
1982     54         0.00
1982     55+        0.00
1983     12-        0.00
1983     13         0.05
1983     14         0.94
1983     15         6.00
1983     16        39.00
1983     17        67.00
1983     18       145.00
1983     19       189.00
1983     20       257.00
1983     21       299.00
1983     22       317.00
1983     23       322.00
1983     24       276.00
1983     25       300.00
1983     26       287.00
1983     27       273.00
1983     28       260.00
1983     29       218.00
1983     30       203.00
1983     31       157.00
1983     32       147.00
1983     33       142.00
1983     34       125.00
1983     35        88.00
1983     36        53.00
1983     37        56.00
1983     38        45.00
1983     39        37.00
1983     40        34.00
1983     41        15.00
1983     42         2.00
1983     43         5.00
1983     44         5.00
1983     45         0.00
1983     46         0.00
1983     47         1.00
1983     48         0.00
1983     49         0.00
1983     50         0.00
1983     51         0.00
1983     52         0.00
1983     53         0.00
1983     54         0.00
1983     55+        0.00
1984     12-        0.00
1984     13         0.07
1984     14         0.94
1984     15         4.00
1984     16        30.00
1984     17        72.00
1984     18       134.00
1984     19       163.00
1984     20       215.00
1984     21       270.00
1984     22       279.00
1984     23       280.00
1984     24       302.00
1984     25       287.00
1984     26       277.00
1984     27       251.00
1984     28       234.00
1984     29       209.00
1984     30       183.00
1984     31       165.00
1984     32       149.00
1984     33       160.00
1984     34       107.00
1984     35        91.00
1984     36        81.00
1984     37        57.00
1984     38        36.00
1984     39        32.00
1984     40        20.00
1984     41        14.00
1984     42         6.00
1984     43         3.00
1984     44         1.00
1984     45         0.00
1984     46         0.00
1984     47         0.00
1984     48         0.00
1984     49         0.00
1984     50         0.00
1984     51         0.00
1984     52         0.00
1984     53         0.00
1984     54         0.00
1984     55+        0.00
1985     12-        0.00
1985     13         0.04
1985     14         0.95
1985     15         9.00
1985     16        24.00
1985     17        65.00
1985     18       113.00
1985     19       146.00
1985     20       183.00
1985     21       258.00
1985     22       245.00
1985     23       255.00
1985     24       280.00
1985     25       273.00
1985     26       272.00
1985     27       241.00
1985     28       225.00
1985     29       195.00
1985     30       203.00
1985     31       155.00
1985     32       130.00
1985     33       146.00
1985     34       103.00
1985     35        94.00
1985     36        80.00
1985     37        60.00
1985     38        40.00
1985     39        18.00
1985     40        16.00
1985     41        13.00
1985     42         6.00
1985     43         5.00
1985     44         0.00
1985     45         2.00
1985     46         0.00
1985     47         0.00
1985     48         0.00
1985     49         0.00
1985     50         0.00
1985     51         0.00
1985     52         0.00
1985     53         0.00
1985     54         0.00
1985     55+        0.00
1986     12-        0.00
1986     13         0.04
1986     14         0.96
1986     15        10.00
1986     16        20.00
1986     17        54.00
1986     18        93.00
1986     19       138.00
1986     20       181.00
1986     21       207.00
1986     22       252.00
1986     23       273.00
1986     24       287.00
1986     25       284.00
1986     26       267.00
1986     27       245.00
1986     28       257.00
1986     29       224.00
1986     30       186.00
1986     31       189.00
1986     32       154.00
1986     33       133.00
1986     34        97.00
1986     35        96.00
1986     36        77.00
1986     37        50.00
1986     38        39.00
1986     39        21.00
1986     40        13.00
1986     41        15.00
1986     42         8.00
1986     43         4.00
1986     44         4.00
1986     45         1.00
1986     46         1.00
1986     47         0.00
1986     48         0.00
1986     49         0.00
1986     50         0.00
1986     51         0.00
1986     52         0.00
1986     53         0.00
1986     54         0.00
1986     55+        0.00
1987     12-        0.00
1987     13         0.07
1987     14         0.94
1987     15         4.00
1987     16        24.00
1987     17        49.00
1987     18        89.00
1987     19       129.00
1987     20       203.00
1987     21       245.00
1987     22       238.00
1987     23       312.00
1987     24       294.00
1987     25       271.00
1987     26       282.00
1987     27       274.00
1987     28       242.00
1987     29       243.00
1987     30       213.00
1987     31       217.00
1987     32       176.00
1987     33       154.00
1987     34       139.00
1987     35       112.00
1987     36        85.00
1987     37        49.00
1987     38        53.00
1987     39        34.00
1987     40        24.00
1987     41        19.00
1987     42        11.00
1987     43         3.00
1987     44         2.00
1987     45         2.00
1987     46         0.00
1987     47         0.00
1987     48         0.00
1987     49         0.00
1987     50         0.00
1987     51         0.00
1987     52         0.00
1987     53         0.00
1987     54         0.00
1987     55+        0.00
1988     12-        0.00
1988     13         0.04
1988     14         0.96
1988     15         8.00
1988     16        28.00
1988     17        50.00
1988     18       106.00
1988     19       133.00
1988     20       198.00
1988     21       241.00
1988     22       277.00
1988     23       303.00
1988     24       274.00
1988     25       311.00
1988     26       317.00
1988     27       330.00
1988     28       315.00
1988     29       283.00
1988     30       268.00
1988     31       256.00
1988     32       236.00
1988     33       152.00
1988     34       146.00
1988     35       119.00
1988     36        94.00
1988     37        64.00
1988     38        66.00
1988     39        38.00
1988     40        24.00
1988     41        17.00
1988     42        10.00
1988     43         4.00
1988     44         4.00
1988     45         0.00
1988     46         0.00
1988     47         0.00
1988     48         0.00
1988     49         0.00
1988     50         0.00
1988     51         0.00
1988     52         0.00
1988     53         0.00
1988     54         0.00
1988     55+        0.00
1989     12-        0.00
1989     13         0.07
1989     14         0.93
1989     15         4.00
1989     16        17.00
1989     17        58.00
1989     18        95.00
1989     19       126.00
1989     20       153.00
1989     21       232.00
1989     22       243.00
1989     23       284.00
1989     24       306.00
1989     25       328.00
1989     26       327.00
1989     27       272.00
1989     28       279.00
1989     29       292.00
1989     30       273.00
1989     31       236.00
1989     32       228.00
1989     33       177.00
1989     34       138.00
1989     35       136.00
1989     36       105.00
1989     37        78.00
1989     38        48.00
1989     39        50.00
1989     40        38.00
1989     41        18.00
1989     42        11.00
1989     43         3.00
1989     44         2.00
1989     45         2.00
1989     46         0.00
1989     47         0.00
1989     48         0.00
1989     49         0.00
1989     50         0.00
1989     51         0.00
1989     52         0.00
1989     53         0.00
1989     54         0.00
1989     55+        0.00
1990     12-        0.00
1990     13         0.00
1990     14         0.00
1990     15         5.00
1990     16        25.00
1990     17        54.00
1990     18       103.00
1990     19       128.00
1990     20       168.00
1990     21       228.00
1990     22       241.00
1990     23       270.00
1990     24       307.00
1990     25       327.00
1990     26       331.00
1990     27       321.00
1990     28       291.00
1990     29       299.00
1990     30       268.00
1990     31       257.00
1990     32       242.00
1990     33       213.00
1990     34       171.00
1990     35       127.00
1990     36       123.00
1990     37        78.00
1990     38        79.00
1990     39        55.00
1990     40        22.00
1990     41        17.00
1990     42         7.00
1990     43         7.00
1990     44         3.00
1990     45         1.00
1990     46         0.00
1990     47         0.00
1990     48         0.00
1990     49         0.00
1990     50         0.00
1990     51         0.00
1990     52         0.00
1990     53         0.00
1990     54         0.00
1990     55+        0.00
1991     12-        0.00
1991     13         0.00
1991     14         0.00
1991     15         4.00
1991     16        20.00
1991     17        59.00
1991     18        85.00
1991     19       130.00
1991     20       146.00
1991     21       172.00
1991     22       186.00
1991     23       245.00
1991     24       291.00
1991     25       291.00
1991     26       319.00
1991     27       338.00
1991     28       282.00
1991     29       266.00
1991     30       251.00
1991     31       245.00
1991     32       222.00
1991     33       196.00
1991     34       202.00
1991     35       145.00
1991     36       124.00
1991     37       103.00
1991     38        71.00
1991     39        54.00
1991     40        34.00
1991     41        25.00
1991     42        14.00
1991     43        10.00
1991     44         2.00
1991     45         1.00
1991     46         0.00
1991     47         0.00
1991     48         0.00
1991     49         0.00
1991     50         0.00
1991     51         0.00
1991     52         0.00
1991     53         0.00
1991     54         0.00
1991     55+        0.00
1992     12-        0.00
1992     13         0.00
1992     14         2.00
1992     15         2.00
1992     16        20.00
1992     17        47.00
1992     18        86.00
1992     19       126.00
1992     20       144.00
1992     21       188.00
1992     22       206.00
1992     23       228.00
1992     24       279.00
1992     25       302.00
1992     26       307.00
1992     27       294.00
1992     28       331.00
1992     29       314.00
1992     30       261.00
1992     31       259.00
1992     32       210.00
1992     33       214.00
1992     34       190.00
1992     35       154.00
1992     36       140.00
1992     37        94.00
1992     38        80.00
1992     39        44.00
1992     40        38.00
1992     41        19.00
1992     42        15.00
1992     43         9.00
1992     44         4.00
1992     45         1.00
1992     46         1.00
1992     47         0.00
1992     48         0.00
1992     49         0.00
1992     50         0.00
1992     51         0.00
1992     52         0.00
1992     53         0.00
1992     54         0.00
1992     55+        0.00
1993     12-        0.00
1993     13         0.00
1993     14         1.00
1993     15         4.00
1993     16        16.00
1993     17        37.00
1993     18        69.00
1993     19       111.00
1993     20       168.00
1993     21       192.00
1993     22       201.00
1993     23       246.00
1993     24       259.00
1993     25       279.00
1993     26       306.00
1993     27       322.00
1993     28       352.00
1993     29       282.00
1993     30       278.00
1993     31       252.00
1993     32       211.00
1993     33       207.00
1993     34       201.00
1993     35       161.00
1993     36       137.00
1993     37       109.00
1993     38        70.00
1993     39        48.00
1993     40        47.00
1993     41        26.00
1993     42        18.00
1993     43         8.00
1993     44         4.00
1993     45         0.00
1993     46         1.00
1993     47         0.00
1993     48         0.00
1993     49         0.00
1993     50         0.00
1993     51         0.00
1993     52         0.00
1993     53         0.00
1993     54         0.00
1993     55+        0.00
1994     12-        0.00
1994     13         0.00
1994     14         0.00
1994     15         3.00
1994     16        16.00
1994     17        38.00
1994     18        77.00
1994     19       104.00
1994     20       149.00
1994     21       188.00
1994     22       225.00
1994     23       224.00
1994     24       219.00
1994     25       259.00
1994     26       284.00
1994     27       318.00
1994     28       280.00
1994     29       291.00
1994     30       293.00
1994     31       252.00
1994     32       212.00
1994     33       188.00
1994     34       188.00
1994     35       172.00
1994     36       130.00
1994     37        98.00
1994     38        85.00
1994     39        59.00
1994     40        41.00
1994     41        24.00
1994     42        14.00
1994     43         8.00
1994     44         2.00
1994     45         1.00
1994     46         0.00
1994     47         0.00
1994     48         0.00
1994     49         0.00
1994     50         0.00
1994     51         0.00
1994     52         0.00
1994     53         0.00
1994     54         0.00
1994     55+        0.00
1995     12-        0.00
1995     13         0.00
1995     14         0.00
1995     15         3.00
1995     16        14.00
1995     17        50.00
1995     18        67.00
1995     19       104.00
1995     20       146.00
1995     21       172.00
1995     22       208.00
1995     23       221.00
1995     24       215.00
1995     25       236.00
1995     26       229.00
1995     27       284.00
1995     28       298.00
1995     29       254.00
1995     30       278.00
1995     31       267.00
1995     32       248.00
1995     33       206.00
1995     34       179.00
1995     35       152.00
1995     36       136.00
1995     37       111.00
1995     38        67.00
1995     39        52.00
1995     40        36.00
1995     41        21.00
1995     42        15.00
1995     43         5.00
1995     44         2.00
1995     45         2.00
1995     46         1.00
1995     47         1.00
1995     48         0.00
1995     49         0.00
1995     50         0.00
1995     51         0.00
1995     52         0.00
1995     53         0.00
1995     54         0.00
1995     55+        0.00
1996     12-        0.00
1996     13         0.00
1996     14         0.00
1996     15         4.00
1996     16        14.00
1996     17        38.00
1996     18        64.00
1996     19       104.00
1996     20       136.00
1996     21       169.00
1996     22       182.00
1996     23       245.00
1996     24       234.00
1996     25       248.00
1996     26       230.00
1996     27       296.00
1996     28       279.00
1996     29       261.00
1996     30       258.00
1996     31       262.00
1996     32       246.00
1996     33       217.00
1996     34       186.00
1996     35       153.00
1996     36       155.00
1996     37       127.00
1996     38        76.00
1996     39        62.00
1996     40        31.00
1996     41        19.00
1996     42        21.00
1996     43         5.00
1996     44         4.00
1996     45         1.00
1996     46         2.00
1996     47         0.00
1996     48         0.00
1996     49         0.00
1996     50         0.00
1996     51         0.00
1996     52         0.00
1996     53         0.00
1996     54         0.00
1996     55+        0.00
1997     12-        0.00
1997     13         0.00
1997     14         1.00
1997     15         2.00
1997     16        10.00
1997     17        58.00
1997     18        76.00
1997     19       107.00
1997     20       131.00
1997     21       190.00
1997     22       191.00
1997     23       181.00
1997     24       258.00
1997     25       255.00
1997     26       249.00
1997     27       230.00
1997     28       244.00
1997     29       247.00
1997     30       286.00
1997     31       235.00
1997     32       215.00
1997     33       193.00
1997     34       184.00
1997     35       162.00
1997     36       122.00
1997     37        93.00
1997     38        71.00
1997     39        66.00
1997     40        36.00
1997     41        25.00
1997     42        18.00
1997     43        11.00
1997     44         3.00
1997     45         1.00
1997     46         0.00
1997     47         0.00
1997     48         0.00
1997     49         0.00
1997     50         0.00
1997     51         0.00
1997     52         0.00
1997     53         0.00
1997     54         0.00
1997     55+        0.00
1998     12-        0.00
1998     13         0.00
1998     14         0.00
1998     15         4.00
1998     16        18.00
1998     17        49.00
1998     18       104.00
1998     19        89.00
1998     20       129.00
1998     21       153.00
1998     22       160.00
1998     23       226.00
1998     24       218.00
1998     25       257.00
1998     26       284.00
1998     27       248.00
1998     28       289.00
1998     29       227.00
1998     30       237.00
1998     31       254.00
1998     32       214.00
1998     33       200.00
1998     34       187.00
1998     35       135.00
1998     36       121.00
1998     37       126.00
1998     38        84.00
1998     39        58.00
1998     40        40.00
1998     41        26.00
1998     42        21.00
1998     43        13.00
1998     44         5.00
1998     45         1.00
1998     46         1.00
1998     47         0.00
1998     48         0.00
1998     49         0.00
1998     50         0.00
1998     51         0.00
1998     52         0.00
1998     53         0.00
1998     54         0.00
1998     55+        0.00
1999     12-        0.00
1999     13         0.00
1999     14         0.00
1999     15         2.00
1999     16        18.00
1999     17        42.00
1999     18        88.00
1999     19       111.00
1999     20       154.00
1999     21       147.00
1999     22       169.00
1999     23       217.00
1999     24       219.00
1999     25       247.00
1999     26       268.00
1999     27       256.00
1999     28       223.00
1999     29       243.00
1999     30       237.00
1999     31       252.00
1999     32       181.00
1999     33       208.00
1999     34       172.00
1999     35       153.00
1999     36       154.00
1999     37       121.00
1999     38        84.00
1999     39        50.00
1999     40        36.00
1999     41        19.00
1999     42        16.00
1999     43         7.00
1999     44         6.00
1999     45         0.00
1999     46         0.00
1999     47         0.00
1999     48         0.00
1999     49         0.00
1999     50         0.00
1999     51         0.00
1999     52         0.00
1999     53         0.00
1999     54         0.00
1999     55+        0.00
2000     12-        0.00
2000     13         0.00
2000     14         0.00
2000     15         2.00
2000     16         9.00
2000     17        39.00
2000     18        81.00
2000     19       113.00
2000     20       154.00
2000     21       160.00
2000     22       183.00
2000     23       205.00
2000     24       234.00
2000     25       233.00
2000     26       259.00
2000     27       304.00
2000     28       301.00
2000     29       254.00
2000     30       242.00
2000     31       246.00
2000     32       230.00
2000     33       202.00
2000     34       209.00
2000     35       166.00
2000     36       148.00
2000     37       102.00
2000     38        67.00
2000     39        60.00
2000     40        41.00
2000     41        39.00
2000     42        15.00
2000     43         7.00
2000     44         6.00
2000     45         1.00
2000     46         2.00
2000     47         1.00
2000     48         0.00
2000     49         0.00
2000     50         0.00
2000     51         0.00
2000     52         0.00
2000     53         0.00
2000     54         0.00
2000     55+        0.00
2001     12-        0.00
2001     13         0.00
2001     14         1.00
2001     15         2.00
2001     16        14.00
2001     17        33.00
2001     18        65.00
2001     19        93.00
2001     20       138.00
2001     21       153.00
2001     22       185.00
2001     23       185.00
2001     24       197.00
2001     25       255.00
2001     26       246.00
2001     27       253.00
2001     28       310.00
2001     29       282.00
2001     30       219.00
2001     31       198.00
2001     32       199.00
2001     33       195.00
2001     34       180.00
2001     35       172.00
2001     36       152.00
2001     37       118.00
2001     38        84.00
2001     39        56.00
2001     40        39.00
2001     41        25.00
2001     42        19.00
2001     43        14.00
2001     44         7.00
2001     45         0.00
2001     46         0.00
2001     47         1.00
2001     48         1.00
2001     49         0.00
2001     50         0.00
2001     51         0.00
2001     52         0.00
2001     53         0.00
2001     54         0.00
2001     55+        0.00
2002     12-        0.00
2002     13         0.00
2002     14         0.00
2002     15         1.00
2002     16        16.00
2002     17        25.00
2002     18        58.00
2002     19        90.00
2002     20       120.00
2002     21       136.00
2002     22       183.00
2002     23       184.00
2002     24       201.00
2002     25       209.00
2002     26       254.00
2002     27       251.00
2002     28       284.00
2002     29       271.00
2002     30       250.00
2002     31       223.00
2002     32       222.00
2002     33       179.00
2002     34       190.00
2002     35       175.00
2002     36       143.00
2002     37       106.00
2002     38        89.00
2002     39        76.00
2002     40        47.00
2002     41        25.00
2002     42        25.00
2002     43         8.00
2002     44         1.00
2002     45         5.00
2002     46         2.00
2002     47         0.00
2002     48         0.00
2002     49         0.00
2002     50         0.00
2002     51         0.00
2002     52         0.00
2002     53         0.00
2002     54         0.00
2002     55+        0.00
2003     12-        0.00
2003     13         0.00
2003     14         0.00
2003     15         0.00
2003     16         9.00
2003     17        27.00
2003     18        43.00
2003     19        88.00
2003     20       101.00
2003     21       132.00
2003     22       172.00
2003     23       182.00
2003     24       247.00
2003     25       221.00
2003     26       241.00
2003     27       289.00
2003     28       292.00
2003     29       283.00
2003     30       275.00
2003     31       290.00
2003     32       226.00
2003     33       182.00
2003     34       195.00
2003     35       152.00
2003     36       117.00
2003     37        97.00
2003     38        79.00
2003     39        75.00
2003     40        51.00
2003     41        37.00
2003     42        19.00
2003     43        19.00
2003     44         0.00
2003     45         1.00
2003     46         0.00
2003     47         1.00
2003     48         0.00
2003     49         0.00
2003     50         0.00
2003     51         0.00
2003     52         0.00
2003     53         0.00
2003     54         0.00
2003     55+        0.00
2004     12-        0.00
2004     13         1.00
2004     14         1.00
2004     15         3.00
2004     16         4.00
2004     17        12.00
2004     18        38.00
2004     19        72.00
2004     20        97.00
2004     21       148.00
2004     22       158.00
2004     23       190.00
2004     24       232.00
2004     25       240.00
2004     26       270.00
2004     27       259.00
2004     28       326.00
2004     29       277.00
2004     30       250.00
2004     31       288.00
2004     32       264.00
2004     33       216.00
2004     34       186.00
2004     35       146.00
2004     36       145.00
2004     37       104.00
2004     38       101.00
2004     39        80.00
2004     40        44.00
2004     41        40.00
2004     42        17.00
2004     43        13.00
2004     44         8.00
2004     45         3.00
2004     46         1.00
2004     47         0.00
2004     48         0.00
2004     49         0.00
2004     50         0.00
2004     51         0.00
2004     52         0.00
2004     53         0.00
2004     54         0.00
2004     55+        0.00
2005     12-        0.00
2005     13         0.00
2005     14         0.00
2005     15         1.00
2005     16        10.00
2005     17        17.00
2005     18        44.00
2005     19        79.00
2005     20       111.00
2005     21       114.00
2005     22       192.00
2005     23       221.00
2005     24       229.00
2005     25       290.00
2005     26       245.00
2005     27       276.00
2005     28       275.00
2005     29       287.00
2005     30       249.00
2005     31       246.00
2005     32       241.00
2005     33       236.00
2005     34       202.00
2005     35       163.00
2005     36       151.00
2005     37       105.00
2005     38       108.00
2005     39        62.00
2005     40        47.00
2005     41        41.00
2005     42        16.00
2005     43         9.00
2005     44         4.00
2005     45         9.00
2005     46         0.00
2005     47         0.00
2005     48         0.00
2005     49         0.00
2005     50         0.00
2005     51         0.00
2005     52         0.00
2005     53         0.00
2005     54         0.00
2005     55+        0.00
2006     12-        0.00
2006     13         0.00
2006     14         0.00
2006     15         1.00
2006     16         6.00
2006     17        26.00
2006     18        49.00
2006     19        68.00
2006     20       121.00
2006     21       139.00
2006     22       174.00
2006     23       190.00
2006     24       218.54
2006     25       232.00
2006     26       294.00
2006     27       317.00
2006     28       286.00
2006     29       275.00
2006     30       295.00
2006     31       281.00
2006     32       237.00
2006     33       251.00
2006     34       210.00
2006     35       197.00
2006     36       133.00
2006     37       119.00
2006     38        91.00
2006     39        79.00
2006     40        49.00
2006     41        37.00
2006     42        15.00
2006     43        15.00
2006     44         7.00
2006     45         1.00
2006     46         2.00
2006     47         0.00
2006     48         0.00
2006     49         0.00
2006     50         0.00
2006     51         0.00
2006     52         0.00
2006     53         0.00
2006     54         0.00
2006     55+        0.00
2007     12-        0.00
2007     13         0.00
2007     14         0.00
2007     15         0.00
2007     16         8.00
2007     17        34.00
2007     18        46.00
2007     19        72.00
2007     20       123.00
2007     21       124.00
2007     22       162.00
2007     23       209.00
2007     24       220.46
2007     25       262.00
2007     26       311.00
2007     27       318.00
2007     28       328.00
2007     29       302.00
2007     30       289.00
2007     31       295.00
2007     32       236.00
2007     33       246.00
2007     34       241.00
2007     35       183.00
2007     36       148.00
2007     37       121.00
2007     38        87.00
2007     39        71.00
2007     40        36.00
2007     41        37.00
2007     42        20.00
2007     43        13.00
2007     44         7.00
2007     45         8.00
2007     46         0.00
2007     47         2.00
2007     48         0.00
2007     49         0.00
2007     50         0.00
2007     51         0.00
2007     52         0.00
2007     53         0.00
2007     54         0.00
2007     55+        1.00
2008     12-        0.00
2008     13         0.00
2008     14         0.00
2008     15         0.00
2008     16        11.00
2008     17        19.00
2008     18        49.00
2008     19        89.00
2008     20       114.00
2008     21       118.00
2008     22       171.00
2008     23       241.00
2008     24       228.00
2008     25       262.00
2008     26       315.00
2008     27       329.00
2008     28       369.00
2008     29       347.00
2008     30       296.00
2008     31       290.00
2008     32       269.00
2008     33       228.00
2008     34       213.00
2008     35       212.00
2008     36       178.00
2008     37       130.00
2008     38       118.00
2008     39        79.00
2008     40        57.00
2008     41        46.00
2008     42        25.00
2008     43        15.00
2008     44         7.00
2008     45         3.00
2008     46         6.00
2008     47         1.00
2008     48         0.00
2008     49         0.00
2008     50         0.00
2008     51         0.00
2008     52         0.00
2008     53         0.00
2008     54         0.00
2008     55+        0.00
2009     12-        0.00
2009     13         0.00
2009     14         0.00
2009     15         2.00
2009     16         7.00
2009     17        26.00
2009     18        50.00
2009     19        85.00
2009     20       103.00
2009     21       141.00
2009     22       164.00
2009     23       193.00
2009     24       239.00
2009     25       292.00
2009     26       340.00
2009     27       337.00
2009     28       357.00
2009     29       365.00
2009     30       355.00
2009     31       292.00
2009     32       270.00
2009     33       281.00
2009     34       236.00
2009     35       192.00
2009     36       184.00
2009     37       153.00
2009     38       114.00
2009     39        79.00
2009     40        56.00
2009     41        49.00
2009     42        30.00
2009     43        19.00
2009     44         6.00
2009     45         4.00
2009     46         2.00
2009     47         2.00
2009     48         0.00
2009     49         0.00
2009     50         0.00
2009     51         0.00
2009     52         0.00
2009     53         0.00
2009     54         0.00
2009     55+        0.00
2010     12-        0.00
2010     13         0.00
2010     14         1.00
2010     15         0.00
2010     16         9.00
2010     17        28.00
2010     18        45.00
2010     19        67.00
2010     20       113.00
2010     21       136.00
2010     22       141.00
2010     23       202.00
2010     24       230.00
2010     25       266.00
2010     26       313.00
2010     27       327.00
2010     28       337.00
2010     29       347.00
2010     30       331.00
2010     31       326.00
2010     32       277.00
2010     33       261.00
2010     34       217.00
2010     35       224.00
2010     36       189.00
2010     37       149.00
2010     38       134.00
2010     39        87.00
2010     40        55.00
2010     41        50.00
2010     42        21.00
2010     43        14.00
2010     44         8.00
2010     45         1.00
2010     46         0.00
2010     47         1.00
2010     48         0.00
2010     49         0.00
2010     50         0.00
2010     51         0.00
2010     52         0.00
2010     53         0.00
2010     54         0.00
2010     55+        0.00
2011     12-        0.00
2011     13         0.00
2011     14         0.00
2011     15         5.00
2011     16         2.00
2011     17        15.00
2011     18        38.00
2011     19        64.00
2011     20       107.00
2011     21       123.00
2011     22       156.00
2011     23       175.00
2011     24       171.00
2011     25       240.00
2011     26       251.00
2011     27       315.00
2011     28       304.00
2011     29       336.00
2011     30       331.00
2011     31       298.00
2011     32       279.00
2011     33       247.00
2011     34       199.00
2011     35       204.00
2011     36       168.00
2011     37       106.00
2011     38       113.00
2011     39        86.00
2011     40        53.00
2011     41        43.00
2011     42        31.00
2011     43        14.00
2011     44         8.00
2011     45         3.00
2011     46         4.00
2011     47         0.00
2011     48         3.00
2011     49         0.00
2011     50         0.00
2011     51         0.00
2011     52         0.00
2011     53         0.00
2011     54         0.00
2011     55+        0.00
2012     12-        0.00
2012     13         0.00
2012     14         0.00
2012     15         2.00
2012     16         6.00
2012     17        18.00
2012     18        28.00
2012     19        74.00
2012     20        89.00
2012     21       145.00
2012     22       157.00
2012     23       154.00
2012     24       199.00
2012     25       226.00
2012     26       278.00
2012     27       324.00
2012     28       323.00
2012     29       340.00
2012     30       290.00
2012     31       287.00
2012     32       286.00
2012     33       264.00
2012     34       186.00
2012     35       199.00
2012     36       164.00
2012     37       131.00
2012     38       113.00
2012     39        90.00
2012     40        67.00
2012     41        41.00
2012     42        20.00
2012     43        17.00
2012     44        10.00
2012     45         1.00
2012     46         3.00
2012     47         1.00
2012     48         0.00
2012     49         0.00
2012     50         0.00
2012     51         0.00
2012     52         0.00
2012     53         0.00
2012     54         0.00
2012     55+        0.00
2013     12-        0.00
2013     13         0.00
2013     14         0.00
2013     15         0.00
2013     16         2.00
2013     17        17.00
2013     18        28.00
2013     19        34.00
2013     20        92.00
2013     21       103.00
2013     22       137.00
2013     23       184.00
2013     24       227.00
2013     25       246.00
2013     26       240.00
2013     27       287.00
2013     28       251.00
2013     29       283.00
2013     30       294.00
2013     31       292.00
2013     32       275.00
2013     33       235.00
2013     34       230.00
2013     35       203.00
2013     36       163.00
2013     37       135.00
2013     38        97.00
2013     39        93.00
2013     40        65.00
2013     41        47.00
2013     42        21.00
2013     43        14.00
2013     44        11.00
2013     45         8.00
2013     46         7.00
2013     47         2.00
2013     48         1.00
2013     49         1.00
2013     50         0.00
2013     51         1.00
2013     52         0.00
2013     53         0.00
2013     54         0.00
2013     55+        0.00
2014     12-        0.00
2014     13         0.00
2014     14         1.00
2014     15         0.00
2014     16         4.00
2014     17         4.00
2014     18        28.00
2014     19        47.00
2014     20        82.00
2014     21       117.00
2014     22       168.00
2014     23       206.00
2014     24       211.00
2014     25       234.00
2014     26       276.00
2014     27       294.00
2014     28       290.00
2014     29       286.00
2014     30       308.00
2014     31       273.00
2014     32       244.00
2014     33       235.00
2014     34       221.00
2014     35       208.00
2014     36       150.00
2014     37       130.00
2014     38       117.00
2014     39        87.00
2014     40        49.00
2014     41        43.00
2014     42        35.00
2014     43         7.00
2014     44         4.00
2014     45         4.00
2014     46         8.00
2014     47         1.00
2014     48         2.00
2014     49         1.00
2014     50         0.00
2014     51         0.00
2014     52         0.00
2014     53         0.00
2014     54         0.00
2014     55+        0.00
2015     12-        0.00
2015     13         0.00
2015     14         0.00
2015     15         1.00
2015     16         2.00
2015     17        12.00
2015     18        24.00
2015     19        48.00
2015     20        66.00
2015     21        98.00
2015     22       127.00
2015     23       163.00
2015     24       206.00
2015     25       256.00
2015     26       277.00
2015     27       281.00
2015     28       246.00
2015     29       281.00
2015     30       254.00
2015     31       259.00
2015     32       277.00
2015     33       212.00
2015     34       211.00
2015     35       200.00
2015     36       166.00
2015     37       134.00
2015     38        86.00
2015     39        91.00
2015     40        40.00
2015     41        40.00
2015     42        43.00
2015     43        13.00
2015     44         4.00
2015     45         4.00
2015     46         2.00
2015     47         3.00
2015     48         2.00
2015     49         0.00
2015     50         0.00
2015     51         0.00
2015     52         0.00
2015     53         0.00
2015     54         0.00
2015     55+        0.00
2016     12-        0.00
2016     13         0.00
2016     14         0.00
2016     15         0.00
2016     16         1.00
2016     17         8.00
2016     18        16.00
2016     19        47.00
2016     20        72.00
2016     21        84.00
2016     22       115.00
2016     23       138.00
2016     24       183.00
2016     25       236.00
2016     26       259.00
2016     27       268.00
2016     28       278.00
2016     29       264.00
2016     30       299.00
2016     31       244.00
2016     32       255.00
2016     33       234.00
2016     34       186.00
2016     35       196.00
2016     36       154.00
2016     37       150.00
2016     38        93.00
2016     39        79.00
2016     40        68.00
2016     41        52.00
2016     42        21.00
2016     43         9.00
2016     44         7.00
2016     45         8.00
2016     46         1.00
2016     47         5.00
2016     48         4.00
2016     49         0.00
2016     50         0.00
2016     51         0.00
2016     52         0.00
2016     53         0.00
2016     54         0.00
2016     55+        0.00
2017     12-        0.00
2017     13         0.00
2017     14         0.00
2017     15         1.00
2017     16         1.00
2017     17         9.00
2017     18        18.00
2017     19        36.00
2017     20        67.00
2017     21        92.00
2017     22       106.00
2017     23       153.00
2017     24       183.00
2017     25       229.00
2017     26       249.00
2017     27       263.00
2017     28       311.00
2017     29       311.00
2017     30       259.00
2017     31       269.00
2017     32       221.00
2017     33       251.00
2017     34       221.00
2017     35       192.00
2017     36       143.00
2017     37       134.00
2017     38       106.00
2017     39        84.00
2017     40        62.00
2017     41        40.00
2017     42        17.00
2017     43        19.00
2017     44        10.00
2017     45         7.00
2017     46         3.00
2017     47         1.00
2017     48         0.00
2017     49         1.00
2017     50         1.00
2017     51         0.00
2017     52         1.00
2017     53         0.00
2017     54         0.00
2017     55+        0.00
2018     12-        0.00
2018     13         0.00
2018     14         1.00
2018     15         1.00
2018     16         0.00
2018     17         7.00
2018     18        16.00
2018     19        34.00
2018     20        71.00
2018     21        73.00
2018     22       136.00
2018     23       137.00
2018     24       185.00
2018     25       257.00
2018     26       241.00
2018     27       293.00
2018     28       327.00
2018     29       336.00
2018     30       311.00
2018     31       261.00
2018     32       254.00
2018     33       231.00
2018     34       197.00
2018     35       187.00
2018     36       161.00
2018     37       130.00
2018     38       125.00
2018     39        96.00
2018     40        57.00
2018     41        49.00
2018     42        18.00
2018     43         7.00
2018     44        13.00
2018     45         8.00
2018     46         5.00
2018     47         0.00
2018     48         1.00
2018     49         1.00
2018     50         1.00
2018     51         0.00
2018     52         0.00
2018     53         0.00
2018     54         0.00
2018     55+        0.00
2019     12-        0.00
2019     13         0.00
2019     14         0.00
2019     15         1.00
2019     16         1.00
2019     17        12.00
2019     18         6.00
2019     19        28.00
2019     20        64.00
2019     21        91.00
2019     22       106.00
2019     23       139.00
2019     24       174.00
2019     25       238.00
2019     26       278.00
2019     27       305.00
2019     28       339.00
2019     29       336.00
2019     30       304.00
2019     31       313.00
2019     32       284.00
2019     33       259.00
2019     34       218.00
2019     35       209.00
2019     36       163.00
2019     37       150.00
2019     38       126.00
2019     39       103.00
2019     40        84.00
2019     41        49.00
2019     42        31.00
2019     43        11.00
2019     44         6.00
2019     45         6.00
2019     46         7.00
2019     47         3.00
2019     48         3.00
2019     49         4.00
2019     50         1.00
2019     51         0.00
2019     52         0.00
2019     53         0.00
2019     54         0.00
2019     55+        0.00
2020     12-        0.00
2020     13         0.00
2020     14         0.00
2020     15         0.00
2020     16         3.00
2020     17         4.00
2020     18        11.00
2020     19        34.00
2020     20        47.00
2020     21        63.00
2020     22       121.00
2020     23       135.00
2020     24       197.00
2020     25       229.00
2020     26       297.00
2020     27       351.00
2020     28       319.00
2020     29       350.00
2020     30       390.00
2020     31       337.00
2020     32       292.00
2020     33       233.00
2020     34       220.00
2020     35       208.00
2020     36       169.00
2020     37       138.00
2020     38       100.00
2020     39        75.00
2020     40        74.00
2020     41        43.00
2020     42        31.00
2020     43        17.00
2020     44         6.00
2020     45         7.00
2020     46         6.00
2020     47         1.00
2020     48         2.00
2020     49         2.00
2020     50         0.00
2020     51         0.00
2020     52         0.00
2020     53         0.00
2020     54         0.00
2020     55+        0.00
2021     12-        0.00
2021     13         0.00
2021     14         0.00
2021     15         0.00
2021     16         0.00
2021     17         2.00
2021     18        13.00
2021     19        21.00
2021     20        41.00
2021     21        78.00
2021     22        85.00
2021     23       159.00
2021     24       197.00
2021     25       284.00
2021     26       298.00
2021     27       351.00
2021     28       414.00
2021     29       390.00
2021     30       341.00
2021     31       363.00
2021     32       336.00
2021     33       297.00
2021     34       220.00
2021     35       193.00
2021     36       226.00
2021     37       151.00
2021     38       135.00
2021     39        87.00
2021     40        69.00
2021     41        54.00
2021     42        28.00
2021     43        21.00
2021     44        13.00
2021     45         6.00
2021     46         2.00
2021     47         2.00
2021     48         0.00
2021     49         2.00
2021     50         0.00
2021     51         0.00
2021     52         0.00
2021     53         0.00
2021     54         0.00
2021     55+        0.00
