Iceland, Cumulative cohort fertility rates (horizontal parallelograms
Last modified: 06/09/2023
Cohort  Age     CCFR
1945    12         .
1945    13         .
1945    14         .
1945    15     0.000
1945    16     0.001
1945    17     0.009
1945    18     0.076
1945    19     0.230
1945    20     0.412
1945    21     0.630
1945    22     0.821
1945    23     1.013
1945    24     1.184
1945    25     1.345
1945    26     1.503
1945    27     1.677
1945    28     1.828
1945    29     1.972
1945    30     2.094
1945    31     2.204
1945    32     2.302
1945    33     2.387
1945    34     2.462
1945    35     2.542
1945    36     2.605
1945    37     2.654
1945    38     2.695
1945    39     2.723
1945    40     2.741
1945    41     2.751
1945    42     2.762
1945    43     2.770
1945    44     2.772
1945    45     2.774
1945    46     2.774
1945    47     2.775
1945    48     2.775
1945    49     2.775
1945    50     2.775
1945    51     2.775
1945    52     2.775
1945    53     2.775
1945    54     2.775
1945    55     2.775
1946    12         .
1946    13         .
1946    14     0.000
1946    15     0.000
1946    16     0.001
1946    17     0.017
1946    18     0.100
1946    19     0.256
1946    20     0.440
1946    21     0.649
1946    22     0.852
1946    23     1.041
1946    24     1.210
1946    25     1.380
1946    26     1.552
1946    27     1.723
1946    28     1.883
1946    29     2.022
1946    30     2.138
1946    31     2.244
1946    32     2.336
1946    33     2.429
1946    34     2.512
1946    35     2.589
1946    36     2.645
1946    37     2.681
1946    38     2.719
1946    39     2.744
1946    40     2.758
1946    41     2.770
1946    42     2.783
1946    43     2.790
1946    44     2.791
1946    45     2.793
1946    46     2.794
1946    47     2.794
1946    48     2.794
1946    49     2.794
1946    50     2.794
1946    51     2.794
1946    52     2.794
1946    53     2.794
1946    54     2.794
1946    55     2.794
1947    12         .
1947    13     0.000
1947    14     0.000
1947    15     0.000
1947    16     0.005
1947    17     0.027
1947    18     0.109
1947    19     0.264
1947    20     0.450
1947    21     0.642
1947    22     0.844
1947    23     1.023
1947    24     1.201
1947    25     1.393
1947    26     1.571
1947    27     1.733
1947    28     1.886
1947    29     2.016
1947    30     2.120
1947    31     2.217
1947    32     2.315
1947    33     2.412
1947    34     2.492
1947    35     2.564
1947    36     2.618
1947    37     2.660
1947    38     2.698
1947    39     2.724
1947    40     2.741
1947    41     2.757
1947    42     2.768
1947    43     2.773
1947    44     2.780
1947    45     2.782
1947    46     2.783
1947    47     2.784
1947    48     2.784
1947    49     2.784
1947    50     2.784
1947    51     2.784
1947    52     2.784
1947    53     2.784
1947    54     2.784
1947    55     2.784
1948    12     0.000
1948    13     0.000
1948    14     0.000
1948    15     0.000
1948    16     0.005
1948    17     0.032
1948    18     0.127
1948    19     0.282
1948    20     0.457
1948    21     0.622
1948    22     0.800
1948    23     0.981
1948    24     1.178
1948    25     1.374
1948    26     1.544
1948    27     1.699
1948    28     1.847
1948    29     1.976
1948    30     2.083
1948    31     2.194
1948    32     2.295
1948    33     2.387
1948    34     2.459
1948    35     2.529
1948    36     2.584
1948    37     2.633
1948    38     2.667
1948    39     2.695
1948    40     2.717
1948    41     2.735
1948    42     2.749
1948    43     2.755
1948    44     2.761
1948    45     2.763
1948    46     2.764
1948    47     2.764
1948    48     2.764
1948    49     2.764
1948    50     2.764
1948    51     2.764
1948    52     2.764
1948    53     2.764
1948    54     2.764
1948    55     2.764
1949    12     0.000
1949    13     0.000
1949    14     0.000
1949    15     0.000
1949    16     0.008
1949    17     0.038
1949    18     0.121
1949    19     0.255
1949    20     0.413
1949    21     0.568
1949    22     0.739
1949    23     0.926
1949    24     1.120
1949    25     1.299
1949    26     1.463
1949    27     1.614
1949    28     1.753
1949    29     1.880
1949    30     2.007
1949    31     2.134
1949    32     2.239
1949    33     2.330
1949    34     2.409
1949    35     2.479
1949    36     2.535
1949    37     2.582
1949    38     2.612
1949    39     2.648
1949    40     2.675
1949    41     2.693
1949    42     2.706
1949    43     2.713
1949    44     2.718
1949    45     2.720
1949    46     2.720
1949    47     2.720
1949    48     2.720
1949    49     2.720
1949    50     2.720
1949    51     2.720
1949    52     2.720
1949    53     2.720
1949    54     2.720
1949    55     2.720
1950    12     0.000
1950    13     0.000
1950    14     0.000
1950    15     0.000
1950    16     0.003
1950    17     0.024
1950    18     0.092
1950    19     0.227
1950    20     0.380
1950    21     0.546
1950    22     0.727
1950    23     0.925
1950    24     1.109
1950    25     1.286
1950    26     1.448
1950    27     1.588
1950    28     1.722
1950    29     1.854
1950    30     1.990
1950    31     2.114
1950    32     2.214
1950    33     2.301
1950    34     2.388
1950    35     2.449
1950    36     2.504
1950    37     2.550
1950    38     2.582
1950    39     2.616
1950    40     2.645
1950    41     2.663
1950    42     2.674
1950    43     2.687
1950    44     2.691
1950    45     2.693
1950    46     2.695
1950    47     2.696
1950    48     2.696
1950    49     2.696
1950    50     2.696
1950    51     2.696
1950    52     2.696
1950    53     2.696
1950    54     2.696
1950    55     2.696
1951    12     0.000
1951    13     0.000
1951    14     0.000
1951    15     0.001
1951    16     0.005
1951    17     0.031
1951    18     0.106
1951    19     0.237
1951    20     0.385
1951    21     0.565
1951    22     0.750
1951    23     0.938
1951    24     1.116
1951    25     1.287
1951    26     1.442
1951    27     1.582
1951    28     1.715
1951    29     1.855
1951    30     1.980
1951    31     2.091
1951    32     2.182
1951    33     2.265
1951    34     2.352
1951    35     2.409
1951    36     2.467
1951    37     2.517
1951    38     2.556
1951    39     2.593
1951    40     2.621
1951    41     2.642
1951    42     2.652
1951    43     2.658
1951    44     2.663
1951    45     2.663
1951    46     2.664
1951    47     2.665
1951    48     2.665
1951    49     2.665
1951    50     2.665
1951    51     2.665
1951    52     2.665
1951    53     2.665
1951    54     2.665
1951    55     2.665
1952    12     0.000
1952    13     0.000
1952    14     0.000
1952    15     0.000
1952    16     0.004
1952    17     0.034
1952    18     0.109
1952    19     0.224
1952    20     0.369
1952    21     0.551
1952    22     0.719
1952    23     0.886
1952    24     1.054
1952    25     1.202
1952    26     1.356
1952    27     1.505
1952    28     1.636
1952    29     1.775
1952    30     1.890
1952    31     2.004
1952    32     2.095
1952    33     2.175
1952    34     2.253
1952    35     2.320
1952    36     2.385
1952    37     2.440
1952    38     2.484
1952    39     2.524
1952    40     2.553
1952    41     2.575
1952    42     2.588
1952    43     2.597
1952    44     2.598
1952    45     2.602
1952    46     2.603
1952    47     2.603
1952    48     2.603
1952    49     2.603
1952    50     2.603
1952    51     2.603
1952    52     2.603
1952    53     2.603
1952    54     2.603
1952    55     2.603
1953    12     0.000
1953    13     0.000
1953    14     0.000
1953    15     0.000
1953    16     0.006
1953    17     0.032
1953    18     0.106
1953    19     0.231
1953    20     0.368
1953    21     0.523
1953    22     0.672
1953    23     0.832
1953    24     0.992
1953    25     1.137
1953    26     1.290
1953    27     1.439
1953    28     1.577
1953    29     1.706
1953    30     1.820
1953    31     1.927
1953    32     2.014
1953    33     2.092
1953    34     2.172
1953    35     2.250
1953    36     2.320
1953    37     2.381
1953    38     2.429
1953    39     2.470
1953    40     2.495
1953    41     2.517
1953    42     2.528
1953    43     2.540
1953    44     2.544
1953    45     2.545
1953    46     2.545
1953    47     2.546
1953    48     2.546
1953    49     2.547
1953    50     2.547
1953    51     2.547
1953    52     2.547
1953    53     2.547
1953    54     2.547
1953    55     2.547
1954    12     0.000
1954    13     0.000
1954    14     0.000
1954    15     0.001
1954    16     0.012
1954    17     0.043
1954    18     0.124
1954    19     0.246
1954    20     0.373
1954    21     0.517
1954    22     0.672
1954    23     0.824
1954    24     0.977
1954    25     1.138
1954    26     1.290
1954    27     1.433
1954    28     1.573
1954    29     1.700
1954    30     1.813
1954    31     1.915
1954    32     2.007
1954    33     2.094
1954    34     2.174
1954    35     2.249
1954    36     2.318
1954    37     2.385
1954    38     2.439
1954    39     2.480
1954    40     2.509
1954    41     2.533
1954    42     2.549
1954    43     2.557
1954    44     2.563
1954    45     2.567
1954    46     2.567
1954    47     2.567
1954    48     2.568
1954    49     2.568
1954    50     2.568
1954    51     2.568
1954    52     2.568
1954    53     2.568
1954    54     2.568
1954    55     2.568
1955    12     0.000
1955    13     0.000
1955    14     0.000
1955    15     0.001
1955    16     0.007
1955    17     0.033
1955    18     0.110
1955    19     0.220
1955    20     0.347
1955    21     0.497
1955    22     0.646
1955    23     0.791
1955    24     0.943
1955    25     1.097
1955    26     1.241
1955    27     1.382
1955    28     1.522
1955    29     1.647
1955    30     1.751
1955    31     1.851
1955    32     1.955
1955    33     2.058
1955    34     2.142
1955    35     2.218
1955    36     2.289
1955    37     2.355
1955    38     2.407
1955    39     2.447
1955    40     2.477
1955    41     2.489
1955    42     2.499
1955    43     2.511
1955    44     2.518
1955    45     2.520
1955    46     2.521
1955    47     2.521
1955    48     2.522
1955    49     2.522
1955    50     2.522
1955    51     2.522
1955    52     2.522
1955    53     2.522
1955    54     2.522
1955    55     2.522
1956    12     0.000
1956    13     0.000
1956    14     0.000
1956    15     0.001
1956    16     0.008
1956    17     0.035
1956    18     0.103
1956    19     0.202
1956    20     0.320
1956    21     0.453
1956    22     0.594
1956    23     0.745
1956    24     0.901
1956    25     1.043
1956    26     1.182
1956    27     1.323
1956    28     1.453
1956    29     1.568
1956    30     1.671
1956    31     1.772
1956    32     1.890
1956    33     2.007
1956    34     2.108
1956    35     2.205
1956    36     2.281
1956    37     2.350
1956    38     2.394
1956    39     2.432
1956    40     2.459
1956    41     2.480
1956    42     2.491
1956    43     2.498
1956    44     2.502
1956    45     2.506
1956    46     2.507
1956    47     2.508
1956    48     2.508
1956    49     2.508
1956    50     2.508
1956    51     2.508
1956    52     2.508
1956    53     2.508
1956    54     2.508
1956    55     2.508
1957    12     0.000
1957    13     0.000
1957    14     0.000
1957    15     0.001
1957    16     0.009
1957    17     0.039
1957    18     0.105
1957    19     0.202
1957    20     0.313
1957    21     0.433
1957    22     0.583
1957    23     0.731
1957    24     0.882
1957    25     1.028
1957    26     1.172
1957    27     1.310
1957    28     1.431
1957    29     1.550
1957    30     1.666
1957    31     1.784
1957    32     1.904
1957    33     2.019
1957    34     2.115
1957    35     2.209
1957    36     2.287
1957    37     2.349
1957    38     2.406
1957    39     2.440
1957    40     2.473
1957    41     2.490
1957    42     2.501
1957    43     2.509
1957    44     2.513
1957    45     2.514
1957    46     2.516
1957    47     2.516
1957    48     2.516
1957    49     2.516
1957    50     2.516
1957    51     2.516
1957    52     2.516
1957    53     2.516
1957    54     2.516
1957    55     2.516
1958    12     0.000
1958    13     0.000
1958    14     0.000
1958    15     0.002
1958    16     0.010
1958    17     0.040
1958    18     0.102
1958    19     0.191
1958    20     0.299
1958    21     0.424
1958    22     0.575
1958    23     0.713
1958    24     0.859
1958    25     1.000
1958    26     1.141
1958    27     1.274
1958    28     1.393
1958    29     1.514
1958    30     1.640
1958    31     1.770
1958    32     1.887
1958    33     2.005
1958    34     2.109
1958    35     2.199
1958    36     2.278
1958    37     2.343
1958    38     2.397
1958    39     2.432
1958    40     2.465
1958    41     2.483
1958    42     2.495
1958    43     2.502
1958    44     2.507
1958    45     2.507
1958    46     2.508
1958    47     2.509
1958    48     2.509
1958    49     2.509
1958    50     2.509
1958    51     2.509
1958    52     2.509
1958    53     2.509
1958    54     2.509
1958    55     2.509
1959    12     0.000
1959    13     0.000
1959    14     0.000
1959    15     0.002
1959    16     0.009
1959    17     0.035
1959    18     0.093
1959    19     0.175
1959    20     0.287
1959    21     0.417
1959    22     0.565
1959    23     0.705
1959    24     0.855
1959    25     0.992
1959    26     1.126
1959    27     1.254
1959    28     1.378
1959    29     1.510
1959    30     1.647
1959    31     1.773
1959    32     1.894
1959    33     1.998
1959    34     2.096
1959    35     2.193
1959    36     2.265
1959    37     2.334
1959    38     2.391
1959    39     2.428
1959    40     2.452
1959    41     2.472
1959    42     2.487
1959    43     2.495
1959    44     2.499
1959    45     2.500
1959    46     2.502
1959    47     2.503
1959    48     2.503
1959    49     2.503
1959    50     2.503
1959    51     2.503
1959    52     2.503
1959    53     2.503
1959    54     2.503
1959    55     2.503
1960    12     0.000
1960    13     0.000
1960    14     0.000
1960    15     0.002
1960    16     0.011
1960    17     0.038
1960    18     0.102
1960    19     0.185
1960    20     0.303
1960    21     0.429
1960    22     0.570
1960    23     0.715
1960    24     0.858
1960    25     0.995
1960    26     1.127
1960    27     1.258
1960    28     1.402
1960    29     1.543
1960    30     1.680
1960    31     1.811
1960    32     1.932
1960    33     2.027
1960    34     2.119
1960    35     2.205
1960    36     2.275
1960    37     2.346
1960    38     2.397
1960    39     2.433
1960    40     2.458
1960    41     2.477
1960    42     2.491
1960    43     2.505
1960    44     2.515
1960    45     2.520
1960    46     2.522
1960    47     2.522
1960    48     2.523
1960    49     2.523
1960    50     2.523
1960    51     2.523
1960    52     2.523
1960    53     2.523
1960    54     2.523
1960    55     2.523
1961    12     0.000
1961    13     0.000
1961    14     0.000
1961    15     0.000
1961    16     0.005
1961    17     0.032
1961    18     0.088
1961    19     0.170
1961    20     0.277
1961    21     0.399
1961    22     0.536
1961    23     0.676
1961    24     0.802
1961    25     0.937
1961    26     1.071
1961    27     1.214
1961    28     1.355
1961    29     1.488
1961    30     1.623
1961    31     1.750
1961    32     1.876
1961    33     1.979
1961    34     2.075
1961    35     2.165
1961    36     2.243
1961    37     2.302
1961    38     2.363
1961    39     2.403
1961    40     2.432
1961    41     2.450
1961    42     2.464
1961    43     2.471
1961    44     2.476
1961    45     2.478
1961    46     2.479
1961    47     2.479
1961    48     2.480
1961    49     2.480
1961    50     2.480
1961    51     2.480
1961    52     2.480
1961    53     2.480
1961    54     2.480
1961    55     2.480
1962    12     0.000
1962    13     0.000
1962    14     0.000
1962    15     0.000
1962    16     0.005
1962    17     0.028
1962    18     0.077
1962    19     0.155
1962    20     0.255
1962    21     0.375
1962    22     0.505
1962    23     0.625
1962    24     0.748
1962    25     0.884
1962    26     1.021
1962    27     1.169
1962    28     1.309
1962    29     1.444
1962    30     1.580
1962    31     1.700
1962    32     1.813
1962    33     1.918
1962    34     2.015
1962    35     2.104
1962    36     2.172
1962    37     2.235
1962    38     2.283
1962    39     2.317
1962    40     2.347
1962    41     2.372
1962    42     2.389
1962    43     2.397
1962    44     2.403
1962    45     2.405
1962    46     2.408
1962    47     2.411
1962    48     2.411
1962    49     2.412
1962    50     2.412
1962    51     2.412
1962    52     2.413
1962    53     2.413
1962    54     2.413
1962    55     2.413
1963    12     0.000
1963    13     0.000
1963    14     0.000
1963    15     0.001
1963    16     0.007
1963    17     0.036
1963    18     0.084
1963    19     0.159
1963    20     0.251
1963    21     0.355
1963    22     0.473
1963    23     0.586
1963    24     0.719
1963    25     0.848
1963    26     0.991
1963    27     1.137
1963    28     1.285
1963    29     1.433
1963    30     1.576
1963    31     1.716
1963    32     1.831
1963    33     1.945
1963    34     2.039
1963    35     2.124
1963    36     2.188
1963    37     2.257
1963    38     2.305
1963    39     2.341
1963    40     2.372
1963    41     2.391
1963    42     2.410
1963    43     2.416
1963    44     2.422
1963    45     2.426
1963    46     2.428
1963    47     2.429
1963    48     2.429
1963    49     2.430
1963    50     2.430
1963    51     2.430
1963    52     2.430
1963    53     2.430
1963    54     2.430
1963    55     2.430
1964    12     0.000
1964    13     0.000
1964    14     0.000
1964    15     0.001
1964    16     0.005
1964    17     0.030
1964    18     0.073
1964    19     0.143
1964    20     0.220
1964    21     0.308
1964    22     0.412
1964    23     0.522
1964    24     0.659
1964    25     0.789
1964    26     0.939
1964    27     1.096
1964    28     1.240
1964    29     1.385
1964    30     1.508
1964    31     1.626
1964    32     1.755
1964    33     1.863
1964    34     1.960
1964    35     2.047
1964    36     2.124
1964    37     2.193
1964    38     2.248
1964    39     2.288
1964    40     2.326
1964    41     2.349
1964    42     2.365
1964    43     2.374
1964    44     2.380
1964    45     2.383
1964    46     2.383
1964    47     2.383
1964    48     2.383
1964    49     2.383
1964    50     2.384
1964    51     2.384
1964    52     2.384
1964    53     2.384
1964    54     2.384
1964    55     2.384
1965    12     0.000
1965    13     0.000
1965    14     0.000
1965    15     0.001
1965    16     0.006
1965    17     0.024
1965    18     0.058
1965    19     0.120
1965    20     0.190
1965    21     0.273
1965    22     0.376
1965    23     0.494
1965    24     0.629
1965    25     0.763
1965    26     0.909
1965    27     1.054
1965    28     1.190
1965    29     1.337
1965    30     1.472
1965    31     1.600
1965    32     1.715
1965    33     1.822
1965    34     1.916
1965    35     2.003
1965    36     2.087
1965    37     2.159
1965    38     2.202
1965    39     2.245
1965    40     2.276
1965    41     2.298
1965    42     2.317
1965    43     2.326
1965    44     2.334
1965    45     2.336
1965    46     2.336
1965    47     2.338
1965    48     2.339
1965    49     2.339
1965    50     2.340
1965    51     2.340
1965    52     2.340
1965    53     2.340
1965    54     2.340
1965    55     2.340
1966    12     0.000
1966    13     0.000
1966    14     0.000
1966    15     0.001
1966    16     0.008
1966    17     0.025
1966    18     0.058
1966    19     0.114
1966    20     0.179
1966    21     0.269
1966    22     0.381
1966    23     0.499
1966    24     0.628
1966    25     0.776
1966    26     0.907
1966    27     1.044
1966    28     1.198
1966    29     1.337
1966    30     1.455
1966    31     1.589
1966    32     1.713
1966    33     1.801
1966    34     1.897
1966    35     1.985
1966    36     2.067
1966    37     2.126
1966    38     2.177
1966    39     2.225
1966    40     2.259
1966    41     2.278
1966    42     2.298
1966    43     2.312
1966    44     2.319
1966    45     2.325
1966    46     2.327
1966    47     2.329
1966    48     2.329
1966    49     2.331
1966    50     2.331
1966    51     2.331
1966    52     2.331
1966    53     2.331
1966    54     2.331
1966    55     2.331
1967    12     0.000
1967    13     0.000
1967    14     0.000
1967    15     0.001
1967    16     0.005
1967    17     0.021
1967    18     0.054
1967    19     0.103
1967    20     0.166
1967    21     0.260
1967    22     0.371
1967    23     0.488
1967    24     0.607
1967    25     0.742
1967    26     0.880
1967    27     1.017
1967    28     1.165
1967    29     1.309
1967    30     1.433
1967    31     1.565
1967    32     1.683
1967    33     1.783
1967    34     1.881
1967    35     1.977
1967    36     2.050
1967    37     2.111
1967    38     2.157
1967    39     2.206
1967    40     2.240
1967    41     2.262
1967    42     2.282
1967    43     2.294
1967    44     2.300
1967    45     2.302
1967    46     2.305
1967    47     2.307
1967    48     2.308
1967    49     2.308
1967    50     2.308
1967    51     2.308
1967    52     2.308
1967    53     2.308
1967    54     2.308
1967    55         .
1968    12     0.000
1968    13     0.000
1968    14     0.000
1968    15     0.000
1968    16     0.003
1968    17     0.015
1968    18     0.045
1968    19     0.090
1968    20     0.154
1968    21     0.238
1968    22     0.349
1968    23     0.450
1968    24     0.569
1968    25     0.702
1968    26     0.836
1968    27     0.967
1968    28     1.112
1968    29     1.239
1968    30     1.358
1968    31     1.475
1968    32     1.601
1968    33     1.716
1968    34     1.804
1968    35     1.895
1968    36     1.973
1968    37     2.047
1968    38     2.110
1968    39     2.153
1968    40     2.189
1968    41     2.215
1968    42     2.239
1968    43     2.251
1968    44     2.258
1968    45     2.263
1968    46     2.266
1968    47     2.270
1968    48     2.271
1968    49     2.272
1968    50     2.273
1968    51     2.274
1968    52     2.274
1968    53     2.274
1968    54         .
1968    55         .
1969    12     0.000
1969    13     0.000
1969    14     0.000
1969    15     0.000
1969    16     0.004
1969    17     0.015
1969    18     0.040
1969    19     0.090
1969    20     0.154
1969    21     0.235
1969    22     0.334
1969    23     0.434
1969    24     0.552
1969    25     0.670
1969    26     0.795
1969    27     0.924
1969    28     1.067
1969    29     1.209
1969    30     1.329
1969    31     1.454
1969    32     1.563
1969    33     1.671
1969    34     1.766
1969    35     1.864
1969    36     1.946
1969    37     2.018
1969    38     2.073
1969    39     2.121
1969    40     2.162
1969    41     2.191
1969    42     2.217
1969    43     2.230
1969    44     2.238
1969    45     2.243
1969    46     2.246
1969    47     2.247
1969    48     2.250
1969    49     2.250
1969    50     2.251
1969    51     2.251
1969    52     2.251
1969    53         .
1969    54         .
1969    55         .
1970    12     0.000
1970    13     0.000
1970    14     0.000
1970    15     0.001
1970    16     0.006
1970    17     0.018
1970    18     0.043
1970    19     0.094
1970    20     0.156
1970    21     0.237
1970    22     0.335
1970    23     0.439
1970    24     0.568
1970    25     0.682
1970    26     0.820
1970    27     0.947
1970    28     1.076
1970    29     1.207
1970    30     1.336
1970    31     1.453
1970    32     1.573
1970    33     1.687
1970    34     1.793
1970    35     1.896
1970    36     1.988
1970    37     2.058
1970    38     2.119
1970    39     2.175
1970    40     2.214
1970    41     2.240
1970    42     2.260
1970    43     2.271
1970    44     2.279
1970    45     2.280
1970    46     2.282
1970    47     2.283
1970    48     2.283
1970    49     2.283
1970    50     2.285
1970    51     2.285
1970    52         .
1970    53         .
1970    54         .
1970    55         .
1971    12     0.000
1971    13     0.000
1971    14     0.000
1971    15     0.001
1971    16     0.004
1971    17     0.016
1971    18     0.044
1971    19     0.089
1971    20     0.155
1971    21     0.224
1971    22     0.314
1971    23     0.420
1971    24     0.522
1971    25     0.634
1971    26     0.750
1971    27     0.877
1971    28     1.000
1971    29     1.142
1971    30     1.277
1971    31     1.399
1971    32     1.517
1971    33     1.642
1971    34     1.754
1971    35     1.863
1971    36     1.958
1971    37     2.041
1971    38     2.118
1971    39     2.183
1971    40     2.228
1971    41     2.256
1971    42     2.278
1971    43     2.288
1971    44     2.293
1971    45     2.295
1971    46     2.299
1971    47     2.301
1971    48     2.301
1971    49     2.302
1971    50     2.302
1971    51         .
1971    52         .
1971    53         .
1971    54         .
1971    55         .
1972    12     0.000
1972    13     0.000
1972    14     0.000
1972    15     0.000
1972    16     0.003
1972    17     0.014
1972    18     0.039
1972    19     0.081
1972    20     0.133
1972    21     0.206
1972    22     0.297
1972    23     0.394
1972    24     0.506
1972    25     0.625
1972    26     0.746
1972    27     0.884
1972    28     1.008
1972    29     1.143
1972    30     1.272
1972    31     1.397
1972    32     1.538
1972    33     1.649
1972    34     1.761
1972    35     1.866
1972    36     1.953
1972    37     2.030
1972    38     2.087
1972    39     2.144
1972    40     2.186
1972    41     2.219
1972    42     2.240
1972    43     2.258
1972    44     2.263
1972    45     2.265
1972    46     2.269
1972    47     2.273
1972    48     2.274
1972    49     2.275
1972    50         .
1972    51         .
1972    52         .
1972    53         .
1972    54         .
1972    55         .
1973    12     0.000
1973    13     0.000
1973    14     0.000
1973    15     0.000
1973    16     0.003
1973    17     0.015
1973    18     0.044
1973    19     0.082
1973    20     0.142
1973    21     0.212
1973    22     0.291
1973    23     0.388
1973    24     0.491
1973    25     0.599
1973    26     0.725
1973    27     0.840
1973    28     0.978
1973    29     1.120
1973    30     1.252
1973    31     1.371
1973    32     1.491
1973    33     1.612
1973    34     1.728
1973    35     1.827
1973    36     1.918
1973    37     2.005
1973    38     2.072
1973    39     2.120
1973    40     2.160
1973    41     2.183
1973    42     2.200
1973    43     2.217
1973    44     2.220
1973    45     2.227
1973    46     2.229
1973    47     2.231
1973    48     2.232
1973    49         .
1973    50         .
1973    51         .
1973    52         .
1973    53         .
1973    54         .
1973    55         .
1974    12     0.000
1974    13     0.000
1974    14     0.000
1974    15     0.000
1974    16     0.004
1974    17     0.014
1974    18     0.038
1974    19     0.084
1974    20     0.136
1974    21     0.213
1974    22     0.303
1974    23     0.402
1974    24     0.507
1974    25     0.615
1974    26     0.731
1974    27     0.848
1974    28     0.974
1974    29     1.112
1974    30     1.252
1974    31     1.375
1974    32     1.506
1974    33     1.613
1974    34     1.727
1974    35     1.833
1974    36     1.935
1974    37     2.019
1974    38     2.071
1974    39     2.127
1974    40     2.169
1974    41     2.196
1974    42     2.220
1974    43     2.230
1974    44     2.240
1974    45     2.245
1974    46     2.248
1974    47     2.249
1974    48         .
1974    49         .
1974    50         .
1974    51         .
1974    52         .
1974    53         .
1974    54         .
1974    55         .
1975    12     0.000
1975    13     0.000
1975    14     0.000
1975    15     0.000
1975    16     0.001
1975    17     0.009
1975    18     0.031
1975    19     0.063
1975    20     0.115
1975    21     0.182
1975    22     0.266
1975    23     0.344
1975    24     0.450
1975    25     0.561
1975    26     0.676
1975    27     0.802
1975    28     0.922
1975    29     1.073
1975    30     1.203
1975    31     1.337
1975    32     1.464
1975    33     1.581
1975    34     1.692
1975    35     1.802
1975    36     1.906
1975    37     1.989
1975    38     2.053
1975    39     2.103
1975    40     2.148
1975    41     2.168
1975    42     2.188
1975    43     2.195
1975    44     2.198
1975    45     2.200
1975    46     2.203
1975    47         .
1975    48         .
1975    49         .
1975    50         .
1975    51         .
1975    52         .
1975    53         .
1975    54         .
1975    55         .
1976    12     0.000
1976    13     0.000
1976    14     0.000
1976    15     0.000
1976    16     0.002
1976    17     0.009
1976    18     0.025
1976    19     0.063
1976    20     0.112
1976    21     0.176
1976    22     0.258
1976    23     0.343
1976    24     0.444
1976    25     0.557
1976    26     0.665
1976    27     0.781
1976    28     0.914
1976    29     1.058
1976    30     1.195
1976    31     1.329
1976    32     1.470
1976    33     1.598
1976    34     1.729
1976    35     1.821
1976    36     1.915
1976    37     1.995
1976    38     2.058
1976    39     2.106
1976    40     2.142
1976    41     2.177
1976    42     2.196
1976    43     2.206
1976    44     2.212
1976    45     2.214
1976    46         .
1976    47         .
1976    48         .
1976    49         .
1976    50         .
1976    51         .
1976    52         .
1976    53         .
1976    54         .
1976    55         .
1977    12     0.000
1977    13     0.000
1977    14     0.000
1977    15     0.001
1977    16     0.003
1977    17     0.013
1977    18     0.035
1977    19     0.068
1977    20     0.118
1977    21     0.188
1977    22     0.262
1977    23     0.348
1977    24     0.446
1977    25     0.532
1977    26     0.637
1977    27     0.761
1977    28     0.903
1977    29     1.032
1977    30     1.170
1977    31     1.300
1977    32     1.437
1977    33     1.559
1977    34     1.682
1977    35     1.780
1977    36     1.874
1977    37     1.942
1977    38     2.008
1977    39     2.050
1977    40     2.089
1977    41     2.116
1977    42     2.140
1977    43     2.156
1977    44     2.165
1977    45         .
1977    46         .
1977    47         .
1977    48         .
1977    49         .
1977    50         .
1977    51         .
1977    52         .
1977    53         .
1977    54         .
1977    55         .
1978    12     0.000
1978    13     0.000
1978    14     0.000
1978    15     0.001
1978    16     0.001
1978    17     0.010
1978    18     0.033
1978    19     0.068
1978    20     0.119
1978    21     0.183
1978    22     0.262
1978    23     0.354
1978    24     0.438
1978    25     0.547
1978    26     0.660
1978    27     0.779
1978    28     0.914
1978    29     1.060
1978    30     1.209
1978    31     1.349
1978    32     1.493
1978    33     1.625
1978    34     1.749
1978    35     1.844
1978    36     1.942
1978    37     2.021
1978    38     2.080
1978    39     2.123
1978    40     2.163
1978    41     2.191
1978    42     2.210
1978    43     2.222
1978    44         .
1978    45         .
1978    46         .
1978    47         .
1978    48         .
1978    49         .
1978    50         .
1978    51         .
1978    52         .
1978    53         .
1978    54         .
1978    55         .
1979    12     0.000
1979    13     0.000
1979    14     0.000
1979    15     0.000
1979    16     0.002
1979    17     0.007
1979    18     0.030
1979    19     0.069
1979    20     0.113
1979    21     0.183
1979    22     0.253
1979    23     0.335
1979    24     0.413
1979    25     0.524
1979    26     0.641
1979    27     0.763
1979    28     0.894
1979    29     1.042
1979    30     1.187
1979    31     1.347
1979    32     1.475
1979    33     1.598
1979    34     1.712
1979    35     1.815
1979    36     1.901
1979    37     1.966
1979    38     2.034
1979    39     2.084
1979    40     2.127
1979    41     2.162
1979    42     2.181
1979    43         .
1979    44         .
1979    45         .
1979    46         .
1979    47         .
1979    48         .
1979    49         .
1979    50         .
1979    51         .
1979    52         .
1979    53         .
1979    54         .
1979    55         .
1980    12     0.000
1980    13     0.000
1980    14     0.000
1980    15     0.000
1980    16     0.002
1980    17     0.007
1980    18     0.029
1980    19     0.073
1980    20     0.124
1980    21     0.186
1980    22     0.249
1980    23     0.330
1980    24     0.422
1980    25     0.524
1980    26     0.640
1980    27     0.773
1980    28     0.912
1980    29     1.060
1980    30     1.218
1980    31     1.359
1980    32     1.482
1980    33     1.608
1980    34     1.704
1980    35     1.786
1980    36     1.869
1980    37     1.931
1980    38     1.981
1980    39     2.032
1980    40     2.066
1980    41     2.096
1980    42         .
1980    43         .
1980    44         .
1980    45         .
1980    46         .
1980    47         .
1980    48         .
1980    49         .
1980    50         .
1980    51         .
1980    52         .
1980    53         .
1980    54         .
1980    55         .
1981    12     0.000
1981    13     0.000
1981    14     0.000
1981    15     0.000
1981    16     0.001
1981    17     0.009
1981    18     0.032
1981    19     0.073
1981    20     0.118
1981    21     0.178
1981    22     0.236
1981    23     0.301
1981    24     0.387
1981    25     0.484
1981    26     0.600
1981    27     0.734
1981    28     0.878
1981    29     1.027
1981    30     1.162
1981    31     1.291
1981    32     1.425
1981    33     1.534
1981    34     1.634
1981    35     1.721
1981    36     1.809
1981    37     1.881
1981    38     1.944
1981    39     1.994
1981    40     2.026
1981    41         .
1981    42         .
1981    43         .
1981    44         .
1981    45         .
1981    46         .
1981    47         .
1981    48         .
1981    49         .
1981    50         .
1981    51         .
1981    52         .
1981    53         .
1981    54         .
1981    55         .
1982    12     0.000
1982    13     0.000
1982    14     0.000
1982    15     0.000
1982    16     0.002
1982    17     0.009
1982    18     0.026
1982    19     0.063
1982    20     0.113
1982    21     0.164
1982    22     0.236
1982    23     0.326
1982    24     0.432
1982    25     0.533
1982    26     0.639
1982    27     0.778
1982    28     0.921
1982    29     1.055
1982    30     1.207
1982    31     1.334
1982    32     1.460
1982    33     1.579
1982    34     1.674
1982    35     1.767
1982    36     1.846
1982    37     1.910
1982    38     1.969
1982    39     2.012
1982    40         .
1982    41         .
1982    42         .
1982    43         .
1982    44         .
1982    45         .
1982    46         .
1982    47         .
1982    48         .
1982    49         .
1982    50         .
1982    51         .
1982    52         .
1982    53         .
1982    54         .
1982    55         .
1983    12     0.000
1983    13     0.000
1983    14     0.000
1983    15     0.000
1983    16     0.001
1983    17     0.008
1983    18     0.027
1983    19     0.054
1983    20     0.092
1983    21     0.141
1983    22     0.200
1983    23     0.280
1983    24     0.365
1983    25     0.464
1983    26     0.581
1983    27     0.717
1983    28     0.852
1983    29     0.984
1983    30     1.124
1983    31     1.262
1983    32     1.372
1983    33     1.485
1983    34     1.591
1983    35     1.680
1983    36     1.765
1983    37     1.835
1983    38     1.895
1983    39         .
1983    40         .
1983    41         .
1983    42         .
1983    43         .
1983    44         .
1983    45         .
1983    46         .
1983    47         .
1983    48         .
1983    49         .
1983    50         .
1983    51         .
1983    52         .
1983    53         .
1983    54         .
1983    55         .
1984    12     0.000
1984    13     0.000
1984    14     0.000
1984    15     0.000
1984    16     0.000
1984    17     0.007
1984    18     0.020
1984    19     0.042
1984    20     0.079
1984    21     0.125
1984    22     0.184
1984    23     0.270
1984    24     0.370
1984    25     0.467
1984    26     0.591
1984    27     0.712
1984    28     0.859
1984    29     0.994
1984    30     1.123
1984    31     1.248
1984    32     1.363
1984    33     1.474
1984    34     1.584
1984    35     1.670
1984    36     1.760
1984    37     1.846
1984    38         .
1984    39         .
1984    40         .
1984    41         .
1984    42         .
1984    43         .
1984    44         .
1984    45         .
1984    46         .
1984    47         .
1984    48         .
1984    49         .
1984    50         .
1984    51         .
1984    52         .
1984    53         .
1984    54         .
1984    55         .
1985    12     0.000
1985    13     0.000
1985    14     0.000
1985    15     0.000
1985    16     0.002
1985    17     0.009
1985    18     0.023
1985    19     0.044
1985    20     0.084
1985    21     0.142
1985    22     0.206
1985    23     0.280
1985    24     0.382
1985    25     0.495
1985    26     0.615
1985    27     0.743
1985    28     0.874
1985    29     1.001
1985    30     1.125
1985    31     1.247
1985    32     1.365
1985    33     1.464
1985    34     1.570
1985    35     1.665
1985    36     1.745
1985    37         .
1985    38         .
1985    39         .
1985    40         .
1985    41         .
1985    42         .
1985    43         .
1985    44         .
1985    45         .
1985    46         .
1985    47         .
1985    48         .
1985    49         .
1985    50         .
1985    51         .
1985    52         .
1985    53         .
1985    54         .
1985    55         .
1986    12     0.000
1986    13     0.000
1986    14     0.000
1986    15     0.001
1986    16     0.001
1986    17     0.006
1986    18     0.014
1986    19     0.041
1986    20     0.077
1986    21     0.137
1986    22     0.195
1986    23     0.272
1986    24     0.362
1986    25     0.454
1986    26     0.550
1986    27     0.663
1986    28     0.798
1986    29     0.921
1986    30     1.046
1986    31     1.179
1986    32     1.289
1986    33     1.407
1986    34     1.507
1986    35     1.594
1986    36         .
1986    37         .
1986    38         .
1986    39         .
1986    40         .
1986    41         .
1986    42         .
1986    43         .
1986    44         .
1986    45         .
1986    46         .
1986    47         .
1986    48         .
1986    49         .
1986    50         .
1986    51         .
1986    52         .
1986    53         .
1986    54         .
1986    55         .
1987    12     0.000
1987    13     0.000
1987    14     0.000
1987    15     0.000
1987    16     0.001
1987    17     0.003
1987    18     0.011
1987    19     0.027
1987    20     0.059
1987    21     0.110
1987    22     0.165
1987    23     0.229
1987    24     0.314
1987    25     0.392
1987    26     0.507
1987    27     0.630
1987    28     0.763
1987    29     0.877
1987    30     0.998
1987    31     1.116
1987    32     1.234
1987    33     1.345
1987    34     1.449
1987    35         .
1987    36         .
1987    37         .
1987    38         .
1987    39         .
1987    40         .
1987    41         .
1987    42         .
1987    43         .
1987    44         .
1987    45         .
1987    46         .
1987    47         .
1987    48         .
1987    49         .
1987    50         .
1987    51         .
1987    52         .
1987    53         .
1987    54         .
1987    55         .
1988    12     0.000
1988    13     0.000
1988    14     0.000
1988    15     0.000
1988    16     0.001
1988    17     0.004
1988    18     0.015
1988    19     0.040
1988    20     0.079
1988    21     0.127
1988    22     0.192
1988    23     0.259
1988    24     0.329
1988    25     0.419
1988    26     0.519
1988    27     0.633
1988    28     0.753
1988    29     0.876
1988    30     1.009
1988    31     1.130
1988    32     1.263
1988    33     1.384
1988    34         .
1988    35         .
1988    36         .
1988    37         .
1988    38         .
1988    39         .
1988    40         .
1988    41         .
1988    42         .
1988    43         .
1988    44         .
1988    45         .
1988    46         .
1988    47         .
1988    48         .
1988    49         .
1988    50         .
1988    51         .
1988    52         .
1988    53         .
1988    54         .
1988    55         .
1989    12     0.000
1989    13     0.000
1989    14     0.000
1989    15     0.000
1989    16     0.001
1989    17     0.006
1989    18     0.019
1989    19     0.039
1989    20     0.074
1989    21     0.120
1989    22     0.171
1989    23     0.236
1989    24     0.305
1989    25     0.398
1989    26     0.500
1989    27     0.612
1989    28     0.712
1989    29     0.829
1989    30     0.954
1989    31     1.081
1989    32     1.209
1989    33         .
1989    34         .
1989    35         .
1989    36         .
1989    37         .
1989    38         .
1989    39         .
1989    40         .
1989    41         .
1989    42         .
1989    43         .
1989    44         .
1989    45         .
1989    46         .
1989    47         .
1989    48         .
1989    49         .
1989    50         .
1989    51         .
1989    52         .
1989    53         .
1989    54         .
1989    55         .
1990    12     0.000
1990    13     0.000
1990    14     0.000
1990    15     0.000
1990    16     0.000
1990    17     0.003
1990    18     0.013
1990    19     0.033
1990    20     0.060
1990    21     0.109
1990    22     0.164
1990    23     0.220
1990    24     0.297
1990    25     0.387
1990    26     0.485
1990    27     0.582
1990    28     0.691
1990    29     0.817
1990    30     0.941
1990    31     1.066
1990    32         .
1990    33         .
1990    34         .
1990    35         .
1990    36         .
1990    37         .
1990    38         .
1990    39         .
1990    40         .
1990    41         .
1990    42         .
1990    43         .
1990    44         .
1990    45         .
1990    46         .
1990    47         .
1990    48         .
1990    49         .
1990    50         .
1990    51         .
1990    52         .
1990    53         .
1990    54         .
1990    55         .
1991    12     0.000
1991    13     0.000
1991    14     0.000
1991    15     0.000
1991    16     0.000
1991    17     0.005
1991    18     0.015
1991    19     0.034
1991    20     0.065
1991    21     0.104
1991    22     0.160
1991    23     0.225
1991    24     0.306
1991    25     0.386
1991    26     0.480
1991    27     0.575
1991    28     0.685
1991    29     0.802
1991    30     0.933
1991    31         .
1991    32         .
1991    33         .
1991    34         .
1991    35         .
1991    36         .
1991    37         .
1991    38         .
1991    39         .
1991    40         .
1991    41         .
1991    42         .
1991    43         .
1991    44         .
1991    45         .
1991    46         .
1991    47         .
1991    48         .
1991    49         .
1991    50         .
1991    51         .
1991    52         .
1991    53         .
1991    54         .
1991    55         .
1992    12     0.000
1992    13     0.000
1992    14     0.000
1992    15     0.000
1992    16     0.000
1992    17     0.003
1992    18     0.015
1992    19     0.034
1992    20     0.063
1992    21     0.099
1992    22     0.142
1992    23     0.205
1992    24     0.268
1992    25     0.338
1992    26     0.424
1992    27     0.515
1992    28     0.624
1992    29     0.752
1992    30         .
1992    31         .
1992    32         .
1992    33         .
1992    34         .
1992    35         .
1992    36         .
1992    37         .
1992    38         .
1992    39         .
1992    40         .
1992    41         .
1992    42         .
1992    43         .
1992    44         .
1992    45         .
1992    46         .
1992    47         .
1992    48         .
1992    49         .
1992    50         .
1992    51         .
1992    52         .
1992    53         .
1992    54         .
1992    55         .
1993    12     0.000
1993    13     0.000
1993    14     0.000
1993    15     0.000
1993    16     0.000
1993    17     0.005
1993    18     0.016
1993    19     0.032
1993    20     0.057
1993    21     0.095
1993    22     0.142
1993    23     0.193
1993    24     0.247
1993    25     0.316
1993    26     0.407
1993    27     0.509
1993    28     0.636
1993    29         .
1993    30         .
1993    31         .
1993    32         .
1993    33         .
1993    34         .
1993    35         .
1993    36         .
1993    37         .
1993    38         .
1993    39         .
1993    40         .
1993    41         .
1993    42         .
1993    43         .
1993    44         .
1993    45         .
1993    46         .
1993    47         .
1993    48         .
1993    49         .
1993    50         .
1993    51         .
1993    52         .
1993    53         .
1993    54         .
1993    55         .
1994    12     0.000
1994    13     0.000
1994    14     0.000
1994    15     0.000
1994    16     0.000
1994    17     0.002
1994    18     0.010
1994    19     0.020
1994    20     0.038
1994    21     0.069
1994    22     0.103
1994    23     0.143
1994    24     0.199
1994    25     0.265
1994    26     0.346
1994    27     0.448
1994    28         .
1994    29         .
1994    30         .
1994    31         .
1994    32         .
1994    33         .
1994    34         .
1994    35         .
1994    36         .
1994    37         .
1994    38         .
1994    39         .
1994    40         .
1994    41         .
1994    42         .
1994    43         .
1994    44         .
1994    45         .
1994    46         .
1994    47         .
1994    48         .
1994    49         .
1994    50         .
1994    51         .
1994    52         .
1994    53         .
1994    54         .
1994    55         .
1995    12     0.000
1995    13     0.000
1995    14     0.000
1995    15     0.000
1995    16     0.003
1995    17     0.005
1995    18     0.011
1995    19     0.025
1995    20     0.045
1995    21     0.074
1995    22     0.116
1995    23     0.166
1995    24     0.224
1995    25     0.294
1995    26     0.394
1995    27         .
1995    28         .
1995    29         .
1995    30         .
1995    31         .
1995    32         .
1995    33         .
1995    34         .
1995    35         .
1995    36         .
1995    37         .
1995    38         .
1995    39         .
1995    40         .
1995    41         .
1995    42         .
1995    43         .
1995    44         .
1995    45         .
1995    46         .
1995    47         .
1995    48         .
1995    49         .
1995    50         .
1995    51         .
1995    52         .
1995    53         .
1995    54         .
1995    55         .
1996    12     0.000
1996    13     0.000
1996    14     0.000
1996    15     0.000
1996    16     0.001
1996    17     0.002
1996    18     0.006
1996    19     0.017
1996    20     0.038
1996    21     0.067
1996    22     0.098
1996    23     0.149
1996    24     0.194
1996    25     0.266
1996    26         .
1996    27         .
1996    28         .
1996    29         .
1996    30         .
1996    31         .
1996    32         .
1996    33         .
1996    34         .
1996    35         .
1996    36         .
1996    37         .
1996    38         .
1996    39         .
1996    40         .
1996    41         .
1996    42         .
1996    43         .
1996    44         .
1996    45         .
1996    46         .
1996    47         .
1996    48         .
1996    49         .
1996    50         .
1996    51         .
1996    52         .
1996    53         .
1996    54         .
1996    55         .
1997    12     0.000
1997    13     0.000
1997    14     0.000
1997    15     0.000
1997    16     0.000
1997    17     0.002
1997    18     0.006
1997    19     0.014
1997    20     0.031
1997    21     0.061
1997    22     0.099
1997    23     0.144
1997    24     0.204
1997    25         .
1997    26         .
1997    27         .
1997    28         .
1997    29         .
1997    30         .
1997    31         .
1997    32         .
1997    33         .
1997    34         .
1997    35         .
1997    36         .
1997    37         .
1997    38         .
1997    39         .
1997    40         .
1997    41         .
1997    42         .
1997    43         .
1997    44         .
1997    45         .
1997    46         .
1997    47         .
1997    48         .
1997    49         .
1997    50         .
1997    51         .
1997    52         .
1997    53         .
1997    54         .
1997    55         .
1998    12     0.000
1998    13     0.000
1998    14     0.000
1998    15     0.000
1998    16     0.000
1998    17     0.000
1998    18     0.006
1998    19     0.013
1998    20     0.030
1998    21     0.061
1998    22     0.092
1998    23     0.131
1998    24         .
1998    25         .
1998    26         .
1998    27         .
1998    28         .
1998    29         .
1998    30         .
1998    31         .
1998    32         .
1998    33         .
1998    34         .
1998    35         .
1998    36         .
1998    37         .
1998    38         .
1998    39         .
1998    40         .
1998    41         .
1998    42         .
1998    43         .
1998    44         .
1998    45         .
1998    46         .
1998    47         .
1998    48         .
1998    49         .
1998    50         .
1998    51         .
1998    52         .
1998    53         .
1998    54         .
1998    55         .
1999    12     0.000
1999    13     0.000
1999    14     0.000
1999    15     0.000
1999    16     0.000
1999    17     0.001
1999    18     0.006
1999    19     0.015
1999    20     0.031
1999    21     0.053
1999    22     0.085
1999    23         .
1999    24         .
1999    25         .
1999    26         .
1999    27         .
1999    28         .
1999    29         .
1999    30         .
1999    31         .
1999    32         .
1999    33         .
1999    34         .
1999    35         .
1999    36         .
1999    37         .
1999    38         .
1999    39         .
1999    40         .
1999    41         .
1999    42         .
1999    43         .
1999    44         .
1999    45         .
1999    46         .
1999    47         .
1999    48         .
1999    49         .
1999    50         .
1999    51         .
1999    52         .
1999    53         .
1999    54         .
1999    55         .
2000    12     0.000
2000    13     0.000
2000    14     0.000
2000    15     0.000
2000    16     0.000
2000    17     0.001
2000    18     0.004
2000    19     0.009
2000    20     0.020
2000    21     0.037
2000    22         .
2000    23         .
2000    24         .
2000    25         .
2000    26         .
2000    27         .
2000    28         .
2000    29         .
2000    30         .
2000    31         .
2000    32         .
2000    33         .
2000    34         .
2000    35         .
2000    36         .
2000    37         .
2000    38         .
2000    39         .
2000    40         .
2000    41         .
2000    42         .
2000    43         .
2000    44         .
2000    45         .
2000    46         .
2000    47         .
2000    48         .
2000    49         .
2000    50         .
2000    51         .
2000    52         .
2000    53         .
2000    54         .
2000    55         .
2001    12     0.000
2001    13     0.000
2001    14     0.000
2001    15     0.000
2001    16     0.000
2001    17     0.001
2001    18     0.006
2001    19     0.009
2001    20     0.021
2001    21         .
2001    22         .
2001    23         .
2001    24         .
2001    25         .
2001    26         .
2001    27         .
2001    28         .
2001    29         .
2001    30         .
2001    31         .
2001    32         .
2001    33         .
2001    34         .
2001    35         .
2001    36         .
2001    37         .
2001    38         .
2001    39         .
2001    40         .
2001    41         .
2001    42         .
2001    43         .
2001    44         .
2001    45         .
2001    46         .
2001    47         .
2001    48         .
2001    49         .
2001    50         .
2001    51         .
2001    52         .
2001    53         .
2001    54         .
2001    55         .
2002    12     0.000
2002    13     0.000
2002    14     0.000
2002    15     0.000
2002    16     0.000
2002    17     0.001
2002    18     0.004
2002    19     0.010
2002    20         .
2002    21         .
2002    22         .
2002    23         .
2002    24         .
2002    25         .
2002    26         .
2002    27         .
2002    28         .
2002    29         .
2002    30         .
2002    31         .
2002    32         .
2002    33         .
2002    34         .
2002    35         .
2002    36         .
2002    37         .
2002    38         .
2002    39         .
2002    40         .
2002    41         .
2002    42         .
2002    43         .
2002    44         .
2002    45         .
2002    46         .
2002    47         .
2002    48         .
2002    49         .
2002    50         .
2002    51         .
2002    52         .
2002    53         .
2002    54         .
2002    55         .
2003    12     0.000
2003    13     0.000
2003    14     0.000
2003    15     0.000
2003    16     0.000
2003    17     0.000
2003    18     0.001
2003    19         .
2003    20         .
2003    21         .
2003    22         .
2003    23         .
2003    24         .
2003    25         .
2003    26         .
2003    27         .
2003    28         .
2003    29         .
2003    30         .
2003    31         .
2003    32         .
2003    33         .
2003    34         .
2003    35         .
2003    36         .
2003    37         .
2003    38         .
2003    39         .
2003    40         .
2003    41         .
2003    42         .
2003    43         .
2003    44         .
2003    45         .
2003    46         .
2003    47         .
2003    48         .
2003    49         .
2003    50         .
2003    51         .
2003    52         .
2003    53         .
2003    54         .
2003    55         .
2004    12     0.000
2004    13     0.000
2004    14     0.000
2004    15     0.000
2004    16     0.000
2004    17     0.002
2004    18         .
2004    19         .
2004    20         .
2004    21         .
2004    22         .
2004    23         .
2004    24         .
2004    25         .
2004    26         .
2004    27         .
2004    28         .
2004    29         .
2004    30         .
2004    31         .
2004    32         .
2004    33         .
2004    34         .
2004    35         .
2004    36         .
2004    37         .
2004    38         .
2004    39         .
2004    40         .
2004    41         .
2004    42         .
2004    43         .
2004    44         .
2004    45         .
2004    46         .
2004    47         .
2004    48         .
2004    49         .
2004    50         .
2004    51         .
2004    52         .
2004    53         .
2004    54         .
2004    55         .
2005    12     0.000
2005    13     0.000
2005    14     0.000
2005    15     0.000
2005    16     0.000
2005    17         .
2005    18         .
2005    19         .
2005    20         .
2005    21         .
2005    22         .
2005    23         .
2005    24         .
2005    25         .
2005    26         .
2005    27         .
2005    28         .
2005    29         .
2005    30         .
2005    31         .
2005    32         .
2005    33         .
2005    34         .
2005    35         .
2005    36         .
2005    37         .
2005    38         .
2005    39         .
2005    40         .
2005    41         .
2005    42         .
2005    43         .
2005    44         .
2005    45         .
2005    46         .
2005    47         .
2005    48         .
2005    49         .
2005    50         .
2005    51         .
2005    52         .
2005    53         .
2005    54         .
2005    55         .
2006    12     0.000
2006    13     0.000
2006    14     0.000
2006    15     0.000
2006    16         .
2006    17         .
2006    18         .
2006    19         .
2006    20         .
2006    21         .
2006    22         .
2006    23         .
2006    24         .
2006    25         .
2006    26         .
2006    27         .
2006    28         .
2006    29         .
2006    30         .
2006    31         .
2006    32         .
2006    33         .
2006    34         .
2006    35         .
2006    36         .
2006    37         .
2006    38         .
2006    39         .
2006    40         .
2006    41         .
2006    42         .
2006    43         .
2006    44         .
2006    45         .
2006    46         .
2006    47         .
2006    48         .
2006    49         .
2006    50         .
2006    51         .
2006    52         .
2006    53         .
2006    54         .
2006    55         .
2007    12     0.000
2007    13     0.000
2007    14     0.000
2007    15         .
2007    16         .
2007    17         .
2007    18         .
2007    19         .
2007    20         .
2007    21         .
2007    22         .
2007    23         .
2007    24         .
2007    25         .
2007    26         .
2007    27         .
2007    28         .
2007    29         .
2007    30         .
2007    31         .
2007    32         .
2007    33         .
2007    34         .
2007    35         .
2007    36         .
2007    37         .
2007    38         .
2007    39         .
2007    40         .
2007    41         .
2007    42         .
2007    43         .
2007    44         .
2007    45         .
2007    46         .
2007    47         .
2007    48         .
2007    49         .
2007    50         .
2007    51         .
2007    52         .
2007    53         .
2007    54         .
2007    55         .
2008    12     0.000
2008    13     0.000
2008    14         .
2008    15         .
2008    16         .
2008    17         .
2008    18         .
2008    19         .
2008    20         .
2008    21         .
2008    22         .
2008    23         .
2008    24         .
2008    25         .
2008    26         .
2008    27         .
2008    28         .
2008    29         .
2008    30         .
2008    31         .
2008    32         .
2008    33         .
2008    34         .
2008    35         .
2008    36         .
2008    37         .
2008    38         .
2008    39         .
2008    40         .
2008    41         .
2008    42         .
2008    43         .
2008    44         .
2008    45         .
2008    46         .
2008    47         .
2008    48         .
2008    49         .
2008    50         .
2008    51         .
2008    52         .
2008    53         .
2008    54         .
2008    55         .
