Iceland, Cumulative period fertility rates (Lexis squares)
Last modified: 06/09/2023
Year    Age     CPFR
1960    12     0.000
1960    13     0.000
1960    14     0.000
1960    15     0.000
1960    16     0.001
1960    17     0.010
1960    18     0.060
1960    19     0.218
1960    20     0.480
1960    21     0.715
1960    22     0.970
1960    23     1.224
1960    24     1.472
1960    25     1.724
1960    26     1.970
1960    27     2.190
1960    28     2.391
1960    29     2.582
1960    30     2.774
1960    31     2.957
1960    32     3.122
1960    33     3.275
1960    34     3.421
1960    35     3.562
1960    36     3.691
1960    37     3.805
1960    38     3.908
1960    39     4.000
1960    40     4.082
1960    41     4.151
1960    42     4.205
1960    43     4.245
1960    44     4.272
1960    45     4.288
1960    46     4.298
1960    47     4.302
1960    48     4.303
1960    49     4.303
1960    50     4.303
1960    51     4.303
1960    52     4.303
1960    53     4.303
1960    54     4.303
1960    55     4.303
1961    12     0.000
1961    13     0.000
1961    14     0.000
1961    15     0.000
1961    16     0.001
1961    17     0.009
1961    18     0.054
1961    19     0.198
1961    20     0.433
1961    21     0.654
1961    22     0.894
1961    23     1.131
1961    24     1.360
1961    25     1.592
1961    26     1.814
1961    27     2.009
1961    28     2.187
1961    29     2.358
1961    30     2.534
1961    31     2.705
1961    32     2.863
1961    33     3.010
1961    34     3.148
1961    35     3.278
1961    36     3.396
1961    37     3.498
1961    38     3.588
1961    39     3.668
1961    40     3.737
1961    41     3.793
1961    42     3.837
1961    43     3.871
1961    44     3.895
1961    45     3.910
1961    46     3.921
1961    47     3.926
1961    48     3.927
1961    49     3.927
1961    50     3.927
1961    51     3.927
1961    52     3.927
1961    53     3.927
1961    54     3.927
1961    55     3.927
1962    12     0.000
1962    13     0.000
1962    14     0.000
1962    15     0.000
1962    16     0.001
1962    17     0.009
1962    18     0.052
1962    19     0.190
1962    20     0.415
1962    21     0.629
1962    22     0.859
1962    23     1.088
1962    24     1.313
1962    25     1.547
1962    26     1.782
1962    27     1.995
1962    28     2.192
1962    29     2.379
1962    30     2.563
1962    31     2.735
1962    32     2.888
1962    33     3.029
1962    34     3.164
1962    35     3.295
1962    36     3.416
1962    37     3.524
1962    38     3.621
1962    39     3.708
1962    40     3.785
1962    41     3.848
1962    42     3.898
1962    43     3.935
1962    44     3.961
1962    45     3.977
1962    46     3.988
1962    47     3.992
1962    48     3.993
1962    49     3.993
1962    50     3.993
1962    51     3.993
1962    52     3.993
1962    53     3.993
1962    54     3.993
1962    55     3.993
1963    12     0.000
1963    13     0.000
1963    14     0.000
1963    15     0.000
1963    16     0.005
1963    17     0.028
1963    18     0.116
1963    19     0.250
1963    20     0.437
1963    21     0.670
1963    22     0.902
1963    23     1.172
1963    24     1.396
1963    25     1.615
1963    26     1.844
1963    27     2.076
1963    28     2.266
1963    29     2.448
1963    30     2.645
1963    31     2.807
1963    32     2.956
1963    33     3.098
1963    34     3.245
1963    35     3.375
1963    36     3.492
1963    37     3.572
1963    38     3.657
1963    39     3.728
1963    40     3.808
1963    41     3.867
1963    42     3.915
1963    43     3.950
1963    44     3.976
1963    45     3.987
1963    46     3.990
1963    47     3.993
1963    48     3.993
1963    49     3.993
1963    50     3.993
1963    51     3.993
1963    52     3.993
1963    53     3.993
1963    54     3.993
1963    55     3.993
1964    12     0.000
1964    13     0.000
1964    14     0.000
1964    15     0.000
1964    16     0.006
1964    17     0.027
1964    18     0.105
1964    19     0.273
1964    20     0.457
1964    21     0.674
1964    22     0.904
1964    23     1.121
1964    24     1.342
1964    25     1.575
1964    26     1.800
1964    27     2.004
1964    28     2.194
1964    29     2.368
1964    30     2.523
1964    31     2.670
1964    32     2.813
1964    33     2.977
1964    34     3.108
1964    35     3.234
1964    36     3.356
1964    37     3.453
1964    38     3.546
1964    39     3.624
1964    40     3.692
1964    41     3.746
1964    42     3.806
1964    43     3.843
1964    44     3.862
1964    45     3.870
1964    46     3.879
1964    47     3.880
1964    48     3.880
1964    49     3.881
1964    50     3.881
1964    51     3.881
1964    52     3.881
1964    53     3.881
1964    54     3.881
1964    55     3.881
1965    12     0.000
1965    13     0.000
1965    14     0.000
1965    15     0.000
1965    16     0.008
1965    17     0.039
1965    18     0.127
1965    19     0.275
1965    20     0.453
1965    21     0.675
1965    22     0.885
1965    23     1.094
1965    24     1.297
1965    25     1.525
1965    26     1.718
1965    27     1.906
1965    28     2.100
1965    29     2.282
1965    30     2.423
1965    31     2.580
1965    32     2.730
1965    33     2.841
1965    34     2.971
1965    35     3.090
1965    36     3.223
1965    37     3.310
1965    38     3.382
1965    39     3.469
1965    40     3.540
1965    41     3.584
1965    42     3.642
1965    43     3.676
1965    44     3.696
1965    45     3.712
1965    46     3.718
1965    47     3.722
1965    48     3.725
1965    49     3.727
1965    50     3.727
1965    51     3.727
1965    52     3.727
1965    53     3.728
1965    54     3.728
1965    55     3.728
1966    12     0.000
1966    13     0.000
1966    14     0.000
1966    15     0.001
1966    16     0.004
1966    17     0.029
1966    18     0.128
1966    19     0.289
1966    20     0.479
1966    21     0.695
1966    22     0.890
1966    23     1.126
1966    24     1.345
1966    25     1.522
1966    26     1.723
1966    27     1.880
1966    28     2.074
1966    29     2.225
1966    30     2.369
1966    31     2.518
1966    32     2.663
1966    33     2.792
1966    34     2.900
1966    35     3.009
1966    36     3.113
1966    37     3.197
1966    38     3.293
1966    39     3.363
1966    40     3.417
1966    41     3.470
1966    42     3.514
1966    43     3.543
1966    44     3.565
1966    45     3.576
1966    46     3.578
1966    47     3.585
1966    48     3.585
1966    49     3.586
1966    50     3.587
1966    51     3.587
1966    52     3.587
1966    53     3.587
1966    54     3.587
1966    55     3.587
1967    12     0.000
1967    13     0.000
1967    14     0.000
1967    15     0.000
1967    16     0.004
1967    17     0.025
1967    18     0.096
1967    19     0.241
1967    20     0.424
1967    21     0.627
1967    22     0.814
1967    23     1.012
1967    24     1.230
1967    25     1.397
1967    26     1.574
1967    27     1.725
1967    28     1.883
1967    29     2.035
1967    30     2.182
1967    31     2.308
1967    32     2.444
1967    33     2.553
1967    34     2.657
1967    35     2.762
1967    36     2.875
1967    37     2.960
1967    38     3.027
1967    39     3.085
1967    40     3.142
1967    41     3.180
1967    42     3.212
1967    43     3.246
1967    44     3.259
1967    45     3.274
1967    46     3.280
1967    47     3.282
1967    48     3.283
1967    49     3.284
1967    50     3.284
1967    51     3.284
1967    52     3.285
1967    53     3.285
1967    54     3.285
1967    55     3.285
1968    12     0.000
1968    13     0.000
1968    14     0.000
1968    15     0.000
1968    16     0.005
1968    17     0.034
1968    18     0.102
1968    19     0.228
1968    20     0.394
1968    21     0.573
1968    22     0.788
1968    23     0.982
1968    24     1.150
1968    25     1.342
1968    26     1.494
1968    27     1.640
1968    28     1.785
1968    29     1.915
1968    30     2.057
1968    31     2.168
1968    32     2.289
1968    33     2.399
1968    34     2.490
1968    35     2.580
1968    36     2.660
1968    37     2.736
1968    38     2.799
1968    39     2.868
1968    40     2.924
1968    41     2.968
1968    42     3.001
1968    43     3.025
1968    44     3.044
1968    45     3.052
1968    46     3.059
1968    47     3.062
1968    48     3.063
1968    49     3.065
1968    50     3.065
1968    51     3.065
1968    52     3.065
1968    53     3.065
1968    54     3.065
1968    55     3.065
1969    12     0.000
1969    13     0.000
1969    14     0.000
1969    15     0.002
1969    16     0.008
1969    17     0.039
1969    18     0.118
1969    19     0.261
1969    20     0.415
1969    21     0.567
1969    22     0.755
1969    23     0.937
1969    24     1.111
1969    25     1.273
1969    26     1.438
1969    27     1.606
1969    28     1.757
1969    29     1.907
1969    30     2.024
1969    31     2.134
1969    32     2.232
1969    33     2.339
1969    34     2.452
1969    35     2.536
1969    36     2.624
1969    37     2.695
1969    38     2.771
1969    39     2.821
1969    40     2.876
1969    41     2.904
1969    42     2.935
1969    43     2.957
1969    44     2.975
1969    45     2.984
1969    46     2.987
1969    47     2.988
1969    48     2.989
1969    49     2.989
1969    50     2.989
1969    51     2.989
1969    52     2.990
1969    53     2.990
1969    54     2.990
1969    55     2.990
1970    12     0.000
1970    13     0.000
1970    14     0.000
1970    15     0.000
1970    16     0.012
1970    17     0.036
1970    18     0.109
1970    19     0.228
1970    20     0.379
1970    21     0.538
1970    22     0.708
1970    23     0.883
1970    24     1.047
1970    25     1.209
1970    26     1.357
1970    27     1.502
1970    28     1.641
1970    29     1.791
1970    30     1.911
1970    31     2.040
1970    32     2.146
1970    33     2.245
1970    34     2.331
1970    35     2.415
1970    36     2.483
1970    37     2.557
1970    38     2.606
1970    39     2.655
1970    40     2.700
1970    41     2.735
1970    42     2.766
1970    43     2.789
1970    44     2.802
1970    45     2.807
1970    46     2.810
1970    47     2.813
1970    48     2.814
1970    49     2.814
1970    50     2.814
1970    51     2.814
1970    52     2.814
1970    53     2.814
1970    54     2.814
1970    55     2.814
1971    12     0.000
1971    13     0.000
1971    14     0.000
1971    15     0.001
1971    16     0.006
1971    17     0.037
1971    18     0.116
1971    19     0.229
1971    20     0.373
1971    21     0.544
1971    22     0.717
1971    23     0.901
1971    24     1.092
1971    25     1.271
1971    26     1.438
1971    27     1.613
1971    28     1.758
1971    29     1.908
1971    30     2.025
1971    31     2.156
1971    32     2.257
1971    33     2.359
1971    34     2.466
1971    35     2.543
1971    36     2.621
1971    37     2.685
1971    38     2.735
1971    39     2.783
1971    40     2.826
1971    41     2.856
1971    42     2.876
1971    43     2.895
1971    44     2.907
1971    45     2.916
1971    46     2.917
1971    47     2.918
1971    48     2.920
1971    49     2.920
1971    50     2.920
1971    51     2.920
1971    52     2.920
1971    53     2.920
1971    54     2.920
1971    55     2.920
1972    12     0.000
1972    13     0.000
1972    14     0.000
1972    15     0.000
1972    16     0.009
1972    17     0.032
1972    18     0.111
1972    19     0.247
1972    20     0.393
1972    21     0.580
1972    22     0.769
1972    23     0.959
1972    24     1.160
1972    25     1.364
1972    26     1.543
1972    27     1.716
1972    28     1.859
1972    29     2.016
1972    30     2.155
1972    31     2.277
1972    32     2.390
1972    33     2.504
1972    34     2.596
1972    35     2.683
1972    36     2.767
1972    37     2.843
1972    38     2.909
1972    39     2.963
1972    40     3.004
1972    41     3.026
1972    42     3.049
1972    43     3.069
1972    44     3.081
1972    45     3.087
1972    46     3.090
1972    47     3.092
1972    48     3.092
1972    49     3.092
1972    50     3.092
1972    51     3.092
1972    52     3.092
1972    53     3.092
1972    54     3.092
1972    55     3.092
1973    12     0.000
1973    13     0.000
1973    14     0.000
1973    15     0.002
1973    16     0.011
1973    17     0.040
1973    18     0.118
1973    19     0.230
1973    20     0.357
1973    21     0.533
1973    22     0.712
1973    23     0.918
1973    24     1.108
1973    25     1.296
1973    26     1.474
1973    27     1.642
1973    28     1.802
1973    29     1.945
1973    30     2.071
1973    31     2.200
1973    32     2.316
1973    33     2.415
1973    34     2.501
1973    35     2.587
1973    36     2.648
1973    37     2.708
1973    38     2.764
1973    39     2.813
1973    40     2.842
1973    41     2.870
1973    42     2.901
1973    43     2.918
1973    44     2.928
1973    45     2.936
1973    46     2.939
1973    47     2.941
1973    48     2.941
1973    49     2.942
1973    50     2.942
1973    51     2.942
1973    52     2.942
1973    53     2.942
1973    54     2.942
1973    55     2.942
1974    12     0.000
1974    13     0.000
1974    14     0.000
1974    15     0.002
1974    16     0.009
1974    17     0.041
1974    18     0.102
1974    19     0.207
1974    20     0.336
1974    21     0.472
1974    22     0.628
1974    23     0.797
1974    24     0.973
1974    25     1.144
1974    26     1.305
1974    27     1.459
1974    28     1.618
1974    29     1.763
1974    30     1.888
1974    31     2.010
1974    32     2.112
1974    33     2.212
1974    34     2.288
1974    35     2.351
1974    36     2.408
1974    37     2.461
1974    38     2.525
1974    39     2.559
1974    40     2.588
1974    41     2.612
1974    42     2.629
1974    43     2.635
1974    44     2.646
1974    45     2.653
1974    46     2.655
1974    47     2.655
1974    48     2.656
1974    49     2.657
1974    50     2.657
1974    51     2.657
1974    52     2.657
1974    53     2.657
1974    54     2.657
1974    55     2.657
1975    12     0.000
1975    13     0.000
1975    14     0.000
1975    15     0.001
1975    16     0.009
1975    17     0.038
1975    18     0.107
1975    19     0.202
1975    20     0.325
1975    21     0.476
1975    22     0.622
1975    23     0.785
1975    24     0.962
1975    25     1.145
1975    26     1.312
1975    27     1.468
1975    28     1.618
1975    29     1.749
1975    30     1.868
1975    31     1.970
1975    32     2.077
1975    33     2.173
1975    34     2.249
1975    35     2.332
1975    36     2.395
1975    37     2.445
1975    38     2.500
1975    39     2.542
1975    40     2.576
1975    41     2.597
1975    42     2.613
1975    43     2.631
1975    44     2.636
1975    45     2.645
1975    46     2.647
1975    47     2.647
1975    48     2.648
1975    49     2.648
1975    50     2.648
1975    51     2.648
1975    52     2.648
1975    53     2.648
1975    54     2.648
1975    55     2.648
1976    12     0.000
1976    13     0.000
1976    14     0.000
1976    15     0.000
1976    16     0.008
1976    17     0.033
1976    18     0.089
1976    19     0.187
1976    20     0.302
1976    21     0.448
1976    22     0.611
1976    23     0.770
1976    24     0.931
1976    25     1.091
1976    26     1.246
1976    27     1.392
1976    28     1.538
1976    29     1.668
1976    30     1.781
1976    31     1.899
1976    32     2.003
1976    33     2.090
1976    34     2.160
1976    35     2.242
1976    36     2.288
1976    37     2.342
1976    38     2.387
1976    39     2.421
1976    40     2.452
1976    41     2.476
1976    42     2.493
1976    43     2.505
1976    44     2.514
1976    45     2.520
1976    46     2.523
1976    47     2.523
1976    48     2.523
1976    49     2.523
1976    50     2.523
1976    51     2.523
1976    52     2.523
1976    53     2.523
1976    54     2.523
1976    55     2.523
1977    12     0.000
1977    13     0.000
1977    14     0.000
1977    15     0.000
1977    16     0.005
1977    17     0.032
1977    18     0.093
1977    19     0.175
1977    20     0.282
1977    21     0.404
1977    22     0.538
1977    23     0.681
1977    24     0.839
1977    25     0.975
1977    26     1.129
1977    27     1.266
1977    28     1.396
1977    29     1.525
1977    30     1.622
1977    31     1.715
1977    32     1.806
1977    33     1.888
1977    34     1.956
1977    35     2.029
1977    36     2.101
1977    37     2.150
1977    38     2.187
1977    39     2.220
1977    40     2.247
1977    41     2.270
1977    42     2.287
1977    43     2.299
1977    44     2.303
1977    45     2.308
1977    46     2.311
1977    47     2.312
1977    48     2.312
1977    49     2.312
1977    50     2.312
1977    51     2.312
1977    52     2.312
1977    53     2.312
1977    54     2.312
1977    55     2.312
1978    12     0.000
1978    13     0.000
1978    14     0.000
1978    15     0.002
1978    16     0.007
1978    17     0.034
1978    18     0.099
1978    19     0.180
1978    20     0.288
1978    21     0.406
1978    22     0.553
1978    23     0.703
1978    24     0.851
1978    25     1.004
1978    26     1.160
1978    27     1.303
1978    28     1.442
1978    29     1.565
1978    30     1.681
1978    31     1.783
1978    32     1.876
1978    33     1.964
1978    34     2.034
1978    35     2.100
1978    36     2.158
1978    37     2.204
1978    38     2.242
1978    39     2.275
1978    40     2.295
1978    41     2.315
1978    42     2.332
1978    43     2.338
1978    44     2.339
1978    45     2.344
1978    46     2.348
1978    47     2.349
1978    48     2.349
1978    49     2.349
1978    50     2.349
1978    51     2.349
1978    52     2.349
1978    53     2.349
1978    54     2.349
1978    55     2.349
1979    12     0.000
1979    13     0.000
1979    14     0.000
1979    15     0.000
1979    16     0.006
1979    17     0.028
1979    18     0.075
1979    19     0.158
1979    20     0.274
1979    21     0.406
1979    22     0.560
1979    23     0.711
1979    24     0.865
1979    25     1.035
1979    26     1.185
1979    27     1.339
1979    28     1.465
1979    29     1.604
1979    30     1.742
1979    31     1.862
1979    32     1.967
1979    33     2.065
1979    34     2.145
1979    35     2.230
1979    36     2.293
1979    37     2.351
1979    38     2.386
1979    39     2.424
1979    40     2.444
1979    41     2.463
1979    42     2.472
1979    43     2.479
1979    44     2.484
1979    45     2.484
1979    46     2.484
1979    47     2.486
1979    48     2.488
1979    49     2.488
1979    50     2.488
1979    51     2.488
1979    52     2.488
1979    53     2.488
1979    54     2.488
1979    55     2.488
1980    12     0.000
1980    13     0.000
1980    14     0.000
1980    15     0.001
1980    16     0.004
1980    17     0.035
1980    18     0.088
1980    19     0.168
1980    20     0.287
1980    21     0.415
1980    22     0.563
1980    23     0.707
1980    24     0.867
1980    25     1.006
1980    26     1.157
1980    27     1.301
1980    28     1.436
1980    29     1.579
1980    30     1.712
1980    31     1.847
1980    32     1.946
1980    33     2.041
1980    34     2.127
1980    35     2.203
1980    36     2.269
1980    37     2.326
1980    38     2.371
1980    39     2.408
1980    40     2.433
1980    41     2.454
1980    42     2.465
1980    43     2.470
1980    44     2.473
1980    45     2.475
1980    46     2.477
1980    47     2.477
1980    48     2.477
1980    49     2.477
1980    50     2.477
1980    51     2.477
1980    52     2.477
1980    53     2.477
1980    54     2.477
1980    55     2.477
1981    12     0.000
1981    13     0.000
1981    14     0.000
1981    15     0.001
1981    16     0.006
1981    17     0.031
1981    18     0.074
1981    19     0.149
1981    20     0.246
1981    21     0.368
1981    22     0.517
1981    23     0.652
1981    24     0.792
1981    25     0.937
1981    26     1.074
1981    27     1.216
1981    28     1.357
1981    29     1.494
1981    30     1.611
1981    31     1.720
1981    32     1.829
1981    33     1.920
1981    34     1.994
1981    35     2.072
1981    36     2.131
1981    37     2.190
1981    38     2.234
1981    39     2.273
1981    40     2.291
1981    41     2.303
1981    42     2.312
1981    43     2.323
1981    44     2.328
1981    45     2.330
1981    46     2.331
1981    47     2.331
1981    48     2.332
1981    49     2.332
1981    50     2.332
1981    51     2.332
1981    52     2.332
1981    53     2.332
1981    54     2.332
1981    55     2.332
1982    12     0.000
1982    13     0.000
1982    14     0.000
1982    15     0.001
1982    16     0.007
1982    17     0.023
1982    18     0.063
1982    19     0.139
1982    20     0.241
1982    21     0.363
1982    22     0.498
1982    23     0.640
1982    24     0.791
1982    25     0.940
1982    26     1.081
1982    27     1.222
1982    28     1.362
1982    29     1.483
1982    30     1.594
1982    31     1.709
1982    32     1.800
1982    33     1.891
1982    34     1.962
1982    35     2.028
1982    36     2.082
1982    37     2.119
1982    38     2.162
1982    39     2.193
1982    40     2.211
1982    41     2.234
1982    42     2.247
1982    43     2.253
1982    44     2.259
1982    45     2.263
1982    46     2.264
1982    47     2.264
1982    48     2.264
1982    49     2.264
1982    50     2.264
1982    51     2.264
1982    52     2.264
1982    53     2.264
1982    54     2.264
1982    55     2.264
1983    12     0.000
1983    13     0.000
1983    14     0.000
1983    15     0.001
1983    16     0.003
1983    17     0.022
1983    18     0.052
1983    19     0.117
1983    20     0.200
1983    21     0.314
1983    22     0.453
1983    23     0.601
1983    24     0.752
1983    25     0.884
1983    26     1.030
1983    27     1.171
1983    28     1.309
1983    29     1.442
1983    30     1.560
1983    31     1.673
1983    32     1.763
1983    33     1.845
1983    34     1.930
1983    35     2.006
1983    36     2.060
1983    37     2.096
1983    38     2.135
1983    39     2.166
1983    40     2.194
1983    41     2.219
1983    42     2.232
1983    43     2.233
1983    44     2.238
1983    45     2.243
1983    46     2.243
1983    47     2.243
1983    48     2.244
1983    49     2.244
1983    50     2.244
1983    51     2.244
1983    52     2.244
1983    53     2.244
1983    54     2.244
1983    55     2.244
1984    12     0.000
1984    13     0.000
1984    14     0.000
1984    15     0.001
1984    16     0.003
1984    17     0.017
1984    18     0.051
1984    19     0.112
1984    20     0.185
1984    21     0.279
1984    22     0.400
1984    23     0.531
1984    24     0.662
1984    25     0.804
1984    26     0.941
1984    27     1.076
1984    28     1.201
1984    29     1.318
1984    30     1.426
1984    31     1.525
1984    32     1.617
1984    33     1.702
1984    34     1.792
1984    35     1.856
1984    36     1.911
1984    37     1.961
1984    38     1.999
1984    39     2.024
1984    40     2.046
1984    41     2.061
1984    42     2.072
1984    43     2.077
1984    44     2.080
1984    45     2.080
1984    46     2.080
1984    47     2.080
1984    48     2.080
1984    49     2.080
1984    50     2.080
1984    51     2.080
1984    52     2.080
1984    53     2.080
1984    54     2.080
1984    55     2.080
1985    12     0.000
1985    13     0.000
1985    14     0.000
1985    15     0.001
1985    16     0.005
1985    17     0.017
1985    18     0.049
1985    19     0.102
1985    20     0.168
1985    21     0.251
1985    22     0.365
1985    23     0.476
1985    24     0.597
1985    25     0.729
1985    26     0.858
1985    27     0.990
1985    28     1.107
1985    29     1.219
1985    30     1.317
1985    31     1.422
1985    32     1.506
1985    33     1.580
1985    34     1.663
1985    35     1.721
1985    36     1.777
1985    37     1.826
1985    38     1.862
1985    39     1.889
1985    40     1.902
1985    41     1.913
1985    42     1.923
1985    43     1.927
1985    44     1.931
1985    45     1.931
1985    46     1.933
1985    47     1.933
1985    48     1.933
1985    49     1.933
1985    50     1.933
1985    51     1.933
1985    52     1.933
1985    53     1.933
1985    54     1.933
1985    55     1.933
1986    12     0.000
1986    13     0.000
1986    14     0.000
1986    15     0.000
1986    16     0.006
1986    17     0.016
1986    18     0.043
1986    19     0.089
1986    20     0.153
1986    21     0.236
1986    22     0.330
1986    23     0.443
1986    24     0.568
1986    25     0.706
1986    26     0.842
1986    27     0.969
1986    28     1.087
1986    29     1.213
1986    30     1.324
1986    31     1.419
1986    32     1.517
1986    33     1.601
1986    34     1.676
1986    35     1.731
1986    36     1.785
1986    37     1.831
1986    38     1.861
1986    39     1.885
1986    40     1.900
1986    41     1.909
1986    42     1.919
1986    43     1.925
1986    44     1.928
1986    45     1.931
1986    46     1.932
1986    47     1.933
1986    48     1.933
1986    49     1.933
1986    50     1.933
1986    51     1.933
1986    52     1.933
1986    53     1.933
1986    54     1.933
1986    55     1.933
1987    12     0.000
1987    13     0.000
1987    14     0.000
1987    15     0.000
1987    16     0.002
1987    17     0.015
1987    18     0.040
1987    19     0.085
1987    20     0.147
1987    21     0.241
1987    22     0.354
1987    23     0.462
1987    24     0.602
1987    25     0.737
1987    26     0.868
1987    27     1.002
1987    28     1.132
1987    29     1.249
1987    30     1.368
1987    31     1.474
1987    32     1.584
1987    33     1.675
1987    34     1.759
1987    35     1.836
1987    36     1.900
1987    37     1.947
1987    38     1.977
1987    39     2.009
1987    40     2.030
1987    41     2.046
1987    42     2.059
1987    43     2.067
1987    44     2.069
1987    45     2.071
1987    46     2.072
1987    47     2.072
1987    48     2.072
1987    49     2.072
1987    50     2.072
1987    51     2.072
1987    52     2.072
1987    53     2.072
1987    54     2.072
1987    55     2.072
1988    12     0.000
1988    13     0.000
1988    14     0.000
1988    15     0.000
1988    16     0.004
1988    17     0.017
1988    18     0.043
1988    19     0.097
1988    20     0.162
1988    21     0.257
1988    22     0.367
1988    23     0.494
1988    24     0.630
1988    25     0.752
1988    26     0.894
1988    27     1.044
1988    28     1.199
1988    29     1.348
1988    30     1.483
1988    31     1.613
1988    32     1.739
1988    33     1.858
1988    34     1.937
1988    35     2.015
1988    36     2.081
1988    37     2.134
1988    38     2.170
1988    39     2.209
1988    40     2.232
1988    41     2.247
1988    42     2.258
1988    43     2.265
1988    44     2.268
1988    45     2.271
1988    46     2.271
1988    47     2.271
1988    48     2.271
1988    49     2.271
1988    50     2.271
1988    51     2.271
1988    52     2.271
1988    53     2.271
1988    54     2.271
1988    55     2.271
1989    12     0.000
1989    13     0.000
1989    14     0.000
1989    15     0.000
1989    16     0.002
1989    17     0.010
1989    18     0.037
1989    19     0.086
1989    20     0.149
1989    21     0.224
1989    22     0.336
1989    23     0.446
1989    24     0.576
1989    25     0.714
1989    26     0.860
1989    27     1.009
1989    28     1.138
1989    29     1.269
1989    30     1.406
1989    31     1.536
1989    32     1.651
1989    33     1.763
1989    34     1.852
1989    35     1.923
1989    36     1.996
1989    37     2.055
1989    38     2.098
1989    39     2.125
1989    40     2.155
1989    41     2.178
1989    42     2.189
1989    43     2.196
1989    44     2.199
1989    45     2.200
1989    46     2.201
1989    47     2.201
1989    48     2.201
1989    49     2.201
1989    50     2.201
1989    51     2.201
1989    52     2.201
1989    53     2.201
1989    54     2.201
1989    55     2.201
1990    12     0.000
1990    13     0.000
1990    14     0.000
1990    15     0.000
1990    16     0.002
1990    17     0.015
1990    18     0.039
1990    19     0.088
1990    20     0.153
1990    21     0.238
1990    22     0.352
1990    23     0.469
1990    24     0.595
1990    25     0.737
1990    26     0.886
1990    27     1.035
1990    28     1.183
1990    29     1.320
1990    30     1.462
1990    31     1.590
1990    32     1.714
1990    33     1.832
1990    34     1.937
1990    35     2.023
1990    36     2.089
1990    37     2.155
1990    38     2.198
1990    39     2.243
1990    40     2.274
1990    41     2.287
1990    42     2.297
1990    43     2.301
1990    44     2.306
1990    45     2.308
1990    46     2.309
1990    47     2.309
1990    48     2.309
1990    49     2.309
1990    50     2.309
1990    51     2.309
1990    52     2.309
1990    53     2.309
1990    54     2.309
1990    55     2.309
1991    12     0.000
1991    13     0.000
1991    14     0.000
1991    15     0.000
1991    16     0.002
1991    17     0.012
1991    18     0.040
1991    19     0.079
1991    20     0.139
1991    21     0.214
1991    22     0.301
1991    23     0.394
1991    24     0.514
1991    25     0.649
1991    26     0.783
1991    27     0.928
1991    28     1.080
1991    29     1.210
1991    30     1.337
1991    31     1.456
1991    32     1.574
1991    33     1.680
1991    34     1.775
1991    35     1.875
1991    36     1.948
1991    37     2.011
1991    38     2.066
1991    39     2.106
1991    40     2.137
1991    41     2.156
1991    42     2.170
1991    43     2.179
1991    44     2.185
1991    45     2.186
1991    46     2.187
1991    47     2.187
1991    48     2.187
1991    49     2.187
1991    50     2.187
1991    51     2.187
1991    52     2.187
1991    53     2.187
1991    54     2.187
1991    55     2.187
1992    12     0.000
1992    13     0.000
1992    14     0.000
1992    15     0.001
1992    16     0.002
1992    17     0.012
1992    18     0.035
1992    19     0.076
1992    20     0.132
1992    21     0.199
1992    22     0.296
1992    23     0.399
1992    24     0.513
1992    25     0.650
1992    26     0.789
1992    27     0.931
1992    28     1.065
1992    29     1.213
1992    30     1.358
1992    31     1.482
1992    32     1.606
1992    33     1.706
1992    34     1.808
1992    35     1.900
1992    36     1.976
1992    37     2.046
1992    38     2.094
1992    39     2.137
1992    40     2.161
1992    41     2.183
1992    42     2.193
1992    43     2.202
1992    44     2.208
1992    45     2.210
1992    46     2.211
1992    47     2.211
1992    48     2.211
1992    49     2.211
1992    50     2.211
1992    51     2.211
1992    52     2.211
1992    53     2.211
1992    54     2.211
1992    55     2.211
1993    12     0.000
1993    13     0.000
1993    14     0.000
1993    15     0.000
1993    16     0.003
1993    17     0.011
1993    18     0.028
1993    19     0.062
1993    20     0.115
1993    21     0.191
1993    22     0.281
1993    23     0.385
1993    24     0.509
1993    25     0.640
1993    26     0.777
1993    27     0.919
1993    28     1.069
1993    29     1.230
1993    30     1.358
1993    31     1.486
1993    32     1.607
1993    33     1.707
1993    34     1.806
1993    35     1.902
1993    36     1.980
1993    37     2.047
1993    38     2.102
1993    39     2.137
1993    40     2.163
1993    41     2.189
1993    42     2.204
1993    43     2.214
1993    44     2.219
1993    45     2.221
1993    46     2.221
1993    47     2.222
1993    48     2.222
1993    49     2.222
1993    50     2.222
1993    51     2.222
1993    52     2.222
1993    53     2.222
1993    54     2.222
1993    55     2.222
1994    12     0.000
1994    13     0.000
1994    14     0.000
1994    15     0.000
1994    16     0.001
1994    17     0.010
1994    18     0.029
1994    19     0.066
1994    20     0.116
1994    21     0.188
1994    22     0.274
1994    23     0.380
1994    24     0.497
1994    25     0.608
1994    26     0.740
1994    27     0.881
1994    28     1.030
1994    29     1.161
1994    30     1.295
1994    31     1.428
1994    32     1.544
1994    33     1.646
1994    34     1.736
1994    35     1.826
1994    36     1.908
1994    37     1.971
1994    38     2.019
1994    39     2.062
1994    40     2.092
1994    41     2.114
1994    42     2.127
1994    43     2.135
1994    44     2.140
1994    45     2.141
1994    46     2.142
1994    47     2.142
1994    48     2.142
1994    49     2.142
1994    50     2.142
1994    51     2.142
1994    52     2.142
1994    53     2.142
1994    54     2.142
1994    55     2.142
1995    12     0.000
1995    13     0.000
1995    14     0.000
1995    15     0.000
1995    16     0.001
1995    17     0.008
1995    18     0.034
1995    19     0.067
1995    20     0.117
1995    21     0.189
1995    22     0.273
1995    23     0.369
1995    24     0.474
1995    25     0.587
1995    26     0.709
1995    27     0.827
1995    28     0.970
1995    29     1.110
1995    30     1.230
1995    31     1.359
1995    32     1.481
1995    33     1.596
1995    34     1.696
1995    35     1.782
1995    36     1.855
1995    37     1.920
1995    38     1.974
1995    39     2.007
1995    40     2.034
1995    41     2.052
1995    42     2.063
1995    43     2.072
1995    44     2.075
1995    45     2.076
1995    46     2.077
1995    47     2.077
1995    48     2.078
1995    49     2.078
1995    50     2.078
1995    51     2.078
1995    52     2.078
1995    53     2.078
1995    54     2.078
1995    55     2.078
1996    12     0.000
1996    13     0.000
1996    14     0.000
1996    15     0.000
1996    16     0.002
1996    17     0.008
1996    18     0.026
1996    19     0.059
1996    20     0.111
1996    21     0.176
1996    22     0.260
1996    23     0.351
1996    24     0.463
1996    25     0.575
1996    26     0.708
1996    27     0.828
1996    28     0.982
1996    29     1.124
1996    30     1.248
1996    31     1.371
1996    32     1.493
1996    33     1.606
1996    34     1.708
1996    35     1.798
1996    36     1.872
1996    37     1.946
1996    38     2.007
1996    39     2.045
1996    40     2.075
1996    41     2.091
1996    42     2.101
1996    43     2.112
1996    44     2.115
1996    45     2.117
1996    46     2.118
1996    47     2.119
1996    48     2.119
1996    49     2.119
1996    50     2.119
1996    51     2.119
1996    52     2.119
1996    53     2.119
1996    54     2.119
1996    55     2.119
1997    12     0.000
1997    13     0.000
1997    14     0.000
1997    15     0.000
1997    16     0.001
1997    17     0.006
1997    18     0.032
1997    19     0.068
1997    20     0.122
1997    21     0.188
1997    22     0.279
1997    23     0.375
1997    24     0.464
1997    25     0.583
1997    26     0.706
1997    27     0.840
1997    28     0.960
1997    29     1.089
1997    30     1.215
1997    31     1.351
1997    32     1.463
1997    33     1.565
1997    34     1.654
1997    35     1.740
1997    36     1.819
1997    37     1.877
1997    38     1.922
1997    39     1.956
1997    40     1.988
1997    41     2.006
1997    42     2.019
1997    43     2.028
1997    44     2.034
1997    45     2.036
1997    46     2.036
1997    47     2.036
1997    48     2.036
1997    49     2.036
1997    50     2.036
1997    51     2.036
1997    52     2.036
1997    53     2.036
1997    54     2.036
1997    55     2.036
1998    12     0.000
1998    13     0.000
1998    14     0.000
1998    15     0.000
1998    16     0.002
1998    17     0.010
1998    18     0.033
1998    19     0.080
1998    20     0.122
1998    21     0.187
1998    22     0.263
1998    23     0.340
1998    24     0.453
1998    25     0.560
1998    26     0.678
1998    27     0.815
1998    28     0.949
1998    29     1.100
1998    30     1.219
1998    31     1.340
1998    32     1.460
1998    33     1.562
1998    34     1.656
1998    35     1.742
1998    36     1.806
1998    37     1.864
1998    38     1.924
1998    39     1.964
1998    40     1.992
1998    41     2.012
1998    42     2.024
1998    43     2.035
1998    44     2.042
1998    45     2.044
1998    46     2.045
1998    47     2.046
1998    48     2.046
1998    49     2.046
1998    50     2.046
1998    51     2.046
1998    52     2.046
1998    53     2.046
1998    54     2.046
1998    55     2.046
1999    12     0.000
1999    13     0.000
1999    14     0.000
1999    15     0.000
1999    16     0.001
1999    17     0.009
1999    18     0.029
1999    19     0.071
1999    20     0.120
1999    21     0.191
1999    22     0.265
1999    23     0.348
1999    24     0.453
1999    25     0.561
1999    26     0.682
1999    27     0.804
1999    28     0.927
1999    29     1.046
1999    30     1.173
1999    31     1.296
1999    32     1.423
1999    33     1.509
1999    34     1.608
1999    35     1.689
1999    36     1.758
1999    37     1.830
1999    38     1.888
1999    39     1.928
1999    40     1.952
1999    41     1.969
1999    42     1.978
1999    43     1.986
1999    44     1.989
1999    45     1.993
1999    46     1.993
1999    47     1.993
1999    48     1.993
1999    49     1.993
1999    50     1.993
1999    51     1.993
1999    52     1.993
1999    53     1.993
1999    54     1.993
1999    55     1.993
2000    12     0.000
2000    13     0.000
2000    14     0.000
2000    15     0.000
2000    16     0.001
2000    17     0.005
2000    18     0.024
2000    19     0.061
2000    20     0.113
2000    21     0.181
2000    22     0.254
2000    23     0.345
2000    24     0.446
2000    25     0.557
2000    26     0.670
2000    27     0.795
2000    28     0.934
2000    29     1.077
2000    30     1.211
2000    31     1.337
2000    32     1.464
2000    33     1.579
2000    34     1.674
2000    35     1.773
2000    36     1.850
2000    37     1.917
2000    38     1.964
2000    39     1.996
2000    40     2.025
2000    41     2.044
2000    42     2.063
2000    43     2.070
2000    44     2.073
2000    45     2.076
2000    46     2.077
2000    47     2.078
2000    48     2.078
2000    49     2.078
2000    50     2.078
2000    51     2.078
2000    52     2.078
2000    53     2.078
2000    54     2.078
2000    55     2.078
2001    12     0.000
2001    13     0.000
2001    14     0.000
2001    15     0.001
2001    16     0.002
2001    17     0.009
2001    18     0.024
2001    19     0.055
2001    20     0.097
2001    21     0.160
2001    22     0.226
2001    23     0.310
2001    24     0.401
2001    25     0.496
2001    26     0.616
2001    27     0.735
2001    28     0.857
2001    29     0.998
2001    30     1.131
2001    31     1.246
2001    32     1.348
2001    33     1.451
2001    34     1.548
2001    35     1.632
2001    36     1.713
2001    37     1.783
2001    38     1.836
2001    39     1.875
2001    40     1.901
2001    41     1.920
2001    42     1.931
2001    43     1.940
2001    44     1.947
2001    45     1.951
2001    46     1.951
2001    47     1.951
2001    48     1.951
2001    49     1.952
2001    50     1.952
2001    51     1.952
2001    52     1.952
2001    53     1.952
2001    54     1.952
2001    55     1.952
2002    12     0.000
2002    13     0.000
2002    14     0.000
2002    15     0.000
2002    16     0.001
2002    17     0.009
2002    18     0.021
2002    19     0.049
2002    20     0.090
2002    21     0.145
2002    22     0.207
2002    23     0.287
2002    24     0.370
2002    25     0.469
2002    26     0.570
2002    27     0.689
2002    28     0.812
2002    29     0.949
2002    30     1.071
2002    31     1.190
2002    32     1.307
2002    33     1.422
2002    34     1.514
2002    35     1.609
2002    36     1.690
2002    37     1.757
2002    38     1.806
2002    39     1.846
2002    40     1.881
2002    41     1.903
2002    42     1.915
2002    43     1.926
2002    44     1.930
2002    45     1.931
2002    46     1.933
2002    47     1.934
2002    48     1.934
2002    49     1.934
2002    50     1.934
2002    51     1.934
2002    52     1.934
2002    53     1.934
2002    54     1.934
2002    55     1.934
2003    12     0.000
2003    13     0.000
2003    14     0.000
2003    15     0.000
2003    16     0.000
2003    17     0.005
2003    18     0.018
2003    19     0.040
2003    20     0.081
2003    21     0.128
2003    22     0.189
2003    23     0.269
2003    24     0.349
2003    25     0.462
2003    26     0.571
2003    27     0.690
2003    28     0.826
2003    29     0.971
2003    30     1.108
2003    31     1.233
2003    32     1.371
2003    33     1.491
2003    34     1.585
2003    35     1.685
2003    36     1.760
2003    37     1.815
2003    38     1.860
2003    39     1.897
2003    40     1.930
2003    41     1.954
2003    42     1.971
2003    43     1.980
2003    44     1.989
2003    45     1.989
2003    46     1.990
2003    47     1.990
2003    48     1.990
2003    49     1.990
2003    50     1.990
2003    51     1.990
2003    52     1.990
2003    53     1.990
2003    54     1.990
2003    55     1.990
2004    12     0.000
2004    13     0.000
2004    14     0.000
2004    15     0.001
2004    16     0.002
2004    17     0.004
2004    18     0.010
2004    19     0.029
2004    20     0.065
2004    21     0.111
2004    22     0.181
2004    23     0.255
2004    24     0.343
2004    25     0.447
2004    26     0.557
2004    27     0.693
2004    28     0.820
2004    29     0.975
2004    30     1.112
2004    31     1.234
2004    32     1.365
2004    33     1.491
2004    34     1.605
2004    35     1.702
2004    36     1.777
2004    37     1.849
2004    38     1.898
2004    39     1.945
2004    40     1.981
2004    41     2.001
2004    42     2.019
2004    43     2.028
2004    44     2.034
2004    45     2.037
2004    46     2.039
2004    47     2.039
2004    48     2.039
2004    49     2.039
2004    50     2.039
2004    51     2.039
2004    52     2.039
2004    53     2.039
2004    54     2.039
2004    55     2.039
2005    12     0.000
2005    13     0.000
2005    14     0.000
2005    15     0.000
2005    16     0.000
2005    17     0.005
2005    18     0.013
2005    19     0.035
2005    20     0.075
2005    21     0.129
2005    22     0.183
2005    23     0.273
2005    24     0.376
2005    25     0.483
2005    26     0.610
2005    27     0.722
2005    28     0.859
2005    29     0.993
2005    30     1.129
2005    31     1.251
2005    32     1.371
2005    33     1.480
2005    34     1.593
2005    35     1.699
2005    36     1.784
2005    37     1.860
2005    38     1.912
2005    39     1.962
2005    40     1.991
2005    41     2.012
2005    42     2.031
2005    43     2.038
2005    44     2.042
2005    45     2.044
2005    46     2.048
2005    47     2.048
2005    48     2.048
2005    49     2.048
2005    50     2.048
2005    51     2.048
2005    52     2.048
2005    53     2.048
2005    54     2.048
2005    55     2.048
2006    12     0.000
2006    13     0.000
2006    14     0.000
2006    15     0.000
2006    16     0.000
2006    17     0.003
2006    18     0.015
2006    19     0.037
2006    20     0.071
2006    21     0.131
2006    22     0.198
2006    23     0.280
2006    24     0.367
2006    25     0.467
2006    26     0.572
2006    27     0.697
2006    28     0.839
2006    29     0.978
2006    30     1.109
2006    31     1.248
2006    32     1.385
2006    33     1.499
2006    34     1.612
2006    35     1.711
2006    36     1.814
2006    37     1.881
2006    38     1.941
2006    39     1.985
2006    40     2.022
2006    41     2.044
2006    42     2.061
2006    43     2.068
2006    44     2.075
2006    45     2.078
2006    46     2.078
2006    47     2.079
2006    48     2.079
2006    49     2.079
2006    50     2.079
2006    51     2.079
2006    52     2.079
2006    53     2.079
2006    54     2.079
2006    55     2.079
2007    12     0.000
2007    13     0.000
2007    14     0.000
2007    15     0.000
2007    16     0.000
2007    17     0.003
2007    18     0.018
2007    19     0.038
2007    20     0.071
2007    21     0.131
2007    22     0.189
2007    23     0.265
2007    24     0.359
2007    25     0.457
2007    26     0.571
2007    27     0.706
2007    28     0.838
2007    29     0.981
2007    30     1.124
2007    31     1.259
2007    32     1.395
2007    33     1.508
2007    34     1.625
2007    35     1.733
2007    36     1.817
2007    37     1.893
2007    38     1.954
2007    39     1.997
2007    40     2.032
2007    41     2.048
2007    42     2.065
2007    43     2.074
2007    44     2.080
2007    45     2.083
2007    46     2.087
2007    47     2.087
2007    48     2.087
2007    49     2.087
2007    50     2.087
2007    51     2.087
2007    52     2.087
2007    53     2.087
2007    54     2.087
2007    55     2.087
2008    12     0.000
2008    13     0.000
2008    14     0.000
2008    15     0.000
2008    16     0.000
2008    17     0.005
2008    18     0.013
2008    19     0.034
2008    20     0.072
2008    21     0.121
2008    22     0.176
2008    23     0.254
2008    24     0.362
2008    25     0.460
2008    26     0.570
2008    27     0.703
2008    28     0.841
2008    29     0.991
2008    30     1.141
2008    31     1.278
2008    32     1.411
2008    33     1.534
2008    34     1.643
2008    35     1.742
2008    36     1.835
2008    37     1.917
2008    38     1.982
2008    39     2.041
2008    40     2.080
2008    41     2.108
2008    42     2.128
2008    43     2.140
2008    44     2.146
2008    45     2.149
2008    46     2.151
2008    47     2.154
2008    48     2.154
2008    49     2.154
2008    50     2.154
2008    51     2.154
2008    52     2.154
2008    53     2.154
2008    54     2.154
2008    55     2.154
2009    12     0.000
2009    13     0.000
2009    14     0.000
2009    15     0.000
2009    16     0.001
2009    17     0.004
2009    18     0.015
2009    19     0.037
2009    20     0.072
2009    21     0.115
2009    22     0.176
2009    23     0.251
2009    24     0.339
2009    25     0.444
2009    26     0.568
2009    27     0.711
2009    28     0.852
2009    29     1.004
2009    30     1.153
2009    31     1.307
2009    32     1.443
2009    33     1.569
2009    34     1.698
2009    35     1.810
2009    36     1.900
2009    37     1.981
2009    38     2.051
2009    39     2.109
2009    40     2.148
2009    41     2.176
2009    42     2.199
2009    43     2.213
2009    44     2.222
2009    45     2.224
2009    46     2.226
2009    47     2.227
2009    48     2.228
2009    49     2.228
2009    50     2.228
2009    51     2.228
2009    52     2.228
2009    53     2.228
2009    54     2.228
2009    55     2.228
2010    12     0.000
2010    13     0.000
2010    14     0.000
2010    15     0.000
2010    16     0.000
2010    17     0.004
2010    18     0.016
2010    19     0.036
2010    20     0.065
2010    21     0.111
2010    22     0.169
2010    23     0.230
2010    24     0.323
2010    25     0.428
2010    26     0.547
2010    27     0.683
2010    28     0.822
2010    29     0.967
2010    30     1.117
2010    31     1.256
2010    32     1.399
2010    33     1.530
2010    34     1.654
2010    35     1.755
2010    36     1.863
2010    37     1.952
2010    38     2.018
2010    39     2.079
2010    40     2.124
2010    41     2.151
2010    42     2.177
2010    43     2.187
2010    44     2.193
2010    45     2.197
2010    46     2.197
2010    47     2.197
2010    48     2.198
2010    49     2.198
2010    50     2.198
2010    51     2.198
2010    52     2.198
2010    53     2.198
2010    54     2.198
2010    55     2.198
2011    12     0.000
2011    13     0.000
2011    14     0.000
2011    15     0.000
2011    16     0.002
2011    17     0.003
2011    18     0.010
2011    19     0.026
2011    20     0.054
2011    21     0.099
2011    22     0.150
2011    23     0.216
2011    24     0.291
2011    25     0.370
2011    26     0.480
2011    27     0.594
2011    28     0.733
2011    29     0.865
2011    30     1.011
2011    31     1.156
2011    32     1.282
2011    33     1.406
2011    34     1.526
2011    35     1.621
2011    36     1.716
2011    37     1.798
2011    38     1.848
2011    39     1.898
2011    40     1.938
2011    41     1.965
2011    42     1.987
2011    43     2.003
2011    44     2.009
2011    45     2.013
2011    46     2.014
2011    47     2.016
2011    48     2.016
2011    49     2.018
2011    50     2.018
2011    51     2.018
2011    52     2.018
2011    53     2.018
2011    54     2.018
2011    55     2.018
2012    12     0.000
2012    13     0.000
2012    14     0.000
2012    15     0.000
2012    16     0.001
2012    17     0.004
2012    18     0.012
2012    19     0.024
2012    20     0.055
2012    21     0.094
2012    22     0.154
2012    23     0.218
2012    24     0.284
2012    25     0.371
2012    26     0.476
2012    27     0.604
2012    28     0.751
2012    29     0.894
2012    30     1.043
2012    31     1.171
2012    32     1.297
2012    33     1.419
2012    34     1.538
2012    35     1.629
2012    36     1.724
2012    37     1.801
2012    38     1.865
2012    39     1.919
2012    40     1.959
2012    41     1.990
2012    42     2.011
2012    43     2.021
2012    44     2.030
2012    45     2.035
2012    46     2.035
2012    47     2.037
2012    48     2.037
2012    49     2.037
2012    50     2.037
2012    51     2.037
2012    52     2.037
2012    53     2.037
2012    54     2.037
2012    55     2.037
2013    12     0.000
2013    13     0.000
2013    14     0.000
2013    15     0.000
2013    16     0.000
2013    17     0.001
2013    18     0.009
2013    19     0.021
2013    20     0.036
2013    21     0.074
2013    22     0.118
2013    23     0.174
2013    24     0.250
2013    25     0.347
2013    26     0.454
2013    27     0.566
2013    28     0.697
2013    29     0.811
2013    30     0.936
2013    31     1.065
2013    32     1.193
2013    33     1.315
2013    34     1.415
2013    35     1.519
2013    36     1.617
2013    37     1.695
2013    38     1.759
2013    39     1.805
2013    40     1.850
2013    41     1.878
2013    42     1.900
2013    43     1.911
2013    44     1.918
2013    45     1.924
2013    46     1.928
2013    47     1.931
2013    48     1.932
2013    49     1.932
2013    50     1.933
2013    51     1.933
2013    52     1.933
2013    53     1.933
2013    54     1.933
2013    55     1.933
2014    12     0.000
2014    13     0.000
2014    14     0.000
2014    15     0.000
2014    16     0.000
2014    17     0.002
2014    18     0.004
2014    19     0.017
2014    20     0.038
2014    21     0.072
2014    22     0.119
2014    23     0.190
2014    24     0.275
2014    25     0.360
2014    26     0.459
2014    27     0.579
2014    28     0.714
2014    29     0.847
2014    30     0.976
2014    31     1.112
2014    32     1.232
2014    33     1.339
2014    34     1.443
2014    35     1.537
2014    36     1.630
2014    37     1.702
2014    38     1.764
2014    39     1.818
2014    40     1.860
2014    41     1.884
2014    42     1.903
2014    43     1.919
2014    44     1.922
2014    45     1.924
2014    46     1.926
2014    47     1.930
2014    48     1.931
2014    49     1.932
2014    50     1.932
2014    51     1.932
2014    52     1.932
2014    53     1.932
2014    54     1.932
2014    55     1.932
2015    12     0.000
2015    13     0.000
2015    14     0.000
2015    15     0.000
2015    16     0.000
2015    17     0.001
2015    18     0.007
2015    19     0.018
2015    20     0.040
2015    21     0.068
2015    22     0.108
2015    23     0.159
2015    24     0.227
2015    25     0.311
2015    26     0.413
2015    27     0.528
2015    28     0.649
2015    29     0.762
2015    30     0.890
2015    31     1.006
2015    32     1.120
2015    33     1.242
2015    34     1.335
2015    35     1.428
2015    36     1.513
2015    37     1.587
2015    38     1.651
2015    39     1.692
2015    40     1.734
2015    41     1.753
2015    42     1.772
2015    43     1.791
2015    44     1.797
2015    45     1.799
2015    46     1.801
2015    47     1.802
2015    48     1.804
2015    49     1.805
2015    50     1.805
2015    51     1.805
2015    52     1.805
2015    53     1.805
2015    54     1.805
2015    55     1.805
2016    12     0.000
2016    13     0.000
2016    14     0.000
2016    15     0.000
2016    16     0.000
2016    17     0.000
2016    18     0.004
2016    19     0.012
2016    20     0.033
2016    21     0.064
2016    22     0.100
2016    23     0.146
2016    24     0.200
2016    25     0.275
2016    26     0.369
2016    27     0.471
2016    28     0.582
2016    29     0.700
2016    30     0.820
2016    31     0.956
2016    32     1.067
2016    33     1.180
2016    34     1.282
2016    35     1.364
2016    36     1.450
2016    37     1.515
2016    38     1.581
2016    39     1.625
2016    40     1.662
2016    41     1.694
2016    42     1.719
2016    43     1.729
2016    44     1.733
2016    45     1.736
2016    46     1.740
2016    47     1.740
2016    48     1.743
2016    49     1.745
2016    50     1.745
2016    51     1.745
2016    52     1.745
2016    53     1.745
2016    54     1.745
2016    55     1.745
2017    12     0.000
2017    13     0.000
2017    14     0.000
2017    15     0.000
2017    16     0.000
2017    17     0.001
2017    18     0.005
2017    19     0.013
2017    20     0.030
2017    21     0.058
2017    22     0.098
2017    23     0.142
2017    24     0.201
2017    25     0.270
2017    26     0.361
2017    27     0.456
2017    28     0.557
2017    29     0.682
2017    30     0.811
2017    31     0.926
2017    32     1.046
2017    33     1.145
2017    34     1.254
2017    35     1.349
2017    36     1.432
2017    37     1.494
2017    38     1.550
2017    39     1.595
2017    40     1.635
2017    41     1.664
2017    42     1.682
2017    43     1.690
2017    44     1.699
2017    45     1.703
2017    46     1.706
2017    47     1.708
2017    48     1.708
2017    49     1.708
2017    50     1.709
2017    51     1.709
2017    52     1.709
2017    53     1.710
2017    54     1.710
2017    55     1.710
2018    12     0.000
2018    13     0.000
2018    14     0.000
2018    15     0.000
2018    16     0.001
2018    17     0.001
2018    18     0.004
2018    19     0.011
2018    20     0.026
2018    21     0.057
2018    22     0.088
2018    23     0.143
2018    24     0.197
2018    25     0.265
2018    26     0.358
2018    27     0.449
2018    28     0.556
2018    29     0.677
2018    30     0.807
2018    31     0.933
2018    32     1.046
2018    33     1.156
2018    34     1.256
2018    35     1.339
2018    36     1.418
2018    37     1.486
2018    38     1.542
2018    39     1.593
2018    40     1.634
2018    41     1.660
2018    42     1.682
2018    43     1.691
2018    44     1.694
2018    45     1.700
2018    46     1.703
2018    47     1.705
2018    48     1.705
2018    49     1.706
2018    50     1.706
2018    51     1.707
2018    52     1.707
2018    53     1.707
2018    54     1.707
2018    55     1.707
2019    12     0.000
2019    13     0.000
2019    14     0.000
2019    15     0.000
2019    16     0.000
2019    17     0.001
2019    18     0.007
2019    19     0.009
2019    20     0.021
2019    21     0.049
2019    22     0.087
2019    23     0.129
2019    24     0.183
2019    25     0.248
2019    26     0.333
2019    27     0.430
2019    28     0.541
2019    29     0.662
2019    30     0.782
2019    31     0.896
2019    32     1.019
2019    33     1.140
2019    34     1.250
2019    35     1.343
2019    36     1.429
2019    37     1.497
2019    38     1.560
2019    39     1.613
2019    40     1.654
2019    41     1.690
2019    42     1.712
2019    43     1.726
2019    44     1.731
2019    45     1.734
2019    46     1.736
2019    47     1.739
2019    48     1.741
2019    49     1.742
2019    50     1.744
2019    51     1.744
2019    52     1.744
2019    53     1.744
2019    54     1.744
2019    55     1.744
2020    12     0.000
2020    13     0.000
2020    14     0.000
2020    15     0.000
2020    16     0.000
2020    17     0.001
2020    18     0.003
2020    19     0.008
2020    20     0.023
2020    21     0.043
2020    22     0.070
2020    23     0.119
2020    24     0.171
2020    25     0.245
2020    26     0.329
2020    27     0.432
2020    28     0.552
2020    29     0.666
2020    30     0.788
2020    31     0.924
2020    32     1.050
2020    33     1.163
2020    34     1.261
2020    35     1.353
2020    36     1.440
2020    37     1.509
2020    38     1.566
2020    39     1.607
2020    40     1.638
2020    41     1.668
2020    42     1.686
2020    43     1.700
2020    44     1.707
2020    45     1.710
2020    46     1.713
2020    47     1.716
2020    48     1.716
2020    49     1.717
2020    50     1.718
2020    51     1.718
2020    52     1.718
2020    53     1.718
2020    54     1.718
2020    55     1.718
2021    12     0.000
2021    13     0.000
2021    14     0.000
2021    15     0.000
2021    16     0.000
2021    17     0.000
2021    18     0.001
2021    19     0.007
2021    20     0.016
2021    21     0.034
2021    22     0.066
2021    23     0.100
2021    24     0.162
2021    25     0.236
2021    26     0.340
2021    27     0.447
2021    28     0.566
2021    29     0.704
2021    30     0.842
2021    31     0.959
2021    32     1.085
2021    33     1.208
2021    34     1.322
2021    35     1.413
2021    36     1.493
2021    37     1.586
2021    38     1.647
2021    39     1.701
2021    40     1.737
2021    41     1.766
2021    42     1.787
2021    43     1.798
2021    44     1.808
2021    45     1.814
2021    46     1.816
2021    47     1.817
2021    48     1.818
2021    49     1.818
2021    50     1.819
2021    51     1.819
2021    52     1.819
2021    53     1.819
2021    54     1.819
2021    55     1.819
