Iceland, Cumulative period fertility rates (vertical parallelograms)
Last modified: 06/09/2023
Year  ARDY  Cohort     CPFR
1960   12    1948     0.000
1960   13    1947     0.000
1960   14    1946     0.000
1960   15    1945     0.000
1960   16    1944     0.000
1960   17    1943     0.004
1960   18    1942     0.029
1960   19    1941     0.128
1960   20    1940     0.345
1960   21    1939     0.598
1960   22    1938     0.842
1960   23    1937     1.098
1960   24    1936     1.348
1960   25    1935     1.598
1960   26    1934     1.848
1960   27    1933     2.082
1960   28    1932     2.292
1960   29    1931     2.487
1960   30    1930     2.679
1960   31    1929     2.867
1960   32    1928     3.041
1960   33    1927     3.200
1960   34    1926     3.349
1960   35    1925     3.493
1960   36    1924     3.629
1960   37    1923     3.750
1960   38    1922     3.858
1960   39    1921     3.956
1960   40    1920     4.044
1960   41    1919     4.119
1960   42    1918     4.181
1960   43    1917     4.229
1960   44    1916     4.262
1960   45    1915     4.283
1960   46    1914     4.296
1960   47    1913     4.304
1960   48    1912     4.306
1960   49    1911     4.306
1960   50    1910     4.306
1960   51    1909     4.306
1960   52    1908     4.306
1960   53    1907     4.306
1960   54    1906     4.306
1960   55    1905     4.306
1961   12    1949     0.000
1961   13    1948     0.000
1961   14    1947     0.000
1961   15    1946     0.000
1961   16    1945     0.000
1961   17    1944     0.004
1961   18    1943     0.026
1961   19    1942     0.115
1961   20    1941     0.311
1961   21    1940     0.545
1961   22    1939     0.774
1961   23    1938     1.013
1961   24    1937     1.246
1961   25    1936     1.477
1961   26    1935     1.705
1961   27    1934     1.913
1961   28    1933     2.099
1961   29    1932     2.273
1961   30    1931     2.446
1961   31    1930     2.621
1961   32    1929     2.786
1961   33    1928     2.938
1961   34    1927     3.080
1961   35    1926     3.215
1961   36    1925     3.339
1961   37    1924     3.449
1961   38    1923     3.545
1961   39    1922     3.630
1961   40    1921     3.705
1961   41    1920     3.768
1961   42    1919     3.818
1961   43    1918     3.857
1961   44    1917     3.886
1961   45    1916     3.905
1961   46    1915     3.919
1961   47    1914     3.927
1961   48    1913     3.929
1961   49    1912     3.930
1961   50    1911     3.930
1961   51    1910     3.930
1961   52    1909     3.930
1961   53    1908     3.930
1961   54    1907     3.930
1961   55    1906     3.930
1962   12    1950     0.000
1962   13    1949     0.000
1962   14    1948     0.000
1962   15    1947     0.000
1962   16    1946     0.000
1962   17    1945     0.004
1962   18    1944     0.026
1962   19    1943     0.111
1962   20    1942     0.298
1962   21    1941     0.522
1962   22    1940     0.742
1962   23    1939     0.973
1962   24    1938     1.199
1962   25    1937     1.428
1962   26    1936     1.664
1962   27    1935     1.889
1962   28    1934     2.094
1962   29    1933     2.285
1962   30    1932     2.470
1962   31    1931     2.649
1962   32    1930     2.811
1962   33    1929     2.958
1962   34    1928     3.096
1962   35    1927     3.229
1962   36    1926     3.356
1962   37    1925     3.471
1962   38    1924     3.573
1962   39    1923     3.665
1962   40    1922     3.747
1962   41    1921     3.817
1962   42    1920     3.874
1962   43    1919     3.918
1962   44    1918     3.949
1962   45    1917     3.970
1962   46    1916     3.984
1962   47    1915     3.991
1962   48    1914     3.994
1962   49    1913     3.994
1962   50    1912     3.994
1962   51    1911     3.994
1962   52    1910     3.994
1962   53    1909     3.994
1962   54    1908     3.994
1962   55    1907     3.994
1963   12    1951     0.000
1963   13    1950     0.000
1963   14    1949     0.000
1963   15    1948     0.000
1963   16    1947     0.001
1963   17    1946     0.015
1963   18    1945     0.065
1963   19    1944     0.180
1963   20    1943     0.338
1963   21    1942     0.551
1963   22    1941     0.784
1963   23    1940     1.036
1963   24    1939     1.285
1963   25    1938     1.504
1963   26    1937     1.728
1963   27    1936     1.961
1963   28    1935     2.172
1963   29    1934     2.356
1963   30    1933     2.546
1963   31    1932     2.727
1963   32    1931     2.882
1963   33    1930     3.026
1963   34    1929     3.171
1963   35    1928     3.311
1963   36    1927     3.435
1963   37    1926     3.533
1963   38    1925     3.615
1963   39    1924     3.693
1963   40    1923     3.769
1963   41    1922     3.839
1963   42    1921     3.893
1963   43    1920     3.935
1963   44    1919     3.966
1963   45    1918     3.984
1963   46    1917     3.990
1963   47    1916     3.994
1963   48    1915     3.995
1963   49    1914     3.995
1963   50    1913     3.995
1963   51    1912     3.995
1963   52    1911     3.995
1963   53    1910     3.995
1963   54    1909     3.995
1963   55    1908     3.995
1964   12    1952     0.000
1964   13    1951     0.000
1964   14    1950     0.000
1964   15    1949     0.000
1964   16    1948     0.001
1964   17    1947     0.015
1964   18    1946     0.058
1964   19    1945     0.182
1964   20    1944     0.363
1964   21    1943     0.562
1964   22    1942     0.788
1964   23    1941     1.012
1964   24    1940     1.230
1964   25    1939     1.457
1964   26    1938     1.687
1964   27    1937     1.902
1964   28    1936     2.099
1964   29    1935     2.282
1964   30    1934     2.445
1964   31    1933     2.596
1964   32    1932     2.740
1964   33    1931     2.895
1964   34    1930     3.043
1964   35    1929     3.171
1964   36    1928     3.295
1964   37    1927     3.405
1964   38    1926     3.500
1964   39    1925     3.586
1964   40    1924     3.659
1964   41    1923     3.719
1964   42    1922     3.777
1964   43    1921     3.827
1964   44    1920     3.855
1964   45    1919     3.867
1964   46    1918     3.876
1964   47    1917     3.880
1964   48    1916     3.881
1964   49    1915     3.882
1964   50    1914     3.882
1964   51    1913     3.882
1964   52    1912     3.882
1964   53    1911     3.882
1964   54    1910     3.882
1964   55    1909     3.882
1965   12    1953     0.000
1965   13    1952     0.000
1965   14    1951     0.000
1965   15    1950     0.000
1965   16    1949     0.001
1965   17    1948     0.022
1965   18    1947     0.077
1965   19    1946     0.197
1965   20    1945     0.361
1965   21    1944     0.563
1965   22    1943     0.781
1965   23    1942     0.990
1965   24    1941     1.196
1965   25    1940     1.412
1965   26    1939     1.623
1965   27    1938     1.812
1965   28    1937     2.004
1965   29    1936     2.194
1965   30    1935     2.354
1965   31    1934     2.502
1965   32    1933     2.658
1965   33    1932     2.788
1965   34    1931     2.907
1965   35    1930     3.032
1965   36    1929     3.160
1965   37    1928     3.270
1965   38    1927     3.347
1965   39    1926     3.427
1965   40    1925     3.508
1965   41    1924     3.565
1965   42    1923     3.616
1965   43    1922     3.663
1965   44    1921     3.690
1965   45    1920     3.708
1965   46    1919     3.718
1965   47    1918     3.723
1965   48    1917     3.727
1965   49    1916     3.729
1965   50    1915     3.730
1965   51    1914     3.730
1965   52    1913     3.730
1965   53    1912     3.731
1965   54    1911     3.731
1965   55    1910     3.731
1966   12    1954     0.000
1966   13    1953     0.000
1966   14    1952     0.000
1966   15    1951     0.000
1966   16    1950     0.002
1966   17    1949     0.013
1966   18    1948     0.070
1966   19    1947     0.204
1966   20    1946     0.381
1966   21    1945     0.586
1966   22    1944     0.791
1966   23    1943     1.005
1966   24    1942     1.237
1966   25    1941     1.433
1966   26    1940     1.621
1966   27    1939     1.799
1966   28    1938     1.975
1966   29    1937     2.150
1966   30    1936     2.296
1966   31    1935     2.442
1966   32    1934     2.589
1966   33    1933     2.727
1966   34    1932     2.845
1966   35    1931     2.953
1966   36    1930     3.060
1966   37    1929     3.154
1966   38    1928     3.245
1966   39    1927     3.329
1966   40    1926     3.390
1966   41    1925     3.443
1966   42    1924     3.492
1966   43    1923     3.529
1966   44    1922     3.554
1966   45    1921     3.571
1966   46    1920     3.577
1966   47    1919     3.582
1966   48    1918     3.584
1966   49    1917     3.585
1966   50    1916     3.586
1966   51    1915     3.587
1966   52    1914     3.587
1966   53    1913     3.587
1966   54    1912     3.587
1966   55    1911     3.587
1967   12    1955     0.000
1967   13    1954     0.000
1967   14    1953     0.000
1967   15    1952     0.000
1967   16    1951     0.000
1967   17    1950     0.013
1967   18    1949     0.055
1967   19    1948     0.162
1967   20    1947     0.330
1967   21    1946     0.524
1967   22    1945     0.720
1967   23    1944     0.911
1967   24    1943     1.121
1967   25    1942     1.314
1967   26    1941     1.486
1967   27    1940     1.650
1967   28    1939     1.804
1967   29    1938     1.959
1967   30    1937     2.109
1967   31    1936     2.245
1967   32    1935     2.376
1967   33    1934     2.499
1967   34    1933     2.604
1967   35    1932     2.708
1967   36    1931     2.819
1967   37    1930     2.919
1967   38    1929     2.994
1967   39    1928     3.056
1967   40    1927     3.114
1967   41    1926     3.161
1967   42    1925     3.196
1967   43    1924     3.230
1967   44    1923     3.252
1967   45    1922     3.266
1967   46    1921     3.277
1967   47    1920     3.280
1967   48    1919     3.282
1967   49    1918     3.283
1967   50    1917     3.283
1967   51    1916     3.284
1967   52    1915     3.284
1967   53    1914     3.284
1967   54    1913     3.285
1967   55    1912     3.285
1968   12    1956     0.000
1968   13    1955     0.000
1968   14    1954     0.000
1968   15    1953     0.000
1968   16    1952     0.002
1968   17    1951     0.016
1968   18    1950     0.064
1968   19    1949     0.160
1968   20    1948     0.308
1968   21    1947     0.482
1968   22    1946     0.679
1968   23    1945     0.887
1968   24    1944     1.066
1968   25    1943     1.246
1968   26    1942     1.419
1968   27    1941     1.566
1968   28    1940     1.712
1968   29    1939     1.849
1968   30    1938     1.986
1968   31    1937     2.113
1968   32    1936     2.227
1968   33    1935     2.345
1968   34    1934     2.445
1968   35    1933     2.535
1968   36    1932     2.620
1968   37    1931     2.698
1968   38    1930     2.767
1968   39    1929     2.833
1968   40    1928     2.896
1968   41    1927     2.946
1968   42    1926     2.985
1968   43    1925     3.013
1968   44    1924     3.035
1968   45    1923     3.048
1968   46    1922     3.056
1968   47    1921     3.061
1968   48    1920     3.062
1968   49    1919     3.064
1968   50    1918     3.065
1968   51    1917     3.065
1968   52    1916     3.065
1968   53    1915     3.065
1968   54    1914     3.065
1968   55    1913     3.065
1969   12    1957     0.000
1969   13    1956     0.000
1969   14    1955     0.000
1969   15    1954     0.001
1969   16    1953     0.004
1969   17    1952     0.020
1969   18    1951     0.074
1969   19    1950     0.186
1969   20    1949     0.338
1969   21    1948     0.490
1969   22    1947     0.660
1969   23    1946     0.847
1969   24    1945     1.025
1969   25    1944     1.193
1969   26    1943     1.356
1969   27    1942     1.523
1969   28    1941     1.683
1969   29    1940     1.834
1969   30    1939     1.968
1969   31    1938     2.081
1969   32    1937     2.184
1969   33    1936     2.285
1969   34    1935     2.397
1969   35    1934     2.496
1969   36    1933     2.581
1969   37    1932     2.661
1969   38    1931     2.735
1969   39    1930     2.798
1969   40    1929     2.851
1969   41    1928     2.891
1969   42    1927     2.921
1969   43    1926     2.948
1969   44    1925     2.968
1969   45    1924     2.982
1969   46    1923     2.987
1969   47    1922     2.989
1969   48    1921     2.990
1969   49    1920     2.990
1969   50    1919     2.990
1969   51    1918     2.990
1969   52    1917     2.991
1969   53    1916     2.991
1969   54    1915     2.991
1969   55    1914     2.991
1970   12    1958     0.000
1970   13    1957     0.000
1970   14    1956     0.000
1970   15    1955     0.000
1970   16    1954     0.004
1970   17    1953     0.023
1970   18    1952     0.067
1970   19    1951     0.164
1970   20    1950     0.301
1970   21    1949     0.457
1970   22    1948     0.622
1970   23    1947     0.795
1970   24    1946     0.965
1970   25    1945     1.128
1970   26    1944     1.283
1970   27    1943     1.430
1970   28    1942     1.571
1970   29    1941     1.717
1970   30    1940     1.852
1970   31    1939     1.976
1970   32    1938     2.094
1970   33    1937     2.197
1970   34    1936     2.289
1970   35    1935     2.374
1970   36    1934     2.449
1970   37    1933     2.521
1970   38    1932     2.583
1970   39    1931     2.631
1970   40    1930     2.679
1970   41    1929     2.718
1970   42    1928     2.751
1970   43    1927     2.779
1970   44    1926     2.797
1970   45    1925     2.806
1970   46    1924     2.810
1970   47    1923     2.813
1970   48    1922     2.815
1970   49    1921     2.815
1970   50    1920     2.815
1970   51    1919     2.815
1970   52    1918     2.815
1970   53    1917     2.815
1970   54    1916     2.815
1970   55    1915     2.815
1971   12    1959     0.000
1971   13    1958     0.000
1971   14    1957     0.000
1971   15    1956     0.001
1971   16    1955     0.003
1971   17    1954     0.017
1971   18    1953     0.073
1971   19    1952     0.170
1971   20    1951     0.299
1971   21    1950     0.458
1971   22    1949     0.631
1971   23    1948     0.808
1971   24    1947     0.997
1971   25    1946     1.183
1971   26    1945     1.355
1971   27    1944     1.527
1971   28    1943     1.688
1971   29    1942     1.835
1971   30    1941     1.968
1971   31    1940     2.092
1971   32    1939     2.208
1971   33    1938     2.309
1971   34    1937     2.414
1971   35    1936     2.506
1971   36    1935     2.584
1971   37    1934     2.655
1971   38    1933     2.711
1971   39    1932     2.760
1971   40    1931     2.806
1971   41    1930     2.843
1971   42    1929     2.867
1971   43    1928     2.887
1971   44    1927     2.902
1971   45    1926     2.914
1971   46    1925     2.918
1971   47    1924     2.919
1971   48    1923     2.921
1971   49    1922     2.921
1971   50    1921     2.921
1971   51    1920     2.921
1971   52    1919     2.921
1971   53    1918     2.921
1971   54    1917     2.921
1971   55    1916     2.921
1972   12    1960     0.000
1972   13    1959     0.000
1972   14    1958     0.000
1972   15    1957     0.000
1972   16    1956     0.003
1972   17    1955     0.019
1972   18    1954     0.066
1972   19    1953     0.176
1972   20    1952     0.319
1972   21    1951     0.485
1972   22    1950     0.675
1972   23    1949     0.864
1972   24    1948     1.059
1972   25    1947     1.263
1972   26    1946     1.455
1972   27    1945     1.631
1972   28    1944     1.789
1972   29    1943     1.938
1972   30    1942     2.087
1972   31    1941     2.217
1972   32    1940     2.334
1972   33    1939     2.448
1972   34    1938     2.551
1972   35    1937     2.639
1972   36    1936     2.726
1972   37    1935     2.806
1972   38    1934     2.877
1972   39    1933     2.937
1972   40    1932     2.985
1972   41    1931     3.016
1972   42    1930     3.038
1972   43    1929     3.060
1972   44    1928     3.076
1972   45    1927     3.085
1972   46    1926     3.089
1972   47    1925     3.092
1972   48    1924     3.093
1972   49    1923     3.093
1972   50    1922     3.093
1972   51    1921     3.093
1972   52    1920     3.093
1972   53    1919     3.093
1972   54    1918     3.093
1972   55    1917     3.093
1973   12    1961     0.000
1973   13    1960     0.000
1973   14    1959     0.000
1973   15    1958     0.001
1973   16    1957     0.006
1973   17    1956     0.023
1973   18    1955     0.074
1973   19    1954     0.172
1973   20    1953     0.291
1973   21    1952     0.442
1973   22    1951     0.622
1973   23    1950     0.815
1973   24    1949     1.014
1973   25    1948     1.203
1973   26    1947     1.386
1973   27    1946     1.559
1973   28    1945     1.724
1973   29    1944     1.875
1973   30    1943     2.009
1973   31    1942     2.137
1973   32    1941     2.260
1973   33    1940     2.367
1973   34    1939     2.459
1973   35    1938     2.546
1973   36    1937     2.619
1973   37    1936     2.679
1973   38    1935     2.737
1973   39    1934     2.791
1973   40    1933     2.829
1973   41    1932     2.857
1973   42    1931     2.888
1973   43    1930     2.911
1973   44    1929     2.924
1973   45    1928     2.933
1973   46    1927     2.939
1973   47    1926     2.941
1973   48    1925     2.942
1973   49    1924     2.942
1973   50    1923     2.943
1973   51    1922     2.943
1973   52    1921     2.943
1973   53    1920     2.943
1973   54    1919     2.943
1973   55    1918     2.943
1974   12    1962     0.000
1974   13    1961     0.000
1974   14    1960     0.000
1974   15    1959     0.001
1974   16    1958     0.005
1974   17    1957     0.022
1974   18    1956     0.068
1974   19    1955     0.151
1974   20    1954     0.271
1974   21    1953     0.404
1974   22    1952     0.549
1974   23    1951     0.712
1974   24    1950     0.885
1974   25    1949     1.059
1974   26    1948     1.225
1974   27    1947     1.383
1974   28    1946     1.539
1974   29    1945     1.692
1974   30    1944     1.827
1974   31    1943     1.950
1974   32    1942     2.062
1974   33    1941     2.163
1974   34    1940     2.252
1974   35    1939     2.321
1974   36    1938     2.380
1974   37    1937     2.434
1974   38    1936     2.495
1974   39    1935     2.543
1974   40    1934     2.575
1974   41    1933     2.601
1974   42    1932     2.622
1974   43    1931     2.633
1974   44    1930     2.641
1974   45    1929     2.651
1974   46    1928     2.655
1974   47    1927     2.656
1974   48    1926     2.656
1974   49    1925     2.657
1974   50    1924     2.658
1974   51    1923     2.658
1974   52    1922     2.658
1974   53    1921     2.658
1974   54    1920     2.658
1974   55    1919     2.658
1975   12    1963     0.000
1975   13    1962     0.000
1975   14    1961     0.000
1975   15    1960     0.000
1975   16    1959     0.004
1975   17    1958     0.021
1975   18    1957     0.070
1975   19    1956     0.153
1975   20    1955     0.262
1975   21    1954     0.400
1975   22    1953     0.549
1975   23    1952     0.702
1975   24    1951     0.873
1975   25    1950     1.054
1975   26    1949     1.230
1975   27    1948     1.392
1975   28    1947     1.545
1975   29    1946     1.685
1975   30    1945     1.811
1975   31    1944     1.920
1975   32    1943     2.025
1975   33    1942     2.127
1975   34    1941     2.211
1975   35    1940     2.291
1975   36    1939     2.365
1975   37    1938     2.421
1975   38    1937     2.473
1975   39    1936     2.522
1975   40    1935     2.561
1975   41    1934     2.587
1975   42    1933     2.605
1975   43    1932     2.624
1975   44    1931     2.634
1975   45    1930     2.641
1975   46    1929     2.647
1975   47    1928     2.648
1975   48    1927     2.648
1975   49    1926     2.648
1975   50    1925     2.648
1975   51    1924     2.648
1975   52    1923     2.648
1975   53    1922     2.648
1975   54    1921     2.648
1975   55    1920     2.648
1976   12    1964     0.000
1976   13    1963     0.000
1976   14    1962     0.000
1976   15    1961     0.000
1976   16    1960     0.001
1976   17    1959     0.019
1976   18    1958     0.057
1976   19    1957     0.135
1976   20    1956     0.243
1976   21    1955     0.372
1976   22    1954     0.529
1976   23    1953     0.691
1976   24    1952     0.851
1976   25    1951     1.011
1976   26    1950     1.169
1976   27    1949     1.319
1976   28    1948     1.466
1976   29    1947     1.605
1976   30    1946     1.725
1976   31    1945     1.841
1976   32    1944     1.952
1976   33    1943     2.048
1976   34    1942     2.125
1976   35    1941     2.203
1976   36    1940     2.266
1976   37    1939     2.315
1976   38    1938     2.365
1976   39    1937     2.405
1976   40    1936     2.438
1976   41    1935     2.465
1976   42    1934     2.485
1976   43    1933     2.499
1976   44    1932     2.510
1976   45    1931     2.518
1976   46    1930     2.523
1976   47    1929     2.523
1976   48    1928     2.523
1976   49    1927     2.523
1976   50    1926     2.523
1976   51    1925     2.523
1976   52    1924     2.523
1976   53    1923     2.523
1976   54    1922     2.523
1976   55    1921     2.523
1977   12    1965     0.000
1977   13    1964     0.000
1977   14    1963     0.000
1977   15    1962     0.000
1977   16    1961     0.002
1977   17    1960     0.016
1977   18    1959     0.059
1977   19    1958     0.132
1977   20    1957     0.227
1977   21    1956     0.342
1977   22    1955     0.470
1977   23    1954     0.608
1977   24    1953     0.760
1977   25    1952     0.907
1977   26    1951     1.052
1977   27    1950     1.198
1977   28    1949     1.331
1977   29    1948     1.462
1977   30    1947     1.574
1977   31    1946     1.668
1977   32    1945     1.760
1977   33    1944     1.847
1977   34    1943     1.922
1977   35    1942     1.992
1977   36    1941     2.065
1977   37    1940     2.126
1977   38    1939     2.169
1977   39    1938     2.203
1977   40    1937     2.234
1977   41    1936     2.259
1977   42    1935     2.279
1977   43    1934     2.293
1977   44    1933     2.301
1977   45    1932     2.305
1977   46    1931     2.309
1977   47    1930     2.312
1977   48    1929     2.312
1977   49    1928     2.312
1977   50    1927     2.312
1977   51    1926     2.312
1977   52    1925     2.312
1977   53    1924     2.312
1977   54    1923     2.312
1977   55    1922     2.312
1978   12    1966     0.000
1978   13    1965     0.000
1978   14    1964     0.000
1978   15    1963     0.001
1978   16    1962     0.004
1978   17    1961     0.017
1978   18    1960     0.064
1978   19    1959     0.138
1978   20    1958     0.232
1978   21    1957     0.346
1978   22    1956     0.478
1978   23    1955     0.628
1978   24    1954     0.777
1978   25    1953     0.927
1978   26    1952     1.083
1978   27    1951     1.232
1978   28    1950     1.374
1978   29    1949     1.505
1978   30    1948     1.624
1978   31    1947     1.733
1978   32    1946     1.830
1978   33    1945     1.921
1978   34    1944     2.000
1978   35    1943     2.068
1978   36    1942     2.130
1978   37    1941     2.181
1978   38    1940     2.223
1978   39    1939     2.259
1978   40    1938     2.286
1978   41    1937     2.306
1978   42    1936     2.325
1978   43    1935     2.336
1978   44    1934     2.339
1978   45    1933     2.342
1978   46    1932     2.346
1978   47    1931     2.349
1978   48    1930     2.349
1978   49    1929     2.349
1978   50    1928     2.349
1978   51    1927     2.349
1978   52    1926     2.349
1978   53    1925     2.349
1978   54    1924     2.349
1978   55    1923     2.349
1979   12    1967     0.000
1979   13    1966     0.000
1979   14    1965     0.000
1979   15    1964     0.000
1979   16    1963     0.002
1979   17    1962     0.015
1979   18    1961     0.049
1979   19    1960     0.114
1979   20    1959     0.214
1979   21    1958     0.339
1979   22    1957     0.482
1979   23    1956     0.635
1979   24    1955     0.787
1979   25    1954     0.950
1979   26    1953     1.111
1979   27    1952     1.263
1979   28    1951     1.403
1979   29    1950     1.535
1979   30    1949     1.674
1979   31    1948     1.804
1979   32    1947     1.916
1979   33    1946     2.018
1979   34    1945     2.106
1979   35    1944     2.189
1979   36    1943     2.263
1979   37    1942     2.324
1979   38    1941     2.370
1979   39    1940     2.407
1979   40    1939     2.435
1979   41    1938     2.455
1979   42    1937     2.468
1979   43    1936     2.476
1979   44    1935     2.483
1979   45    1934     2.485
1979   46    1933     2.485
1979   47    1932     2.486
1979   48    1931     2.489
1979   49    1930     2.489
1979   50    1929     2.489
1979   51    1928     2.489
1979   52    1927     2.489
1979   53    1926     2.489
1979   54    1925     2.489
1979   55    1924     2.489
1980   12    1968     0.000
1980   13    1967     0.000
1980   14    1966     0.000
1980   15    1965     0.001
1980   16    1964     0.002
1980   17    1963     0.015
1980   18    1962     0.060
1980   19    1961     0.126
1980   20    1960     0.226
1980   21    1959     0.350
1980   22    1958     0.488
1980   23    1957     0.635
1980   24    1956     0.788
1980   25    1955     0.937
1980   26    1954     1.081
1980   27    1953     1.230
1980   28    1952     1.369
1980   29    1951     1.508
1980   30    1950     1.646
1980   31    1949     1.782
1980   32    1948     1.899
1980   33    1947     1.995
1980   34    1946     2.085
1980   35    1945     2.166
1980   36    1944     2.237
1980   37    1943     2.299
1980   38    1942     2.350
1980   39    1941     2.391
1980   40    1940     2.422
1980   41    1939     2.445
1980   42    1938     2.461
1980   43    1937     2.468
1980   44    1936     2.473
1980   45    1935     2.475
1980   46    1934     2.477
1980   47    1933     2.478
1980   48    1932     2.478
1980   49    1931     2.478
1980   50    1930     2.478
1980   51    1929     2.478
1980   52    1928     2.478
1980   53    1927     2.478
1980   54    1926     2.478
1980   55    1925     2.478
1981   12    1969     0.000
1981   13    1968     0.000
1981   14    1967     0.000
1981   15    1966     0.000
1981   16    1965     0.003
1981   17    1964     0.016
1981   18    1963     0.051
1981   19    1962     0.109
1981   20    1961     0.196
1981   21    1960     0.305
1981   22    1959     0.442
1981   23    1958     0.585
1981   24    1957     0.722
1981   25    1956     0.865
1981   26    1955     1.006
1981   27    1954     1.145
1981   28    1953     1.287
1981   29    1952     1.426
1981   30    1951     1.554
1981   31    1950     1.666
1981   32    1949     1.775
1981   33    1948     1.876
1981   34    1947     1.957
1981   35    1946     2.034
1981   36    1945     2.103
1981   37    1944     2.161
1981   38    1943     2.213
1981   39    1942     2.256
1981   40    1941     2.283
1981   41    1940     2.298
1981   42    1939     2.308
1981   43    1938     2.319
1981   44    1937     2.327
1981   45    1936     2.330
1981   46    1935     2.331
1981   47    1934     2.332
1981   48    1933     2.332
1981   49    1932     2.333
1981   50    1931     2.333
1981   51    1930     2.333
1981   52    1929     2.333
1981   53    1928     2.333
1981   54    1927     2.333
1981   55    1926     2.333
1982   12    1970     0.000
1982   13    1969     0.000
1982   14    1968     0.000
1982   15    1967     0.000
1982   16    1966     0.003
1982   17    1965     0.014
1982   18    1964     0.040
1982   19    1963     0.098
1982   20    1962     0.188
1982   21    1961     0.301
1982   22    1960     0.430
1982   23    1959     0.569
1982   24    1958     0.716
1982   25    1957     0.866
1982   26    1956     1.011
1982   27    1955     1.152
1982   28    1954     1.293
1982   29    1953     1.424
1982   30    1952     1.539
1982   31    1951     1.653
1982   32    1950     1.755
1982   33    1949     1.847
1982   34    1948     1.928
1982   35    1947     1.996
1982   36    1946     2.057
1982   37    1945     2.101
1982   38    1944     2.141
1982   39    1943     2.179
1982   40    1942     2.202
1982   41    1941     2.223
1982   42    1940     2.242
1982   43    1939     2.251
1982   44    1938     2.257
1982   45    1937     2.262
1982   46    1936     2.265
1982   47    1935     2.265
1982   48    1934     2.265
1982   49    1933     2.265
1982   50    1932     2.265
1982   51    1931     2.265
1982   52    1930     2.265
1982   53    1929     2.265
1982   54    1928     2.265
1982   55    1927     2.265
1983   12    1971     0.000
1983   13    1970     0.000
1983   14    1969     0.000
1983   15    1968     0.000
1983   16    1967     0.002
1983   17    1966     0.010
1983   18    1965     0.035
1983   19    1964     0.081
1983   20    1963     0.156
1983   21    1962     0.254
1983   22    1961     0.382
1983   23    1960     0.526
1983   24    1959     0.677
1983   25    1958     0.818
1983   26    1957     0.956
1983   27    1956     1.101
1983   28    1955     1.240
1983   29    1954     1.376
1983   30    1953     1.501
1983   31    1952     1.618
1983   32    1951     1.719
1983   33    1950     1.804
1983   34    1949     1.888
1983   35    1948     1.970
1983   36    1947     2.035
1983   37    1946     2.079
1983   38    1945     2.116
1983   39    1944     2.151
1983   40    1943     2.180
1983   41    1942     2.208
1983   42    1941     2.227
1983   43    1940     2.233
1983   44    1939     2.236
1983   45    1938     2.241
1983   46    1937     2.243
1983   47    1936     2.243
1983   48    1935     2.244
1983   49    1934     2.244
1983   50    1933     2.244
1983   51    1932     2.244
1983   52    1931     2.244
1983   53    1930     2.244
1983   54    1929     2.244
1983   55    1928     2.244
1984   12    1972     0.000
1984   13    1971     0.000
1984   14    1970     0.000
1984   15    1969     0.000
1984   16    1968     0.001
1984   17    1967     0.008
1984   18    1966     0.032
1984   19    1965     0.079
1984   20    1964     0.147
1984   21    1963     0.230
1984   22    1962     0.338
1984   23    1961     0.465
1984   24    1960     0.596
1984   25    1959     0.732
1984   26    1958     0.873
1984   27    1957     1.009
1984   28    1956     1.139
1984   29    1955     1.260
1984   30    1954     1.372
1984   31    1953     1.475
1984   32    1952     1.571
1984   33    1951     1.659
1984   34    1950     1.748
1984   35    1949     1.825
1984   36    1948     1.884
1984   37    1947     1.936
1984   38    1946     1.981
1984   39    1945     2.012
1984   40    1944     2.036
1984   41    1943     2.054
1984   42    1942     2.067
1984   43    1941     2.074
1984   44    1940     2.078
1984   45    1939     2.080
1984   46    1938     2.080
1984   47    1937     2.080
1984   48    1936     2.080
1984   49    1935     2.080
1984   50    1934     2.080
1984   51    1933     2.080
1984   52    1932     2.080
1984   53    1931     2.080
1984   54    1930     2.080
1984   55    1929     2.080
1985   12    1973     0.000
1985   13    1972     0.000
1985   14    1971     0.000
1985   15    1970     0.000
1985   16    1969     0.002
1985   17    1968     0.010
1985   18    1967     0.031
1985   19    1966     0.074
1985   20    1965     0.134
1985   21    1964     0.207
1985   22    1963     0.306
1985   23    1962     0.420
1985   24    1961     0.535
1985   25    1960     0.663
1985   26    1959     0.794
1985   27    1958     0.924
1985   28    1957     1.049
1985   29    1956     1.164
1985   30    1955     1.268
1985   31    1954     1.370
1985   32    1953     1.465
1985   33    1952     1.543
1985   34    1951     1.622
1985   35    1950     1.693
1985   36    1949     1.749
1985   37    1948     1.802
1985   38    1947     1.845
1985   39    1946     1.877
1985   40    1945     1.896
1985   41    1944     1.908
1985   42    1943     1.918
1985   43    1942     1.925
1985   44    1941     1.930
1985   45    1940     1.931
1985   46    1939     1.933
1985   47    1938     1.933
1985   48    1937     1.933
1985   49    1936     1.933
1985   50    1935     1.933
1985   51    1934     1.933
1985   52    1933     1.933
1985   53    1932     1.933
1985   54    1931     1.933
1985   55    1930     1.933
1986   12    1974     0.000
1986   13    1973     0.000
1986   14    1972     0.000
1986   15    1971     0.000
1986   16    1970     0.002
1986   17    1969     0.010
1986   18    1968     0.028
1986   19    1967     0.065
1986   20    1966     0.119
1986   21    1965     0.193
1986   22    1964     0.282
1986   23    1963     0.385
1986   24    1962     0.505
1986   25    1961     0.636
1986   26    1960     0.774
1986   27    1959     0.906
1986   28    1958     1.028
1986   29    1957     1.150
1986   30    1956     1.270
1986   31    1955     1.372
1986   32    1954     1.468
1986   33    1953     1.560
1986   34    1952     1.640
1986   35    1951     1.704
1986   36    1950     1.759
1986   37    1949     1.809
1986   38    1948     1.847
1986   39    1947     1.874
1986   40    1946     1.893
1986   41    1945     1.905
1986   42    1944     1.915
1986   43    1943     1.923
1986   44    1942     1.927
1986   45    1941     1.930
1986   46    1940     1.932
1986   47    1939     1.933
1986   48    1938     1.934
1986   49    1937     1.934
1986   50    1936     1.934
1986   51    1935     1.934
1986   52    1934     1.934
1986   53    1933     1.934
1986   54    1932     1.934
1986   55    1931     1.934
1987   12    1975     0.000
1987   13    1974     0.000
1987   14    1973     0.000
1987   15    1972     0.000
1987   16    1971     0.001
1987   17    1970     0.007
1987   18    1969     0.026
1987   19    1968     0.061
1987   20    1967     0.115
1987   21    1966     0.192
1987   22    1965     0.297
1987   23    1964     0.407
1987   24    1963     0.531
1987   25    1962     0.671
1987   26    1961     0.803
1987   27    1960     0.936
1987   28    1959     1.068
1987   29    1958     1.191
1987   30    1957     1.309
1987   31    1956     1.421
1987   32    1955     1.530
1987   33    1954     1.631
1987   34    1953     1.718
1987   35    1952     1.799
1987   36    1951     1.870
1987   37    1950     1.925
1987   38    1949     1.962
1987   39    1948     1.993
1987   40    1947     2.020
1987   41    1946     2.038
1987   42    1945     2.053
1987   43    1944     2.064
1987   44    1943     2.068
1987   45    1942     2.070
1987   46    1941     2.072
1987   47    1940     2.072
1987   48    1939     2.072
1987   49    1938     2.072
1987   50    1937     2.072
1987   51    1936     2.072
1987   52    1935     2.072
1987   53    1934     2.072
1987   54    1933     2.072
1987   55    1932     2.072
1988   12    1976     0.000
1988   13    1975     0.000
1988   14    1974     0.000
1988   15    1973     0.000
1988   16    1972     0.002
1988   17    1971     0.010
1988   18    1970     0.029
1988   19    1969     0.068
1988   20    1968     0.129
1988   21    1967     0.208
1988   22    1966     0.311
1988   23    1965     0.430
1988   24    1964     0.563
1988   25    1963     0.691
1988   26    1962     0.822
1988   27    1961     0.969
1988   28    1960     1.123
1988   29    1959     1.276
1988   30    1958     1.417
1988   31    1957     1.549
1988   32    1956     1.677
1988   33    1955     1.802
1988   34    1954     1.899
1988   35    1953     1.977
1988   36    1952     2.049
1988   37    1951     2.109
1988   38    1950     2.152
1988   39    1949     2.190
1988   40    1948     2.222
1988   41    1947     2.240
1988   42    1946     2.253
1988   43    1945     2.262
1988   44    1944     2.267
1988   45    1943     2.271
1988   46    1942     2.271
1988   47    1941     2.271
1988   48    1940     2.271
1988   49    1939     2.271
1988   50    1938     2.271
1988   51    1937     2.271
1988   52    1936     2.271
1988   53    1935     2.271
1988   54    1934     2.271
1988   55    1933     2.271
1989   12    1977     0.000
1989   13    1976     0.000
1989   14    1975     0.000
1989   15    1974     0.000
1989   16    1973     0.001
1989   17    1972     0.006
1989   18    1971     0.022
1989   19    1970     0.061
1989   20    1969     0.117
1989   21    1968     0.185
1989   22    1967     0.278
1989   23    1966     0.391
1989   24    1965     0.511
1989   25    1964     0.645
1989   26    1963     0.787
1989   27    1962     0.936
1989   28    1961     1.074
1989   29    1960     1.203
1989   30    1959     1.338
1989   31    1958     1.472
1989   32    1957     1.594
1989   33    1956     1.708
1989   34    1955     1.810
1989   35    1954     1.888
1989   36    1953     1.960
1989   37    1952     2.027
1989   38    1951     2.078
1989   39    1950     2.112
1989   40    1949     2.140
1989   41    1948     2.168
1989   42    1947     2.184
1989   43    1946     2.193
1989   44    1945     2.198
1989   45    1944     2.199
1989   46    1943     2.201
1989   47    1942     2.201
1989   48    1941     2.201
1989   49    1940     2.201
1989   50    1939     2.201
1989   51    1938     2.201
1989   52    1937     2.201
1989   53    1936     2.201
1989   54    1935     2.201
1989   55    1934     2.201
1990   12    1978     0.000
1990   13    1977     0.000
1990   14    1976     0.000
1990   15    1975     0.000
1990   16    1974     0.000
1990   17    1973     0.005
1990   18    1972     0.025
1990   19    1971     0.065
1990   20    1970     0.122
1990   21    1969     0.192
1990   22    1968     0.294
1990   23    1967     0.407
1990   24    1966     0.528
1990   25    1965     0.670
1990   26    1964     0.808
1990   27    1963     0.963
1990   28    1962     1.107
1990   29    1961     1.251
1990   30    1960     1.393
1990   31    1959     1.529
1990   32    1958     1.653
1990   33    1957     1.772
1990   34    1956     1.881
1990   35    1955     1.982
1990   36    1954     2.055
1990   37    1953     2.123
1990   38    1952     2.177
1990   39    1951     2.218
1990   40    1950     2.258
1990   41    1949     2.279
1990   42    1948     2.288
1990   43    1947     2.298
1990   44    1946     2.303
1990   45    1945     2.306
1990   46    1944     2.307
1990   47    1943     2.307
1990   48    1942     2.307
1990   49    1941     2.307
1990   50    1940     2.307
1990   51    1939     2.307
1990   52    1938     2.307
1990   53    1937     2.307
1990   54    1936     2.307
1990   55    1935     2.307
1991   12    1979     0.000
1991   13    1978     0.000
1991   14    1977     0.000
1991   15    1976     0.000
1991   16    1975     0.001
1991   17    1974     0.004
1991   18    1973     0.022
1991   19    1972     0.063
1991   20    1971     0.108
1991   21    1970     0.173
1991   22    1969     0.260
1991   23    1968     0.350
1991   24    1967     0.457
1991   25    1966     0.578
1991   26    1965     0.710
1991   27    1964     0.851
1991   28    1963     1.006
1991   29    1962     1.146
1991   30    1961     1.277
1991   31    1960     1.395
1991   32    1959     1.518
1991   33    1958     1.623
1991   34    1957     1.731
1991   35    1956     1.825
1991   36    1955     1.911
1991   37    1954     1.982
1991   38    1953     2.043
1991   39    1952     2.088
1991   40    1951     2.125
1991   41    1950     2.146
1991   42    1949     2.162
1991   43    1948     2.176
1991   44    1947     2.184
1991   45    1946     2.187
1991   46    1945     2.188
1991   47    1944     2.188
1991   48    1943     2.188
1991   49    1942     2.188
1991   50    1941     2.188
1991   51    1940     2.188
1991   52    1939     2.188
1991   53    1938     2.188
1991   54    1937     2.188
1991   55    1936     2.188
1992   12    1980     0.000
1992   13    1979     0.000
1992   14    1978     0.000
1992   15    1977     0.001
1992   16    1976     0.002
1992   17    1975     0.006
1992   18    1974     0.021
1992   19    1973     0.062
1992   20    1972     0.111
1992   21    1971     0.165
1992   22    1970     0.244
1992   23    1969     0.349
1992   24    1968     0.457
1992   25    1967     0.578
1992   26    1966     0.720
1992   27    1965     0.854
1992   28    1964     0.999
1992   29    1963     1.132
1992   30    1962     1.289
1992   31    1961     1.415
1992   32    1960     1.548
1992   33    1959     1.653
1992   34    1958     1.756
1992   35    1957     1.857
1992   36    1956     1.938
1992   37    1955     2.015
1992   38    1954     2.072
1992   39    1953     2.119
1992   40    1952     2.153
1992   41    1951     2.173
1992   42    1950     2.189
1992   43    1949     2.202
1992   44    1948     2.208
1992   45    1947     2.211
1992   46    1946     2.213
1992   47    1945     2.213
1992   48    1944     2.214
1992   49    1943     2.214
1992   50    1942     2.214
1992   51    1941     2.214
1992   52    1940     2.214
1992   53    1939     2.214
1992   54    1938     2.214
1992   55    1937     2.214
1993   12    1981     0.000
1993   13    1980     0.000
1993   14    1979     0.000
1993   15    1978     0.000
1993   16    1977     0.000
1993   17    1976     0.007
1993   18    1975     0.016
1993   19    1974     0.043
1993   20    1973     0.089
1993   21    1972     0.150
1993   22    1971     0.235
1993   23    1970     0.333
1993   24    1969     0.448
1993   25    1968     0.572
1993   26    1967     0.709
1993   27    1966     0.846
1993   28    1965     1.001
1993   29    1964     1.151
1993   30    1963     1.289
1993   31    1962     1.422
1993   32    1961     1.545
1993   33    1960     1.657
1993   34    1959     1.756
1993   35    1958     1.859
1993   36    1957     1.937
1993   37    1956     2.016
1993   38    1955     2.074
1993   39    1954     2.120
1993   40    1953     2.153
1993   41    1952     2.178
1993   42    1951     2.199
1993   43    1950     2.208
1993   44    1949     2.218
1993   45    1948     2.221
1993   46    1947     2.222
1993   47    1946     2.223
1993   48    1945     2.223
1993   49    1944     2.223
1993   50    1943     2.223
1993   51    1942     2.223
1993   52    1941     2.223
1993   53    1940     2.223
1993   54    1939     2.223
1993   55    1938     2.223
1994   12    1982     0.000
1994   13    1981     0.000
1994   14    1980     0.000
1994   15    1979     0.000
1994   16    1978     0.001
1994   17    1977     0.004
1994   18    1976     0.017
1994   19    1975     0.048
1994   20    1974     0.091
1994   21    1973     0.152
1994   22    1972     0.227
1994   23    1971     0.326
1994   24    1970     0.431
1994   25    1969     0.553
1994   26    1968     0.675
1994   27    1967     0.814
1994   28    1966     0.959
1994   29    1965     1.097
1994   30    1964     1.232
1994   31    1963     1.354
1994   32    1962     1.491
1994   33    1961     1.595
1994   34    1960     1.694
1994   35    1959     1.783
1994   36    1958     1.865
1994   37    1957     1.947
1994   38    1956     2.004
1994   39    1955     2.041
1994   40    1954     2.080
1994   41    1953     2.107
1994   42    1952     2.125
1994   43    1951     2.135
1994   44    1950     2.141
1994   45    1949     2.143
1994   46    1948     2.143
1994   47    1947     2.143
1994   48    1946     2.143
1994   49    1945     2.143
1994   50    1944     2.143
1994   51    1943     2.143
1994   52    1942     2.143
1994   53    1941     2.143
1994   54    1940     2.143
1994   55    1939     2.143
1995   12    1983     0.000
1995   13    1982     0.000
1995   14    1981     0.000
1995   15    1980     0.000
1995   16    1979     0.000
1995   17    1978     0.003
1995   18    1977     0.019
1995   19    1976     0.049
1995   20    1975     0.090
1995   21    1974     0.148
1995   22    1973     0.233
1995   23    1972     0.324
1995   24    1971     0.423
1995   25    1970     0.529
1995   26    1969     0.651
1995   27    1968     0.770
1995   28    1967     0.899
1995   29    1966     1.037
1995   30    1965     1.166
1995   31    1964     1.300
1995   32    1963     1.428
1995   33    1962     1.542
1995   34    1961     1.647
1995   35    1960     1.743
1995   36    1959     1.823
1995   37    1958     1.894
1995   38    1957     1.949
1995   39    1956     1.991
1995   40    1955     2.022
1995   41    1954     2.043
1995   42    1953     2.063
1995   43    1952     2.070
1995   44    1951     2.074
1995   45    1950     2.076
1995   46    1949     2.078
1995   47    1948     2.079
1995   48    1947     2.080
1995   49    1946     2.080
1995   50    1945     2.080
1995   51    1944     2.080
1995   52    1943     2.080
1995   53    1942     2.080
1995   54    1941     2.080
1995   55    1940     2.080
1996   12    1984     0.000
1996   13    1983     0.000
1996   14    1982     0.000
1996   15    1981     0.000
1996   16    1980     0.000
1996   17    1979     0.005
1996   18    1978     0.015
1996   19    1977     0.042
1996   20    1976     0.084
1996   21    1975     0.141
1996   22    1974     0.215
1996   23    1973     0.305
1996   24    1972     0.407
1996   25    1971     0.518
1996   26    1970     0.635
1996   27    1969     0.760
1996   28    1968     0.909
1996   29    1967     1.046
1996   30    1966     1.184
1996   31    1965     1.312
1996   32    1964     1.432
1996   33    1963     1.552
1996   34    1962     1.660
1996   35    1961     1.754
1996   36    1960     1.841
1996   37    1959     1.914
1996   38    1958     1.981
1996   39    1957     2.026
1996   40    1956     2.062
1996   41    1955     2.087
1996   42    1954     2.094
1996   43    1953     2.105
1996   44    1952     2.115
1996   45    1951     2.117
1996   46    1950     2.118
1996   47    1949     2.119
1996   48    1948     2.119
1996   49    1947     2.119
1996   50    1946     2.119
1996   51    1945     2.119
1996   52    1944     2.119
1996   53    1943     2.119
1996   54    1942     2.119
1996   55    1941     2.119
1997   12    1985     0.000
1997   13    1984     0.000
1997   14    1983     0.000
1997   15    1982     0.000
1997   16    1981     0.000
1997   17    1980     0.003
1997   18    1979     0.016
1997   19    1978     0.048
1997   20    1977     0.097
1997   21    1976     0.154
1997   22    1975     0.233
1997   23    1974     0.321
1997   24    1973     0.418
1997   25    1972     0.519
1997   26    1971     0.649
1997   27    1970     0.764
1997   28    1969     0.900
1997   29    1968     1.027
1997   30    1967     1.151
1997   31    1966     1.283
1997   32    1965     1.411
1997   33    1964     1.516
1997   34    1963     1.614
1997   35    1962     1.699
1997   36    1961     1.785
1997   37    1960     1.849
1997   38    1959     1.900
1997   39    1958     1.940
1997   40    1957     1.974
1997   41    1956     1.997
1997   42    1955     2.012
1997   43    1954     2.025
1997   44    1953     2.033
1997   45    1952     2.035
1997   46    1951     2.037
1997   47    1950     2.037
1997   48    1949     2.037
1997   49    1948     2.037
1997   50    1947     2.037
1997   51    1946     2.037
1997   52    1945     2.037
1997   53    1944     2.037
1997   54    1943     2.037
1997   55    1942     2.037
1998   12    1986     0.000
1998   13    1985     0.000
1998   14    1984     0.000
1998   15    1983     0.000
1998   16    1982     0.000
1998   17    1981     0.005
1998   18    1980     0.021
1998   19    1979     0.058
1998   20    1978     0.099
1998   21    1977     0.148
1998   22    1976     0.227
1998   23    1975     0.304
1998   24    1974     0.391
1998   25    1973     0.507
1998   26    1972     0.623
1998   27    1971     0.748
1998   28    1970     0.880
1998   29    1969     1.024
1998   30    1968     1.163
1998   31    1967     1.276
1998   32    1966     1.396
1998   33    1965     1.509
1998   34    1964     1.609
1998   35    1963     1.703
1998   36    1962     1.782
1998   37    1961     1.835
1998   38    1960     1.896
1998   39    1959     1.946
1998   40    1958     1.977
1998   41    1957     2.004
1998   42    1956     2.020
1998   43    1955     2.029
1998   44    1954     2.041
1998   45    1953     2.045
1998   46    1952     2.046
1998   47    1951     2.046
1998   48    1950     2.046
1998   49    1949     2.046
1998   50    1948     2.046
1998   51    1947     2.046
1998   52    1946     2.046
1998   53    1945     2.046
1998   54    1944     2.046
1998   55    1943     2.046
1999   12    1987     0.000
1999   13    1986     0.000
1999   14    1985     0.000
1999   15    1984     0.000
1999   16    1983     0.000
1999   17    1982     0.006
1999   18    1981     0.017
1999   19    1980     0.051
1999   20    1979     0.095
1999   21    1978     0.154
1999   22    1977     0.231
1999   23    1976     0.305
1999   24    1975     0.398
1999   25    1974     0.507
1999   26    1973     0.619
1999   27    1972     0.735
1999   28    1971     0.867
1999   29    1970     0.989
1999   30    1969     1.115
1999   31    1968     1.235
1999   32    1967     1.362
1999   33    1966     1.469
1999   34    1965     1.559
1999   35    1964     1.648
1999   36    1963     1.733
1999   37    1962     1.795
1999   38    1961     1.859
1999   39    1960     1.913
1999   40    1959     1.940
1999   41    1958     1.962
1999   42    1957     1.975
1999   43    1956     1.983
1999   44    1955     1.989
1999   45    1954     1.992
1999   46    1953     1.993
1999   47    1952     1.993
1999   48    1951     1.993
1999   49    1950     1.993
1999   50    1949     1.993
1999   51    1948     1.993
1999   52    1947     1.993
1999   53    1946     1.993
1999   54    1945     1.993
1999   55    1944     1.993
2000   12    1988     0.000
2000   13    1987     0.000
2000   14    1986     0.000
2000   15    1985     0.000
2000   16    1984     0.001
2000   17    1983     0.002
2000   18    1982     0.014
2000   19    1981     0.042
2000   20    1980     0.087
2000   21    1979     0.145
2000   22    1978     0.215
2000   23    1977     0.299
2000   24    1976     0.395
2000   25    1975     0.500
2000   26    1974     0.612
2000   27    1973     0.734
2000   28    1972     0.873
2000   29    1971     0.999
2000   30    1970     1.153
2000   31    1969     1.277
2000   32    1968     1.406
2000   33    1967     1.526
2000   34    1966     1.630
2000   35    1965     1.728
2000   36    1964     1.819
2000   37    1963     1.888
2000   38    1962     1.947
2000   39    1961     1.983
2000   40    1960     2.013
2000   41    1959     2.037
2000   42    1958     2.059
2000   43    1957     2.068
2000   44    1956     2.074
2000   45    1955     2.078
2000   46    1954     2.079
2000   47    1953     2.080
2000   48    1952     2.081
2000   49    1951     2.081
2000   50    1950     2.081
2000   51    1949     2.081
2000   52    1948     2.081
2000   53    1947     2.081
2000   54    1946     2.081
2000   55    1945     2.081
2001   12    1989     0.000
2001   13    1988     0.000
2001   14    1987     0.000
2001   15    1986     0.000
2001   16    1985     0.001
2001   17    1984     0.003
2001   18    1983     0.013
2001   19    1982     0.036
2001   20    1981     0.078
2001   21    1980     0.128
2001   22    1979     0.190
2001   23    1978     0.263
2001   24    1977     0.353
2001   25    1976     0.436
2001   26    1975     0.556
2001   27    1974     0.681
2001   28    1973     0.795
2001   29    1972     0.927
2001   30    1971     1.069
2001   31    1970     1.192
2001   32    1969     1.305
2001   33    1968     1.396
2001   34    1967     1.498
2001   35    1966     1.596
2001   36    1965     1.673
2001   37    1964     1.751
2001   38    1963     1.815
2001   39    1962     1.857
2001   40    1961     1.888
2001   41    1960     1.912
2001   42    1959     1.928
2001   43    1958     1.937
2001   44    1957     1.945
2001   45    1956     1.949
2001   46    1955     1.951
2001   47    1954     1.951
2001   48    1953     1.952
2001   49    1952     1.952
2001   50    1951     1.952
2001   51    1950     1.952
2001   52    1949     1.952
2001   53    1948     1.952
2001   54    1947     1.952
2001   55    1946     1.952
2002   12    1990     0.000
2002   13    1989     0.000
2002   14    1988     0.000
2002   15    1987     0.000
2002   16    1986     0.001
2002   17    1985     0.003
2002   18    1984     0.014
2002   19    1983     0.034
2002   20    1982     0.064
2002   21    1981     0.117
2002   22    1980     0.175
2002   23    1979     0.242
2002   24    1978     0.329
2002   25    1977     0.418
2002   26    1976     0.522
2002   27    1975     0.627
2002   28    1974     0.747
2002   29    1973     0.877
2002   30    1972     1.014
2002   31    1971     1.131
2002   32    1970     1.247
2002   33    1969     1.362
2002   34    1968     1.473
2002   35    1967     1.562
2002   36    1966     1.649
2002   37    1965     1.723
2002   38    1964     1.783
2002   39    1963     1.831
2002   40    1962     1.864
2002   41    1961     1.894
2002   42    1960     1.909
2002   43    1959     1.924
2002   44    1958     1.930
2002   45    1957     1.931
2002   46    1956     1.932
2002   47    1955     1.934
2002   48    1954     1.934
2002   49    1953     1.934
2002   50    1952     1.934
2002   51    1951     1.934
2002   52    1950     1.934
2002   53    1949     1.934
2002   54    1948     1.934
2002   55    1947     1.934
2003   12    1991     0.000
2003   13    1990     0.000
2003   14    1989     0.000
2003   15    1988     0.000
2003   16    1987     0.000
2003   17    1986     0.002
2003   18    1985     0.009
2003   19    1984     0.031
2003   20    1983     0.058
2003   21    1982     0.103
2003   22    1981     0.161
2003   23    1980     0.222
2003   24    1979     0.312
2003   25    1978     0.401
2003   26    1977     0.519
2003   27    1976     0.631
2003   28    1975     0.764
2003   29    1974     0.897
2003   30    1973     1.041
2003   31    1972     1.167
2003   32    1971     1.309
2003   33    1970     1.429
2003   34    1969     1.540
2003   35    1968     1.640
2003   36    1967     1.726
2003   37    1966     1.788
2003   38    1965     1.841
2003   39    1964     1.881
2003   40    1963     1.917
2003   41    1962     1.941
2003   42    1961     1.962
2003   43    1960     1.975
2003   44    1959     1.987
2003   45    1958     1.988
2003   46    1957     1.988
2003   47    1956     1.989
2003   48    1955     1.989
2003   49    1954     1.989
2003   50    1953     1.989
2003   51    1952     1.989
2003   52    1951     1.989
2003   53    1950     1.989
2003   54    1949     1.989
2003   55    1948     1.989
2004   12    1992     0.000
2004   13    1991     0.000
2004   14    1990     0.000
2004   15    1989     0.000
2004   16    1988     0.001
2004   17    1987     0.003
2004   18    1986     0.007
2004   19    1985     0.021
2004   20    1984     0.046
2004   21    1983     0.083
2004   22    1982     0.142
2004   23    1981     0.221
2004   24    1980     0.295
2004   25    1979     0.389
2004   26    1978     0.502
2004   27    1977     0.627
2004   28    1976     0.761
2004   29    1975     0.895
2004   30    1974     1.043
2004   31    1973     1.174
2004   32    1972     1.300
2004   33    1971     1.426
2004   34    1970     1.550
2004   35    1969     1.660
2004   36    1968     1.742
2004   37    1967     1.817
2004   38    1966     1.875
2004   39    1965     1.924
2004   40    1964     1.965
2004   41    1963     1.995
2004   42    1962     2.013
2004   43    1961     2.027
2004   44    1960     2.032
2004   45    1959     2.038
2004   46    1958     2.039
2004   47    1957     2.040
2004   48    1956     2.040
2004   49    1955     2.040
2004   50    1954     2.040
2004   51    1953     2.040
2004   52    1952     2.040
2004   53    1951     2.040
2004   54    1950     2.040
2004   55    1949     2.040
2005   12    1993     0.000
2005   13    1992     0.000
2005   14    1991     0.000
2005   15    1990     0.000
2005   16    1989     0.000
2005   17    1988     0.003
2005   18    1987     0.008
2005   19    1986     0.019
2005   20    1985     0.052
2005   21    1984     0.100
2005   22    1983     0.156
2005   23    1982     0.224
2005   24    1981     0.332
2005   25    1980     0.426
2005   26    1979     0.549
2005   27    1978     0.672
2005   28    1977     0.786
2005   29    1976     0.924
2005   30    1975     1.067
2005   31    1974     1.190
2005   32    1973     1.317
2005   33    1972     1.431
2005   34    1971     1.539
2005   35    1970     1.651
2005   36    1969     1.741
2005   37    1968     1.825
2005   38    1967     1.890
2005   39    1966     1.940
2005   40    1965     1.979
2005   41    1964     2.002
2005   42    1963     2.022
2005   43    1962     2.035
2005   44    1961     2.041
2005   45    1960     2.043
2005   46    1959     2.046
2005   47    1958     2.048
2005   48    1957     2.048
2005   49    1956     2.048
2005   50    1955     2.048
2005   51    1954     2.048
2005   52    1953     2.048
2005   53    1952     2.048
2005   54    1951     2.048
2005   55    1950     2.048
2006   12    1994     0.000
2006   13    1993     0.000
2006   14    1992     0.000
2006   15    1991     0.000
2006   16    1990     0.000
2006   17    1989     0.001
2006   18    1988     0.006
2006   19    1987     0.027
2006   20    1986     0.052
2006   21    1985     0.098
2006   22    1984     0.165
2006   23    1983     0.240
2006   24    1982     0.319
2006   25    1981     0.419
2006   26    1980     0.522
2006   27    1979     0.637
2006   28    1978     0.770
2006   29    1977     0.915
2006   30    1976     1.047
2006   31    1975     1.175
2006   32    1974     1.320
2006   33    1973     1.437
2006   34    1972     1.558
2006   35    1971     1.660
2006   36    1970     1.763
2006   37    1969     1.851
2006   38    1968     1.910
2006   39    1967     1.965
2006   40    1966     2.005
2006   41    1965     2.034
2006   42    1964     2.056
2006   43    1963     2.068
2006   44    1962     2.072
2006   45    1961     2.077
2006   46    1960     2.079
2006   47    1959     2.079
2006   48    1958     2.080
2006   49    1957     2.080
2006   50    1956     2.080
2006   51    1955     2.080
2006   52    1954     2.080
2006   53    1953     2.080
2006   54    1952     2.080
2006   55    1951     2.080
2007   12    1995     0.000
2007   13    1994     0.000
2007   14    1993     0.000
2007   15    1992     0.000
2007   16    1991     0.000
2007   17    1990     0.001
2007   18    1989     0.009
2007   19    1988     0.025
2007   20    1987     0.055
2007   21    1986     0.098
2007   22    1985     0.161
2007   23    1984     0.221
2007   24    1983     0.314
2007   25    1982     0.409
2007   26    1981     0.512
2007   27    1980     0.639
2007   28    1979     0.780
2007   29    1978     0.910
2007   30    1977     1.055
2007   31    1976     1.191
2007   32    1975     1.341
2007   33    1974     1.454
2007   34    1973     1.570
2007   35    1972     1.677
2007   36    1971     1.775
2007   37    1970     1.861
2007   38    1969     1.928
2007   39    1968     1.978
2007   40    1967     2.019
2007   41    1966     2.042
2007   42    1965     2.058
2007   43    1964     2.072
2007   44    1963     2.078
2007   45    1962     2.083
2007   46    1961     2.087
2007   47    1960     2.087
2007   48    1959     2.088
2007   49    1958     2.088
2007   50    1957     2.088
2007   51    1956     2.088
2007   52    1955     2.088
2007   53    1954     2.088
2007   54    1953     2.088
2007   55    1952     2.088
2008   12    1996     0.000
2008   13    1995     0.000
2008   14    1994     0.000
2008   15    1993     0.000
2008   16    1992     0.000
2008   17    1991     0.002
2008   18    1990     0.009
2008   19    1989     0.021
2008   20    1988     0.049
2008   21    1987     0.097
2008   22    1986     0.148
2008   23    1985     0.212
2008   24    1984     0.311
2008   25    1983     0.410
2008   26    1982     0.518
2008   27    1981     0.636
2008   28    1980     0.776
2008   29    1979     0.916
2008   30    1978     1.066
2008   31    1977     1.215
2008   32    1976     1.351
2008   33    1975     1.477
2008   34    1974     1.591
2008   35    1973     1.695
2008   36    1972     1.791
2008   37    1971     1.878
2008   38    1970     1.956
2008   39    1969     2.017
2008   40    1968     2.066
2008   41    1967     2.095
2008   42    1966     2.118
2008   43    1965     2.137
2008   44    1964     2.144
2008   45    1963     2.148
2008   46    1962     2.151
2008   47    1961     2.154
2008   48    1960     2.154
2008   49    1959     2.155
2008   50    1958     2.155
2008   51    1957     2.155
2008   52    1956     2.155
2008   53    1955     2.155
2008   54    1954     2.155
2008   55    1953     2.155
2009   12    1997     0.000
2009   13    1996     0.000
2009   14    1995     0.000
2009   15    1994     0.000
2009   16    1993     0.000
2009   17    1992     0.002
2009   18    1991     0.009
2009   19    1990     0.024
2009   20    1989     0.052
2009   21    1988     0.093
2009   22    1987     0.148
2009   23    1986     0.209
2009   24    1985     0.293
2009   25    1984     0.394
2009   26    1983     0.508
2009   27    1982     0.636
2009   28    1981     0.781
2009   29    1980     0.928
2009   30    1979     1.081
2009   31    1978     1.241
2009   32    1977     1.376
2009   33    1976     1.505
2009   34    1975     1.642
2009   35    1974     1.755
2009   36    1973     1.857
2009   37    1972     1.945
2009   38    1971     2.012
2009   39    1970     2.086
2009   40    1969     2.131
2009   41    1968     2.164
2009   42    1967     2.188
2009   43    1966     2.206
2009   44    1965     2.217
2009   45    1964     2.223
2009   46    1963     2.224
2009   47    1962     2.226
2009   48    1961     2.227
2009   49    1960     2.228
2009   50    1959     2.228
2009   51    1958     2.228
2009   52    1957     2.228
2009   53    1956     2.228
2009   54    1955     2.228
2009   55    1954     2.228
2010   12    1998     0.000
2010   13    1997     0.000
2010   14    1996     0.000
2010   15    1995     0.000
2010   16    1994     0.000
2010   17    1993     0.001
2010   18    1992     0.010
2010   19    1991     0.026
2010   20    1990     0.053
2010   21    1989     0.087
2010   22    1988     0.137
2010   23    1987     0.200
2010   24    1986     0.275
2010   25    1985     0.371
2010   26    1984     0.487
2010   27    1983     0.615
2010   28    1982     0.749
2010   29    1981     0.894
2010   30    1980     1.037
2010   31    1979     1.183
2010   32    1978     1.324
2010   33    1977     1.471
2010   34    1976     1.597
2010   35    1975     1.701
2010   36    1974     1.808
2010   37    1973     1.910
2010   38    1972     1.992
2010   39    1971     2.050
2010   40    1970     2.107
2010   41    1969     2.137
2010   42    1968     2.165
2010   43    1967     2.181
2010   44    1966     2.189
2010   45    1965     2.196
2010   46    1964     2.196
2010   47    1963     2.196
2010   48    1962     2.197
2010   49    1961     2.197
2010   50    1960     2.197
2010   51    1959     2.197
2010   52    1958     2.197
2010   53    1957     2.197
2010   54    1956     2.197
2010   55    1955     2.197
2011   12    1999     0.000
2011   13    1998     0.000
2011   14    1997     0.000
2011   15    1996     0.000
2011   16    1995     0.000
2011   17    1994     0.002
2011   18    1993     0.005
2011   19    1992     0.017
2011   20    1991     0.040
2011   21    1990     0.072
2011   22    1989     0.123
2011   23    1988     0.179
2011   24    1987     0.251
2011   25    1986     0.326
2011   26    1985     0.419
2011   27    1984     0.542
2011   28    1983     0.664
2011   29    1982     0.803
2011   30    1981     0.946
2011   31    1980     1.082
2011   32    1979     1.222
2011   33    1978     1.346
2011   34    1977     1.469
2011   35    1976     1.575
2011   36    1975     1.665
2011   37    1974     1.760
2011   38    1973     1.820
2011   39    1972     1.873
2011   40    1971     1.919
2011   41    1970     1.952
2011   42    1969     1.975
2011   43    1968     1.994
2011   44    1967     2.005
2011   45    1966     2.009
2011   46    1965     2.013
2011   47    1964     2.015
2011   48    1963     2.015
2011   49    1962     2.015
2011   50    1961     2.016
2011   51    1960     2.016
2011   52    1959     2.016
2011   53    1958     2.016
2011   54    1957     2.016
2011   55    1956     2.016
2012   12    2000     0.000
2012   13    1999     0.000
2012   14    1998     0.000
2012   15    1997     0.000
2012   16    1996     0.000
2012   17    1995     0.001
2012   18    1994     0.005
2012   19    1993     0.015
2012   20    1992     0.040
2012   21    1991     0.072
2012   22    1990     0.123
2012   23    1989     0.183
2012   24    1988     0.250
2012   25    1987     0.328
2012   26    1986     0.429
2012   27    1985     0.538
2012   28    1984     0.674
2012   29    1983     0.832
2012   30    1982     0.971
2012   31    1981     1.113
2012   32    1980     1.241
2012   33    1979     1.361
2012   34    1978     1.477
2012   35    1977     1.581
2012   36    1976     1.676
2012   37    1975     1.764
2012   38    1974     1.837
2012   39    1973     1.898
2012   40    1972     1.939
2012   41    1971     1.978
2012   42    1970     2.002
2012   43    1969     2.017
2012   44    1968     2.027
2012   45    1967     2.033
2012   46    1966     2.035
2012   47    1965     2.037
2012   48    1964     2.037
2012   49    1963     2.037
2012   50    1962     2.037
2012   51    1961     2.037
2012   52    1960     2.037
2012   53    1959     2.037
2012   54    1958     2.037
2012   55    1957     2.037
2013   12    2001     0.000
2013   13    2000     0.000
2013   14    1999     0.000
2013   15    1998     0.000
2013   16    1997     0.000
2013   17    1996     0.000
2013   18    1995     0.004
2013   19    1994     0.014
2013   20    1993     0.026
2013   21    1992     0.055
2013   22    1991     0.092
2013   23    1990     0.148
2013   24    1989     0.213
2013   25    1988     0.300
2013   26    1987     0.398
2013   27    1986     0.516
2013   28    1985     0.636
2013   29    1984     0.758
2013   30    1983     0.875
2013   31    1982     1.009
2013   32    1981     1.130
2013   33    1980     1.253
2013   34    1979     1.361
2013   35    1978     1.468
2013   36    1977     1.571
2013   37    1976     1.655
2013   38    1975     1.730
2013   39    1974     1.783
2013   40    1973     1.829
2013   41    1972     1.864
2013   42    1971     1.890
2013   43    1970     1.905
2013   44    1969     1.917
2013   45    1968     1.922
2013   46    1967     1.926
2013   47    1966     1.930
2013   48    1965     1.931
2013   49    1964     1.933
2013   50    1963     1.933
2013   51    1962     1.933
2013   52    1961     1.934
2013   53    1960     1.934
2013   54    1959     1.934
2013   55    1958     1.934
2014   12    2002     0.000
2014   13    2001     0.000
2014   14    2000     0.000
2014   15    1999     0.000
2014   16    1998     0.000
2014   17    1997     0.001
2014   18    1996     0.003
2014   19    1995     0.009
2014   20    1994     0.025
2014   21    1993     0.052
2014   22    1992     0.095
2014   23    1991     0.154
2014   24    1990     0.236
2014   25    1989     0.318
2014   26    1988     0.410
2014   27    1987     0.517
2014   28    1986     0.649
2014   29    1985     0.781
2014   30    1984     0.910
2014   31    1983     1.047
2014   32    1982     1.171
2014   33    1981     1.289
2014   34    1980     1.393
2014   35    1979     1.487
2014   36    1978     1.583
2014   37    1977     1.672
2014   38    1976     1.736
2014   39    1975     1.793
2014   40    1974     1.842
2014   41    1973     1.876
2014   42    1972     1.894
2014   43    1971     1.914
2014   44    1970     1.921
2014   45    1969     1.923
2014   46    1968     1.927
2014   47    1967     1.931
2014   48    1966     1.931
2014   49    1965     1.932
2014   50    1964     1.933
2014   51    1963     1.933
2014   52    1962     1.933
2014   53    1961     1.933
2014   54    1960     1.933
2014   55    1959     1.933
2015   12    2003     0.000
2015   13    2002     0.000
2015   14    2001     0.000
2015   15    2000     0.000
2015   16    1999     0.000
2015   17    1998     0.001
2015   18    1997     0.004
2015   19    1996     0.011
2015   20    1995     0.027
2015   21    1994     0.051
2015   22    1993     0.084
2015   23    1992     0.130
2015   24    1991     0.192
2015   25    1990     0.264
2015   26    1989     0.360
2015   27    1988     0.472
2015   28    1987     0.587
2015   29    1986     0.705
2015   30    1985     0.829
2015   31    1984     0.952
2015   32    1983     1.069
2015   33    1982     1.180
2015   34    1981     1.288
2015   35    1980     1.390
2015   36    1979     1.474
2015   37    1978     1.550
2015   38    1977     1.620
2015   39    1976     1.673
2015   40    1975     1.713
2015   41    1974     1.743
2015   42    1973     1.765
2015   43    1972     1.785
2015   44    1971     1.795
2015   45    1970     1.799
2015   46    1969     1.801
2015   47    1968     1.803
2015   48    1967     1.804
2015   49    1966     1.805
2015   50    1965     1.806
2015   51    1964     1.806
2015   52    1963     1.806
2015   53    1962     1.806
2015   54    1961     1.806
2015   55    1960     1.806
2016   12    2004     0.000
2016   13    2003     0.000
2016   14    2002     0.000
2016   15    2001     0.000
2016   16    2000     0.000
2016   17    1999     0.000
2016   18    1998     0.002
2016   19    1997     0.008
2016   20    1996     0.021
2016   21    1995     0.047
2016   22    1994     0.082
2016   23    1993     0.118
2016   24    1992     0.171
2016   25    1991     0.232
2016   26    1990     0.322
2016   27    1989     0.419
2016   28    1988     0.522
2016   29    1987     0.642
2016   30    1986     0.763
2016   31    1985     0.896
2016   32    1984     1.015
2016   33    1983     1.126
2016   34    1982     1.234
2016   35    1981     1.332
2016   36    1980     1.413
2016   37    1979     1.487
2016   38    1978     1.554
2016   39    1977     1.604
2016   40    1976     1.647
2016   41    1975     1.682
2016   42    1974     1.706
2016   43    1973     1.724
2016   44    1972     1.731
2016   45    1971     1.735
2016   46    1970     1.738
2016   47    1969     1.741
2016   48    1968     1.743
2016   49    1967     1.745
2016   50    1966     1.745
2016   51    1965     1.745
2016   52    1964     1.745
2016   53    1963     1.745
2016   54    1962     1.745
2016   55    1961     1.745
2017   12    2005     0.000
2017   13    2004     0.000
2017   14    2003     0.000
2017   15    2002     0.000
2017   16    2001     0.000
2017   17    2000     0.001
2017   18    1999     0.002
2017   19    1998     0.010
2017   20    1997     0.021
2017   21    1996     0.043
2017   22    1995     0.074
2017   23    1994     0.120
2017   24    1993     0.171
2017   25    1992     0.233
2017   26    1991     0.314
2017   27    1990     0.408
2017   28    1989     0.508
2017   29    1988     0.620
2017   30    1987     0.753
2017   31    1986     0.870
2017   32    1985     0.989
2017   33    1984     1.093
2017   34    1983     1.203
2017   35    1982     1.306
2017   36    1981     1.394
2017   37    1980     1.469
2017   38    1979     1.521
2017   39    1978     1.576
2017   40    1977     1.618
2017   41    1976     1.649
2017   42    1975     1.674
2017   43    1974     1.685
2017   44    1973     1.698
2017   45    1972     1.703
2017   46    1971     1.706
2017   47    1970     1.708
2017   48    1969     1.708
2017   49    1968     1.709
2017   50    1967     1.709
2017   51    1966     1.709
2017   52    1965     1.710
2017   53    1964     1.710
2017   54    1963     1.710
2017   55    1962     1.710
2018   12    2006     0.000
2018   13    2005     0.000
2018   14    2004     0.000
2018   15    2003     0.000
2018   16    2002     0.000
2018   17    2001     0.001
2018   18    2000     0.002
2018   19    1999     0.007
2018   20    1998     0.018
2018   21    1997     0.041
2018   22    1996     0.073
2018   23    1995     0.116
2018   24    1994     0.170
2018   25    1993     0.229
2018   26    1992     0.315
2018   27    1991     0.402
2018   28    1990     0.500
2018   29    1989     0.622
2018   30    1988     0.745
2018   31    1987     0.873
2018   32    1986     0.998
2018   33    1985     1.102
2018   34    1984     1.203
2018   35    1983     1.300
2018   36    1982     1.383
2018   37    1981     1.451
2018   38    1980     1.518
2018   39    1979     1.568
2018   40    1978     1.615
2018   41    1977     1.647
2018   42    1976     1.673
2018   43    1975     1.685
2018   44    1974     1.692
2018   45    1973     1.697
2018   46    1972     1.701
2018   47    1971     1.704
2018   48    1970     1.705
2018   49    1969     1.705
2018   50    1968     1.706
2018   51    1967     1.707
2018   52    1966     1.707
2018   53    1965     1.707
2018   54    1964     1.707
2018   55    1963     1.707
2019   12    2007     0.000
2019   13    2006     0.000
2019   14    2005     0.000
2019   15    2004     0.000
2019   16    2003     0.000
2019   17    2002     0.000
2019   18    2001     0.003
2019   19    2000     0.007
2019   20    1999     0.012
2019   21    1998     0.032
2019   22    1997     0.064
2019   23    1996     0.107
2019   24    1995     0.152
2019   25    1994     0.214
2019   26    1993     0.291
2019   27    1992     0.381
2019   28    1991     0.481
2019   29    1990     0.601
2019   30    1989     0.724
2019   31    1988     0.840
2019   32    1987     0.966
2019   33    1986     1.077
2019   34    1985     1.191
2019   35    1984     1.301
2019   36    1983     1.388
2019   37    1982     1.465
2019   38    1981     1.528
2019   39    1980     1.588
2019   40    1979     1.633
2019   41    1978     1.674
2019   42    1977     1.700
2019   43    1976     1.719
2019   44    1975     1.730
2019   45    1974     1.731
2019   46    1973     1.735
2019   47    1972     1.736
2019   48    1971     1.740
2019   49    1970     1.741
2019   50    1969     1.742
2019   51    1968     1.743
2019   52    1967     1.744
2019   53    1966     1.744
2019   54    1965     1.744
2019   55    1964     1.744
2020   12    2008     0.000
2020   13    2007     0.000
2020   14    2006     0.000
2020   15    2005     0.000
2020   16    2004     0.000
2020   17    2003     0.001
2020   18    2002     0.002
2020   19    2001     0.006
2020   20    2000     0.015
2020   21    1999     0.032
2020   22    1998     0.054
2020   23    1997     0.093
2020   24    1996     0.148
2020   25    1995     0.205
2020   26    1994     0.291
2020   27    1993     0.379
2020   28    1992     0.494
2020   29    1991     0.609
2020   30    1990     0.726
2020   31    1989     0.855
2020   32    1988     0.986
2020   33    1987     1.110
2020   34    1986     1.213
2020   35    1985     1.310
2020   36    1984     1.396
2020   37    1983     1.476
2020   38    1982     1.539
2020   39    1981     1.585
2020   40    1980     1.625
2020   41    1979     1.653
2020   42    1978     1.678
2020   43    1977     1.692
2020   44    1976     1.705
2020   45    1975     1.708
2020   46    1974     1.712
2020   47    1973     1.714
2020   48    1972     1.716
2020   49    1971     1.716
2020   50    1970     1.717
2020   51    1969     1.718
2020   52    1968     1.718
2020   53    1967     1.718
2020   54    1966     1.718
2020   55    1965     1.718
2021   12    2009     0.000
2021   13    2008     0.000
2021   14    2007     0.000
2021   15    2006     0.000
2021   16    2005     0.000
2021   17    2004     0.000
2021   18    2003     0.000
2021   19    2002     0.003
2021   20    2001     0.011
2021   21    2000     0.025
2021   22    1999     0.045
2021   23    1998     0.084
2021   24    1997     0.132
2021   25    1996     0.199
2021   26    1995     0.287
2021   27    1994     0.396
2021   28    1993     0.501
2021   29    1992     0.635
2021   30    1991     0.771
2021   31    1990     0.901
2021   32    1989     1.020
2021   33    1988     1.149
2021   34    1987     1.269
2021   35    1986     1.375
2021   36    1985     1.456
2021   37    1984     1.537
2021   38    1983     1.617
2021   39    1982     1.678
2021   40    1981     1.723
2021   41    1980     1.751
2021   42    1979     1.777
2021   43    1978     1.793
2021   44    1977     1.804
2021   45    1976     1.812
2021   46    1975     1.814
2021   47    1974     1.817
2021   48    1973     1.818
2021   49    1972     1.818
2021   50    1971     1.818
2021   51    1970     1.818
2021   52    1969     1.818
2021   53    1968     1.818
2021   54    1967     1.818
2021   55    1966     1.818
