Iceland, Female population exposure by calendar year and age (Lexis squares, age in completed years (ACY))
Last modified: 06/09/2023
Year    Age        Exposure
1960     12         1797.91
1960     13         1629.65
1960     14         1558.05
1960     15         1561.87
1960     16         1455.10
1960     17         1459.04
1960     18         1331.07
1960     19         1196.67
1960     20         1144.06
1960     21         1075.43
1960     22         1045.87
1960     23         1135.62
1960     24         1161.56
1960     25         1165.53
1960     26         1141.79
1960     27         1122.41
1960     28         1184.16
1960     29         1273.18
1960     30         1233.20
1960     31         1168.28
1960     32         1142.47
1960     33         1163.44
1960     34         1101.01
1960     35         1030.98
1960     36         1111.48
1960     37         1094.38
1960     38         1065.45
1960     39         1038.65
1960     40         1003.50
1960     41          948.21
1960     42          976.34
1960     43          950.03
1960     44          893.11
1960     45          892.58
1960     46          906.32
1960     47          889.43
1960     48          893.67
1960     49          837.32
1960     50          798.16
1960     51          814.08
1960     52          771.60
1960     53          781.19
1960     54          765.30
1960     55          752.71
1961     12         1789.76
1961     13         1804.34
1961     14         1621.77
1961     15         1551.65
1961     16         1566.43
1961     17         1451.61
1961     18         1463.02
1961     19         1329.05
1961     20         1201.98
1961     21         1153.92
1961     22         1082.27
1961     23         1052.67
1961     24         1142.19
1961     25         1162.07
1961     26         1175.63
1961     27         1139.22
1961     28         1117.97
1961     29         1191.23
1961     30         1260.54
1961     31         1233.67
1961     32         1159.78
1961     33         1128.16
1961     34         1150.11
1961     35         1099.30
1961     36         1019.95
1961     37         1096.21
1961     38         1088.01
1961     39         1054.88
1961     40         1038.62
1961     41          986.02
1961     42          942.39
1961     43          971.91
1961     44          942.30
1961     45          889.14
1961     46          891.05
1961     47          896.93
1961     48          886.91
1961     49          890.10
1961     50          835.64
1961     51          790.33
1961     52          812.49
1961     53          771.55
1961     54          775.67
1961     55          758.96
1962     12         1815.20
1962     13         1801.24
1962     14         1796.70
1962     15         1618.71
1962     16         1557.56
1962     17         1567.43
1962     18         1463.39
1962     19         1462.01
1962     20         1334.75
1962     21         1214.10
1962     22         1157.58
1962     23         1091.53
1962     24         1054.76
1962     25         1140.16
1962     26         1169.97
1962     27         1173.61
1962     28         1134.71
1962     29         1125.46
1962     30         1177.81
1962     31         1258.52
1962     32         1223.68
1962     33         1146.53
1962     34         1115.91
1962     35         1147.78
1962     36         1086.01
1962     37         1004.26
1962     38         1091.51
1962     39         1075.63
1962     40         1055.44
1962     41         1021.08
1962     42          981.28
1962     43          938.32
1962     44          963.15
1962     45          938.72
1962     46          886.81
1962     47          881.96
1962     48          895.90
1962     49          884.41
1962     50          892.63
1962     51          825.57
1962     52          788.89
1962     53          810.11
1962     54          766.57
1962     55          768.50
1963     12         1932.28
1963     13         1816.21
1963     14         1800.25
1963     15         1796.21
1963     16         1619.72
1963     17         1557.56
1963     18         1576.19
1963     19         1463.39
1963     20         1460.49
1963     21         1327.26
1963     22         1208.09
1963     23         1156.04
1963     24         1076.43
1963     25         1045.39
1963     26         1132.61
1963     27         1164.01
1963     28         1164.01
1963     29         1128.72
1963     30         1120.51
1963     31         1172.84
1963     32         1249.92
1963     33         1220.20
1963     34         1147.03
1963     35         1112.31
1963     36         1141.20
1963     37         1085.40
1963     38         1003.32
1963     39         1085.87
1963     40         1074.15
1963     41         1053.97
1963     42         1020.11
1963     43          978.24
1963     44          934.91
1963     45          960.15
1963     46          935.09
1963     47          883.89
1963     48          881.01
1963     49          893.38
1963     50          881.55
1963     51          879.75
1963     52          822.09
1963     53          785.32
1963     54          805.56
1963     55          763.57
1964     12         1894.68
1964     13         1931.26
1964     14         1814.71
1964     15         1797.28
1964     16         1796.71
1964     17         1618.20
1964     18         1563.96
1964     19         1578.73
1964     20         1461.96
1964     21         1450.45
1964     22         1324.75
1964     23         1206.64
1964     24         1152.93
1964     25         1068.92
1964     26         1040.48
1964     27         1127.08
1964     28         1158.07
1964     29         1158.45
1964     30         1123.74
1964     31         1115.13
1964     32         1165.89
1964     33         1246.38
1964     34         1220.70
1964     35         1142.57
1964     36         1106.78
1964     37         1142.25
1964     38         1080.99
1964     39          999.88
1964     40         1084.32
1964     41         1072.62
1964     42         1051.51
1964     43         1017.13
1964     44          976.60
1964     45          931.93
1964     46          957.19
1964     47          932.95
1964     48          881.44
1964     49          879.05
1964     50          884.86
1964     51          871.78
1964     52          877.67
1964     53          821.09
1964     54          781.31
1964     55          804.01
1965     12         1942.69
1965     13         1894.20
1965     14         1930.76
1965     15         1808.21
1965     16         1811.06
1965     17         1788.20
1965     18         1625.22
1965     19         1564.45
1965     20         1566.51
1965     21         1454.58
1965     22         1441.46
1965     23         1325.68
1965     24         1212.10
1965     25         1131.49
1965     26         1074.21
1965     27         1044.38
1965     28         1129.60
1965     29         1149.12
1965     30         1151.88
1965     31         1122.10
1965     32         1114.12
1965     33         1158.37
1965     34         1249.41
1965     35         1213.21
1965     36         1142.01
1965     37         1101.89
1965     38         1141.54
1965     39         1080.51
1965     40          995.57
1965     41         1086.85
1965     42         1070.57
1965     43         1049.53
1965     44         1016.67
1965     45          968.54
1965     46          928.90
1965     47          956.71
1965     48          926.55
1965     49          882.25
1965     50          870.21
1965     51          884.35
1965     52          869.83
1965     53          882.48
1965     54          816.17
1965     55          776.94
1966     12         2013.48
1966     13         1942.20
1966     14         1894.69
1966     15         1925.72
1966     16         1820.44
1966     17         1803.56
1966     18         1788.24
1966     19         1625.15
1966     20         1552.14
1966     21         1557.30
1966     22         1444.16
1966     23         1448.47
1966     24         1324.27
1966     25         1192.05
1966     26         1140.62
1966     27         1078.35
1966     28         1045.38
1966     29         1120.55
1966     30         1141.68
1966     31         1154.41
1966     32         1124.60
1966     33         1106.70
1966     34         1158.82
1966     35         1242.83
1966     36         1214.72
1966     37         1136.90
1966     38         1102.49
1966     39         1139.05
1966     40         1074.44
1966     41          996.60
1966     42         1085.31
1966     43         1067.13
1966     44         1046.55
1966     45         1010.15
1966     46          966.99
1966     47          926.96
1966     48          950.55
1966     49          928.21
1966     50          875.17
1966     51          868.80
1966     52          878.86
1966     53          873.56
1966     54          875.94
1966     55          809.62
1967     12         2105.61
1967     13         2011.97
1967     14         1943.20
1967     15         1895.19
1967     16         1923.70
1967     17         1818.98
1967     18         1799.58
1967     19         1787.78
1967     20         1617.22
1967     21         1544.26
1967     22         1554.70
1967     23         1441.42
1967     24         1437.46
1967     25         1313.78
1967     26         1191.56
1967     27         1136.62
1967     28         1070.43
1967     29         1041.45
1967     30         1117.54
1967     31         1142.67
1967     32         1157.94
1967     33         1118.11
1967     34         1101.78
1967     35         1155.37
1967     36         1238.79
1967     37         1213.24
1967     38         1130.38
1967     39         1098.98
1967     40         1135.97
1967     41         1068.09
1967     42          993.23
1967     43         1081.19
1967     44         1064.60
1967     45         1045.60
1967     46         1007.22
1967     47          964.91
1967     48          924.97
1967     49          948.59
1967     50          924.10
1967     51          870.33
1967     52          862.87
1967     53          875.34
1967     54          869.49
1967     55          871.40
1968     12         2134.33
1968     13         2104.60
1968     14         2011.98
1968     15         1943.71
1968     16         1889.24
1968     17         1921.18
1968     18         1814.48
1968     19         1791.19
1968     20         1766.65
1968     21         1607.33
1968     22         1537.85
1968     23         1544.41
1968     24         1425.72
1968     25         1428.39
1968     26         1308.31
1968     27         1185.14
1968     28         1133.98
1968     29         1067.86
1968     30         1041.97
1968     31         1118.04
1968     32         1136.20
1968     33         1154.40
1968     34         1113.56
1968     35         1105.68
1968     36         1150.90
1968     37         1236.26
1968     38         1206.75
1968     39         1126.86
1968     40         1096.49
1968     41         1128.30
1968     42         1065.00
1968     43          990.80
1968     44         1078.62
1968     45         1060.20
1968     46         1042.08
1968     47         1007.20
1968     48          962.86
1968     49          919.62
1968     50          944.64
1968     51          917.48
1968     52          868.16
1968     53          858.51
1968     54          872.84
1968     55          864.99
1969     12         2176.06
1969     13         2129.35
1969     14         2101.56
1969     15         2008.01
1969     16         1933.69
1969     17         1890.23
1969     18         1905.46
1969     19         1800.94
1969     20         1765.38
1969     21         1752.99
1969     22         1587.48
1969     23         1512.71
1969     24         1507.68
1969     25         1418.93
1969     26         1397.92
1969     27         1296.29
1969     28         1176.98
1969     29         1117.10
1969     30         1063.37
1969     31         1039.02
1969     32         1101.92
1969     33         1144.65
1969     34         1136.73
1969     35         1113.20
1969     36         1097.89
1969     37         1140.86
1969     38         1233.22
1969     39         1201.29
1969     40         1123.83
1969     41         1088.54
1969     42         1126.31
1969     43         1056.85
1969     44          989.33
1969     45         1071.42
1969     46         1057.23
1969     47         1039.73
1969     48         1002.31
1969     49          958.15
1969     50          916.54
1969     51          936.72
1969     52          913.69
1969     53          858.47
1969     54          858.87
1969     55          867.82
1970     12         2196.61
1970     13         2167.04
1970     14         2121.40
1970     15         2093.48
1970     16         1995.55
1970     17         1915.80
1970     18         1859.06
1970     19         1885.71
1970     20         1764.98
1970     21         1738.73
1970     22         1711.70
1970     23         1542.60
1970     24         1472.80
1970     25         1492.34
1970     26         1378.41
1970     27         1377.38
1970     28         1272.57
1970     29         1152.53
1970     30         1106.11
1970     31         1052.94
1970     32         1027.67
1970     33         1101.90
1970     34         1121.34
1970     35         1129.15
1970     36         1100.56
1970     37         1084.57
1970     38         1135.85
1970     39         1223.60
1970     40         1195.84
1970     41         1113.74
1970     42         1085.06
1970     43         1114.01
1970     44         1056.85
1970     45          981.11
1970     46         1066.79
1970     47         1050.25
1970     48         1028.94
1970     49          998.90
1970     50          956.13
1970     51          909.92
1970     52          930.12
1970     53          905.73
1970     54          859.65
1970     55          853.01
1971     12         2202.51
1971     13         2190.11
1971     14         2159.52
1971     15         2117.95
1971     16         2081.36
1971     17         1977.44
1971     18         1897.66
1971     19         1846.25
1971     20         1858.48
1971     21         1748.10
1971     22         1703.89
1971     23         1687.26
1971     24         1521.07
1971     25         1458.02
1971     26         1471.72
1971     27         1368.29
1971     28         1367.29
1971     29         1265.89
1971     30         1142.04
1971     31         1093.51
1971     32         1045.92
1971     33         1018.29
1971     34         1095.37
1971     35         1111.41
1971     36         1122.58
1971     37         1096.92
1971     38         1078.64
1971     39         1127.90
1971     40         1217.53
1971     41         1188.84
1971     42         1109.21
1971     43         1078.50
1971     44         1112.54
1971     45         1049.26
1971     46          978.17
1971     47         1061.61
1971     48         1042.45
1971     49         1023.47
1971     50          996.42
1971     51          949.56
1971     52          906.89
1971     53          924.33
1971     54          902.27
1971     55          854.10
1972     12         2226.47
1972     13         2203.02
1972     14         2190.12
1972     15         2163.53
1972     16         2116.50
1972     17         2085.91
1972     18         1974.98
1972     19         1900.14
1972     20         1839.31
1972     21         1865.05
1972     22         1735.53
1972     23         1700.42
1972     24         1672.10
1972     25         1512.04
1972     26         1461.47
1972     27         1481.92
1972     28         1372.65
1972     29         1364.80
1972     30         1257.88
1972     31         1143.37
1972     32         1089.96
1972     33         1042.88
1972     34         1019.78
1972     35         1090.85
1972     36         1112.91
1972     37         1126.12
1972     38         1093.88
1972     39         1077.63
1972     40         1127.43
1972     41         1216.51
1972     42         1186.82
1972     43         1106.17
1972     44         1077.95
1972     45         1108.93
1972     46         1047.79
1972     47          979.10
1972     48         1061.60
1972     49         1038.88
1972     50         1021.01
1972     51          984.12
1972     52          947.02
1972     53          899.27
1972     54          919.81
1972     55          896.29
1973     12         2218.36
1973     13         2227.48
1973     14         2204.01
1973     15         2189.09
1973     16         2167.04
1973     17         2113.47
1973     18         2077.32
1973     19         1972.05
1973     20         1886.14
1973     21         1833.84
1973     22         1847.82
1973     23         1725.57
1973     24         1691.47
1973     25         1659.02
1973     26         1521.63
1973     27         1464.92
1973     28         1484.54
1973     29         1362.89
1973     30         1353.77
1973     31         1268.98
1973     32         1135.56
1973     33         1088.95
1973     34         1038.45
1973     35         1024.21
1973     36         1090.33
1973     37         1114.89
1973     38         1124.60
1973     39         1095.40
1973     40         1079.12
1973     41         1129.93
1973     42         1217.02
1973     43         1185.32
1973     44         1106.20
1973     45         1074.00
1973     46         1107.39
1973     47         1048.93
1973     48          976.25
1973     49         1059.03
1973     50         1036.83
1973     51         1013.30
1973     52          977.27
1973     53          942.42
1973     54          895.29
1973     55          913.26
1974     12         2192.64
1974     13         2217.35
1974     14         2227.47
1974     15         2200.03
1974     16         2192.60
1974     17         2159.02
1974     18         2104.05
1974     19         2064.69
1974     20         1957.06
1974     21         1876.10
1974     22         1813.58
1974     23         1832.14
1974     24         1728.99
1974     25         1679.52
1974     26         1674.57
1974     27         1521.00
1974     28         1463.93
1974     29         1475.77
1974     30         1357.37
1974     31         1368.29
1974     32         1259.30
1974     33         1131.15
1974     34         1086.87
1974     35         1042.48
1974     36         1018.29
1974     37         1088.82
1974     38         1116.88
1974     39         1125.11
1974     40         1094.41
1974     41         1075.75
1974     42         1130.93
1974     43         1216.51
1974     44         1182.84
1974     45         1100.15
1974     46         1073.97
1974     47         1106.83
1974     48         1043.38
1974     49          971.90
1974     50         1052.92
1974     51         1036.35
1974     52         1006.69
1974     53          972.82
1974     54          937.32
1974     55          890.32
1975     12         2264.31
1975     13         2192.14
1975     14         2214.85
1975     15         2229.45
1975     16         2203.02
1975     17         2192.11
1975     18         2159.51
1975     19         2098.12
1975     20         2051.55
1975     21         1954.54
1975     22         1863.56
1975     23         1804.70
1975     24         1833.62
1975     25         1720.01
1975     26         1692.51
1975     27         1673.13
1975     28         1522.98
1975     29         1459.99
1975     30         1470.69
1975     31         1362.08
1975     32         1363.78
1975     33         1252.73
1975     34         1132.69
1975     35         1088.89
1975     36         1038.94
1975     37         1018.28
1975     38         1089.32
1975     39         1114.39
1975     40         1120.06
1975     41         1090.76
1975     42         1075.77
1975     43         1126.40
1975     44         1212.97
1975     45         1179.33
1975     46         1100.16
1975     47         1074.48
1975     48         1102.77
1975     49         1038.36
1975     50          966.98
1975     51         1049.35
1975     52         1033.86
1975     53         1004.16
1975     54          970.29
1975     55          930.20
1976     12         2296.78
1976     13         2258.26
1976     14         2187.14
1976     15         2218.38
1976     16         2224.52
1976     17         2198.01
1976     18         2185.03
1976     19         2145.99
1976     20         2082.23
1976     21         2034.34
1976     22         1934.66
1976     23         1844.64
1976     24         1790.84
1976     25         1816.41
1976     26         1702.14
1976     27         1687.03
1976     28         1668.65
1976     29         1516.52
1976     30         1446.69
1976     31         1459.42
1976     32         1358.59
1976     33         1357.27
1976     34         1248.73
1976     35         1132.22
1976     36         1087.38
1976     37         1039.47
1976     38         1014.34
1976     39         1084.79
1976     40         1108.45
1976     41         1117.03
1976     42         1086.77
1976     43         1069.35
1976     44         1124.93
1976     45         1208.42
1976     46         1175.38
1976     47         1099.67
1976     48         1069.51
1976     49         1098.70
1976     50         1035.09
1976     51          962.12
1976     52         1046.26
1976     53         1033.34
1976     54         1001.81
1976     55          963.83
1977     12         2238.28
1977     13         2287.28
1977     14         2255.76
1977     15         2184.12
1977     16         2207.29
1977     17         2208.64
1977     18         2168.09
1977     19         2154.45
1977     20         2118.94
1977     21         2046.50
1977     22         2013.65
1977     23         1909.14
1977     24         1828.11
1977     25         1764.11
1977     26         1792.67
1977     27         1693.69
1977     28         1667.75
1977     29         1655.06
1977     30         1498.10
1977     31         1436.83
1977     32         1458.91
1977     33         1353.61
1977     34         1352.25
1977     35         1243.25
1977     36         1130.25
1977     37         1083.39
1977     38         1033.49
1977     39         1013.83
1977     40         1078.74
1977     41         1100.01
1977     42         1112.48
1977     43         1082.24
1977     44         1068.39
1977     45         1117.45
1977     46         1204.36
1977     47         1174.88
1977     48         1095.60
1977     49         1068.93
1977     50         1091.07
1977     51         1034.42
1977     52          958.73
1977     53         1040.67
1977     54         1028.28
1977     55          998.80
1978     12         2182.86
1978     13         2233.83
1978     14         2286.79
1978     15         2249.25
1978     16         2177.64
1978     17         2194.16
1978     18         2182.73
1978     19         2151.19
1978     20         2130.43
1978     21         2081.36
1978     22         2027.59
1978     23         1996.97
1978     24         1892.68
1978     25         1799.05
1978     26         1754.24
1978     27         1785.62
1978     28         1669.06
1978     29         1649.42
1978     30         1634.35
1978     31         1493.55
1978     32         1431.41
1978     33         1454.83
1978     34         1343.41
1978     35         1348.71
1978     36         1240.22
1978     37         1125.27
1978     38         1077.34
1978     39         1033.05
1978     40         1007.91
1978     41         1074.21
1978     42         1097.53
1978     43         1103.89
1978     44         1077.73
1978     45         1063.45
1978     46         1112.43
1978     47         1204.36
1978     48         1170.91
1978     49         1096.14
1978     50         1061.94
1978     51         1088.24
1978     52         1030.44
1978     53          949.98
1978     54         1038.08
1978     55         1023.88
1979     12         2160.50
1979     13         2181.38
1979     14         2233.33
1979     15         2287.84
1979     16         2245.73
1979     17         2174.14
1979     18         2175.03
1979     19         2174.83
1979     20         2124.74
1979     21         2103.41
1979     22         2055.30
1979     23         2020.70
1979     24         1982.33
1979     25         1866.24
1979     26         1778.12
1979     27         1742.32
1979     28         1760.82
1979     29         1663.39
1979     30         1634.51
1979     31         1636.35
1979     32         1486.01
1979     33         1425.50
1979     34         1444.50
1979     35         1344.41
1979     36         1343.71
1979     37         1236.21
1979     38         1120.32
1979     39         1074.82
1979     40         1028.05
1979     41         1002.52
1979     42         1073.71
1979     43         1089.11
1979     44         1100.86
1979     45         1076.69
1979     46         1058.49
1979     47         1112.43
1979     48         1197.28
1979     49         1168.92
1979     50         1092.07
1979     51         1054.90
1979     52         1084.18
1979     53         1019.67
1979     54          945.66
1979     55         1030.87
1980     12         2013.29
1980     13         2159.48
1980     14         2176.96
1980     15         2235.29
1980     16         2277.78
1980     17         2238.67
1980     18         2152.64
1980     19         2157.41
1980     20         2142.97
1980     21         2102.30
1980     22         2082.36
1980     23         2047.80
1980     24         2008.78
1980     25         1962.14
1980     26         1841.70
1980     27         1766.52
1980     28         1728.03
1980     29         1762.83
1980     30         1658.32
1980     31         1633.56
1980     32         1634.31
1980     33         1478.06
1980     34         1422.05
1980     35         1440.44
1980     36         1338.97
1980     37         1336.20
1980     38         1231.65
1980     39         1116.89
1980     40         1068.29
1980     41         1021.96
1980     42         1000.57
1980     43         1070.69
1980     44         1088.61
1980     45         1098.84
1980     46         1074.69
1980     47         1058.00
1980     48         1104.95
1980     49         1196.26
1980     50         1163.00
1980     51         1087.02
1980     52         1048.45
1980     53         1074.82
1980     54         1015.50
1980     55          939.83
1981     12         1953.71
1981     13         2014.81
1981     14         2157.89
1981     15         2174.00
1981     16         2225.38
1981     17         2273.88
1981     18         2233.25
1981     19         2144.67
1981     20         2151.28
1981     21         2128.97
1981     22         2084.86
1981     23         2068.85
1981     24         2036.77
1981     25         2005.84
1981     26         1937.36
1981     27         1841.72
1981     28         1768.00
1981     29         1732.02
1981     30         1767.40
1981     31         1658.73
1981     32         1635.53
1981     33         1623.20
1981     34         1478.00
1981     35         1419.59
1981     36         1438.88
1981     37         1335.89
1981     38         1334.69
1981     39         1229.08
1981     40         1112.39
1981     41         1067.77
1981     42         1018.91
1981     43          999.09
1981     44         1069.69
1981     45         1086.13
1981     46         1099.85
1981     47         1073.68
1981     48         1054.04
1981     49         1103.44
1981     50         1190.18
1981     51         1160.49
1981     52         1082.42
1981     53         1044.97
1981     54         1074.82
1981     55         1010.99
1982     12         1951.15
1982     13         1962.21
1982     14         2020.37
1982     15         2156.35
1982     16         2174.44
1982     17         2233.85
1982     18         2280.85
1982     19         2239.29
1982     20         2160.69
1982     21         2147.77
1982     22         2122.45
1982     23         2093.88
1982     24         2061.83
1982     25         2035.27
1982     26         1983.58
1982     27         1939.90
1982     28         1850.19
1982     29         1778.51
1982     30         1747.86
1982     31         1777.02
1982     32         1660.27
1982     33         1635.44
1982     34         1630.25
1982     35         1480.99
1982     36         1422.05
1982     37         1441.46
1982     38         1339.26
1982     39         1336.19
1982     40         1224.58
1982     41         1113.87
1982     42         1066.77
1982     43         1017.40
1982     44          998.11
1982     45         1070.19
1982     46         1086.62
1982     47         1098.33
1982     48         1071.19
1982     49         1051.57
1982     50         1102.94
1982     51         1191.70
1982     52         1158.52
1982     53         1079.38
1982     54         1040.57
1982     55         1071.25
1983     12         1907.64
1983     13         1961.17
1983     14         1966.17
1983     15         2026.46
1983     16         2160.40
1983     17         2182.89
1983     18         2234.83
1983     19         2291.37
1983     20         2246.23
1983     21         2155.19
1983     22         2140.76
1983     23         2133.98
1983     24         2088.90
1983     25         2058.34
1983     26         2027.25
1983     27         1981.04
1983     28         1955.06
1983     29         1853.73
1983     30         1786.11
1983     31         1749.80
1983     32         1783.62
1983     33         1668.35
1983     34         1645.35
1983     35         1633.28
1983     36         1486.94
1983     37         1425.99
1983     38         1446.60
1983     39         1341.23
1983     40         1332.66
1983     41         1224.61
1983     42         1111.91
1983     43         1064.77
1983     44         1015.91
1983     45          998.11
1983     46         1068.18
1983     47         1081.65
1983     48         1096.31
1983     49         1070.66
1983     50         1051.09
1983     51         1102.92
1983     52         1186.63
1983     53         1155.05
1983     54         1074.29
1983     55         1039.04
1984     12         2103.79
1984     13         1912.59
1984     14         1964.71
1984     15         1970.58
1984     16         2024.93
1984     17         2165.93
1984     18         2180.42
1984     19         2244.26
1984     20         2275.25
1984     21         2234.64
1984     22         2134.67
1984     23         2132.72
1984     24         2125.07
1984     25         2090.90
1984     26         2050.82
1984     27         2022.24
1984     28         1990.93
1984     29         1943.42
1984     30         1846.74
1984     31         1781.59
1984     32         1754.21
1984     33         1782.59
1984     34         1675.41
1984     35         1647.83
1984     36         1637.36
1984     37         1484.12
1984     38         1424.51
1984     39         1443.07
1984     40         1337.86
1984     41         1332.15
1984     42         1221.59
1984     43         1109.42
1984     44         1063.26
1984     45         1012.93
1984     46          998.60
1984     47         1062.64
1984     48         1081.65
1984     49         1093.79
1984     50         1070.14
1984     51         1047.65
1984     52         1098.44
1984     53         1180.56
1984     54         1152.57
1984     55         1070.80
1985     12         2181.30
1985     13         2106.30
1985     14         1913.04
1985     15         1964.73
1985     16         1967.11
1985     17         2029.98
1985     18         2165.40
1985     19         2186.37
1985     20         2222.91
1985     21         2256.74
1985     22         2204.51
1985     23         2112.64
1985     24         2110.08
1985     25         2116.70
1985     26         2073.93
1985     27         2046.28
1985     28         2021.74
1985     29         1982.55
1985     30         1931.28
1985     31         1841.27
1985     32         1772.61
1985     33         1752.25
1985     34         1782.07
1985     35         1675.44
1985     36         1644.88
1985     37         1634.24
1985     38         1476.66
1985     39         1420.08
1985     40         1435.89
1985     41         1338.84
1985     42         1330.64
1985     43         1220.57
1985     44         1107.94
1985     45         1061.72
1985     46         1012.46
1985     47          995.16
1985     48         1064.16
1985     49         1074.20
1985     50         1094.29
1985     51         1065.62
1985     52         1045.67
1985     53         1095.48
1985     54         1179.04
1985     55         1147.08
1986     12         2028.01
1986     13         2185.91
1986     14         2105.31
1986     15         1913.02
1986     16         1961.19
1986     17         1972.59
1986     18         2032.00
1986     19         2173.91
1986     20         2168.56
1986     21         2198.52
1986     22         2227.27
1986     23         2185.02
1986     24         2088.15
1986     25         2085.92
1986     26         2107.65
1986     27         2065.97
1986     28         2045.28
1986     29         2012.73
1986     30         1968.67
1986     31         1919.66
1986     32         1836.72
1986     33         1776.10
1986     34         1751.28
1986     35         1781.57
1986     36         1671.40
1986     37         1649.85
1986     38         1627.65
1986     39         1475.68
1986     40         1416.14
1986     41         1440.98
1986     42         1337.39
1986     43         1331.13
1986     44         1221.53
1986     45         1107.97
1986     46         1057.72
1986     47         1008.94
1986     48          994.69
1986     49         1057.11
1986     50         1074.70
1986     51         1088.23
1986     52         1062.14
1986     53         1044.22
1986     54         1090.44
1986     55         1173.98
1987     12         2000.79
1987     13         2041.08
1987     14         2188.44
1987     15         2103.80
1987     16         1919.08
1987     17         1967.73
1987     18         1979.10
1987     19         2056.83
1987     20         2180.14
1987     21         2164.33
1987     22         2191.16
1987     23         2233.93
1987     24         2171.01
1987     25         2073.18
1987     26         2108.02
1987     27         2103.67
1987     28         2073.46
1987     29         2045.36
1987     30         2013.22
1987     31         1967.25
1987     32         1930.79
1987     33         1840.22
1987     34         1791.04
1987     35         1759.71
1987     36         1790.72
1987     37         1673.91
1987     38         1647.36
1987     39         1631.13
1987     40         1476.15
1987     41         1422.05
1987     42         1439.93
1987     43         1338.86
1987     44         1333.65
1987     45         1221.00
1987     46         1105.44
1987     47         1056.20
1987     48         1006.90
1987     49          989.27
1987     50         1054.59
1987     51         1068.75
1987     52         1080.15
1987     53         1060.08
1987     54         1036.33
1987     55         1087.48
1988     12         2053.97
1988     13         2011.63
1988     14         2045.09
1988     15         2193.08
1988     16         2122.37
1988     17         1936.54
1988     18         1986.43
1988     19         2025.42
1988     20         2093.25
1988     21         2193.86
1988     22         2182.07
1988     23         2223.04
1988     24         2244.14
1988     25         2194.25
1988     26         2112.20
1988     27         2121.03
1988     28         2118.58
1988     29         2095.40
1988     30         2064.43
1988     31         2026.25
1988     32         1984.61
1988     33         1937.87
1988     34         1862.72
1988     35         1802.58
1988     36         1773.53
1988     37         1797.82
1988     38         1676.38
1988     39         1653.82
1988     40         1627.65
1988     41         1486.01
1988     42         1425.50
1988     43         1441.48
1988     44         1343.22
1988     45         1335.15
1988     46         1223.49
1988     47         1105.93
1988     48         1057.69
1988     49         1003.83
1988     50          989.24
1988     51         1051.06
1988     52         1063.80
1988     53         1075.60
1988     54         1055.54
1988     55         1035.84
1989     12         1966.16
1989     13         2051.37
1989     14         2012.57
1989     15         2047.40
1989     16         2205.57
1989     17         2140.38
1989     18         1939.81
1989     19         2018.38
1989     20         2036.56
1989     21         2073.92
1989     22         2192.20
1989     23         2184.95
1989     24         2218.37
1989     25         2247.16
1989     26         2195.50
1989     27         2120.13
1989     28         2126.12
1989     29         2125.14
1989     30         2097.32
1989     31         2060.35
1989     32         2032.77
1989     33         1985.55
1989     34         1941.88
1989     35         1866.24
1989     36         1799.64
1989     37         1777.95
1989     38         1791.70
1989     39         1678.91
1989     40         1646.87
1989     41         1635.31
1989     42         1487.58
1989     43         1423.53
1989     44         1444.60
1989     45         1342.77
1989     46         1334.18
1989     47         1218.55
1989     48         1107.44
1989     49         1052.72
1989     50         1005.40
1989     51          989.72
1989     52         1049.55
1989     53         1058.35
1989     54         1075.60
1989     55         1054.03
1990     12         1935.25
1990     13         1962.26
1990     14         2049.88
1990     15         2013.13
1990     16         2048.31
1990     17         2210.07
1990     18         2121.82
1990     19         1948.24
1990     20         1995.16
1990     21         2000.33
1990     22         2043.60
1990     23         2159.39
1990     24         2155.16
1990     25         2189.61
1990     26         2221.77
1990     27         2179.93
1990     28         2111.12
1990     29         2105.02
1990     30         2099.32
1990     31         2076.89
1990     32         2054.33
1990     33         2025.25
1990     34         1973.63
1990     35         1944.42
1990     36         1861.68
1990     37         1799.13
1990     38         1765.11
1990     39         1789.67
1990     40         1674.38
1990     41         1643.90
1990     42         1631.78
1990     43         1481.61
1990     44         1420.57
1990     45         1436.96
1990     46         1335.43
1990     47         1326.14
1990     48         1214.09
1990     49         1098.99
1990     50         1047.73
1990     51         1004.96
1990     52          985.79
1990     53         1045.52
1990     54         1060.82
1990     55         1073.58
1991     12         2117.64
1991     13         1933.76
1991     14         1963.79
1991     15         2056.43
1991     16         2021.22
1991     17         2062.03
1991     18         2209.87
1991     19         2151.51
1991     20         1948.01
1991     21         1986.34
1991     22         1995.61
1991     23         2044.75
1991     24         2161.11
1991     25         2165.78
1991     26         2194.19
1991     27         2224.49
1991     28         2178.50
1991     29         2091.15
1991     30         2099.86
1991     31         2089.83
1991     32         2085.41
1991     33         2062.40
1991     34         2023.24
1991     35         1989.06
1991     36         1952.00
1991     37         1870.62
1991     38         1802.06
1991     39         1763.15
1991     40         1788.16
1991     41         1677.81
1991     42         1646.82
1991     43         1628.21
1991     44         1481.55
1991     45         1416.63
1991     46         1434.33
1991     47         1333.88
1991     48         1319.60
1991     49         1208.03
1991     50         1092.52
1991     51         1045.20
1991     52         1003.40
1991     53          982.82
1991     54         1045.52
1991     55         1055.86
1992     12         2225.88
1992     13         2112.07
1992     14         1938.21
1992     15         1971.79
1992     16         2068.94
1992     17         2034.47
1992     18         2069.79
1992     19         2251.12
1992     20         2154.91
1992     21         1943.88
1992     22         1988.68
1992     23         2007.37
1992     24         2041.56
1992     25         2172.54
1992     26         2162.57
1992     27         2195.06
1992     28         2224.39
1992     29         2168.96
1992     30         2103.13
1992     31         2088.32
1992     32         2105.29
1992     33         2098.85
1992     34         2065.88
1992     35         2034.77
1992     36         1994.50
1992     37         1957.03
1992     38         1875.67
1992     39         1801.07
1992     40         1763.15
1992     41         1792.69
1992     42         1676.44
1992     43         1643.38
1992     44         1628.75
1992     45         1482.59
1992     46         1416.63
1992     47         1434.35
1992     48         1328.50
1992     49         1312.59
1992     50         1201.01
1992     51         1091.53
1992     52         1045.22
1992     53         1001.92
1992     54          980.36
1992     55         1039.48
1993     12         2120.49
1993     13         2222.43
1993     14         2115.09
1993     15         1941.64
1993     16         1972.19
1993     17         2076.57
1993     18         2042.03
1993     19         2095.55
1993     20         2228.89
1993     21         2132.33
1993     22         1926.49
1993     23         1977.54
1993     24         1988.12
1993     25         2030.48
1993     26         2154.77
1993     27         2147.17
1993     28         2181.61
1993     29         2216.42
1993     30         2169.43
1993     31         2085.64
1993     32         2094.87
1993     33         2103.36
1993     34         2095.86
1993     35         2065.39
1993     36         2033.77
1993     37         1990.54
1993     38         1956.03
1993     39         1874.17
1993     40         1800.07
1993     41         1764.64
1993     42         1783.60
1993     43         1672.39
1993     44         1641.39
1993     45         1626.73
1993     46         1480.08
1993     47         1411.21
1993     48         1431.74
1993     49         1324.95
1993     50         1305.06
1993     51         1198.02
1993     52         1086.13
1993     53         1043.70
1993     54          997.41
1993     55          974.96
1994     12         2105.43
1994     13         2117.97
1994     14         2215.70
1994     15         2111.54
1994     16         1938.69
1994     17         1991.27
1994     18         2079.93
1994     19         2056.36
1994     20         2075.18
1994     21         2199.51
1994     22         2117.81
1994     23         1909.14
1994     24         1968.46
1994     25         1968.59
1994     26         2014.76
1994     27         2136.23
1994     28         2142.09
1994     29         2169.14
1994     30         2199.25
1994     31         2164.47
1994     32         2086.12
1994     33         2085.80
1994     34         2101.36
1994     35         2093.35
1994     36         2061.38
1994     37         2022.75
1994     38         1989.53
1994     39         1950.96
1994     40         1868.21
1994     41         1802.09
1994     42         1758.71
1994     43         1781.06
1994     44         1672.38
1994     45         1636.46
1994     46         1624.21
1994     47         1474.53
1994     48         1411.70
1994     49         1428.21
1994     50         1320.02
1994     51         1299.05
1994     52         1189.45
1994     53         1084.67
1994     54         1038.18
1994     55          990.39
1995     12         2099.62
1995     13         2097.33
1995     14         2109.19
1995     15         2209.62
1995     16         2115.10
1995     17         1950.98
1995     18         1983.30
1995     19         2098.18
1995     20         2028.93
1995     21         2045.39
1995     22         2175.51
1995     23         2096.22
1995     24         1896.22
1995     25         1939.83
1995     26         1938.21
1995     27         1991.01
1995     28         2130.86
1995     29         2119.35
1995     30         2143.33
1995     31         2192.64
1995     32         2149.86
1995     33         2073.61
1995     34         2075.76
1995     35         2090.45
1995     36         2084.87
1995     37         2050.38
1995     38         2016.74
1995     39         1976.62
1995     40         1946.93
1995     41         1867.21
1995     42         1796.08
1995     43         1756.24
1995     44         1775.98
1995     45         1666.33
1995     46         1629.54
1995     47         1619.69
1995     48         1468.63
1995     49         1403.33
1995     50         1422.08
1995     51         1313.61
1995     52         1293.52
1995     53         1184.94
1995     54         1078.72
1995     55         1032.14
1996     12         2042.32
1996     13         2097.80
1996     14         2094.85
1996     15         2106.82
1996     16         2219.25
1996     17         2116.63
1996     18         1949.52
1996     19         2007.20
1996     20         2071.11
1996     21         2018.70
1996     22         2013.16
1996     23         2172.88
1996     24         2087.73
1996     25         1876.91
1996     26         1914.79
1996     27         1916.84
1996     28         1966.22
1996     29         2109.16
1996     30         2100.51
1996     31         2134.42
1996     32         2173.67
1996     33         2133.31
1996     34         2061.62
1996     35         2071.68
1996     36         2091.36
1996     37         2085.88
1996     38         2040.35
1996     39         2010.22
1996     40         1974.61
1996     41         1941.37
1996     42         1857.26
1996     43         1791.60
1996     44         1751.82
1996     45         1769.40
1996     46         1657.77
1996     47         1624.08
1996     48         1611.08
1996     49         1462.61
1996     50         1399.39
1996     51         1411.36
1996     52         1314.04
1996     53         1286.51
1996     54         1181.37
1996     55         1073.28
1997     12         1945.56
1997     13         2044.72
1997     14         2096.27
1997     15         2100.94
1997     16         2118.66
1997     17         2227.45
1997     18         2122.20
1997     19         1976.20
1997     20         1997.35
1997     21         2077.68
1997     22         1998.42
1997     23         2023.90
1997     24         2176.00
1997     25         2070.16
1997     26         1861.02
1997     27         1906.38
1997     28         1901.08
1997     29         1961.23
1997     30         2091.54
1997     31         2099.02
1997     32         2118.51
1997     33         2169.79
1997     34         2129.81
1997     35         2062.61
1997     36         2085.79
1997     37         2093.36
1997     38         2083.91
1997     39         2040.85
1997     40         2008.72
1997     41         1969.67
1997     42         1935.32
1997     43         1852.74
1997     44         1793.10
1997     45         1747.39
1997     46         1773.48
1997     47         1656.24
1997     48         1622.07
1997     49         1610.54
1997     50         1459.18
1997     51         1391.01
1997     52         1419.01
1997     53         1303.76
1997     54         1285.01
1997     55         1176.31
1998     12         1921.04
1998     13         1944.59
1998     14         2050.93
1998     15         2098.62
1998     16         2108.42
1998     17         2130.97
1998     18         2223.14
1998     19         2151.03
1998     20         1979.68
1998     21         2012.96
1998     22         2070.22
1998     23         2002.42
1998     24         2036.47
1998     25         2171.20
1998     26         2071.75
1998     27         1862.98
1998     28         1913.01
1998     29         1905.02
1998     30         1962.34
1998     31         2103.46
1998     32         2099.35
1998     33         2123.46
1998     34         2172.35
1998     35         2136.91
1998     36         2077.61
1998     37         2088.80
1998     38         2105.27
1998     39         2086.42
1998     40         2042.84
1998     41         2013.72
1998     42         1979.63
1998     43         1931.78
1998     44         1856.72
1998     45         1795.59
1998     46         1756.76
1998     47         1774.50
1998     48         1659.73
1998     49         1624.55
1998     50         1608.98
1998     51         1457.19
1998     52         1395.94
1998     53         1411.27
1998     54         1304.20
1998     55         1280.99
1999     12         1910.96
1999     13         1923.04
1999     14         1962.44
1999     15         2054.10
1999     16         2117.97
1999     17         2123.06
1999     18         2128.76
1999     19         2256.17
1999     20         2167.24
1999     21         1993.47
1999     22         2016.01
1999     23         2075.75
1999     24         2017.79
1999     25         2051.04
1999     26         2191.37
1999     27         2078.81
1999     28         1885.87
1999     29         1915.04
1999     30         1915.86
1999     31         1981.52
1999     32         2122.08
1999     33         2102.31
1999     34         2126.42
1999     35         2199.46
1999     36         2149.43
1999     37         2081.61
1999     38         2095.39
1999     39         2115.19
1999     40         2096.91
1999     41         2049.85
1999     42         2027.75
1999     43         1978.16
1999     44         1937.84
1999     45         1854.27
1999     46         1796.11
1999     47         1755.76
1999     48         1776.00
1999     49         1657.77
1999     50         1623.60
1999     51         1606.45
1999     52         1458.64
1999     53         1394.46
1999     54         1410.28
1999     55         1297.37
2000     12         2100.18
2000     13         1914.44
2000     14         1939.51
2000     15         1971.32
2000     16         2077.36
2000     17         2135.99
2000     18         2137.72
2000     19         2180.22
2000     20         2290.29
2000     21         2180.93
2000     22         2016.74
2000     23         2030.66
2000     24         2104.65
2000     25         2049.72
2000     26         2072.02
2000     27         2202.41
2000     28         2102.35
2000     29         1891.35
2000     30         1923.15
2000     31         1930.80
2000     32         2002.75
2000     33         2129.59
2000     34         2108.67
2000     35         2150.22
2000     36         2209.48
2000     37         2161.54
2000     38         2090.65
2000     39         2111.50
2000     40         2133.59
2000     41         2108.40
2000     42         2058.86
2000     43         2028.76
2000     44         1985.12
2000     45         1933.31
2000     46         1857.23
2000     47         1802.56
2000     48         1755.77
2000     49         1770.44
2000     50         1657.21
2000     51         1624.07
2000     52         1610.00
2000     53         1459.60
2000     54         1391.50
2000     55         1400.03
2001     12         2187.11
2001     13         2110.78
2001     14         1925.39
2001     15         1945.01
2001     16         1983.71
2001     17         2092.81
2001     18         2142.75
2001     19         2182.81
2001     20         2210.98
2001     21         2309.91
2001     22         2206.18
2001     23         2031.52
2001     24         2064.44
2001     25         2128.56
2001     26         2067.02
2001     27         2072.36
2001     28         2208.30
2001     29         2114.91
2001     30         1899.73
2001     31         1935.68
2001     32         1948.13
2001     33         2007.78
2001     34         2146.18
2001     35         2119.09
2001     36         2164.15
2001     37         2227.45
2001     38         2178.57
2001     39         2099.12
2001     40         2119.59
2001     41         2143.59
2001     42         2115.37
2001     43         2065.91
2001     44         2036.78
2001     45         1978.63
2001     46         1943.41
2001     47         1867.75
2001     48         1803.56
2001     49         1760.26
2001     50         1767.88
2001     51         1658.74
2001     52         1627.04
2001     53         1609.52
2001     54         1458.61
2001     55         1383.62
2002     12         2300.68
2002     13         2199.50
2002     14         2117.85
2002     15         1927.39
2002     16         1959.99
2002     17         1993.58
2002     18         2092.92
2002     19         2170.27
2002     20         2194.82
2002     21         2198.56
2002     22         2297.26
2002     23         2206.16
2002     24         2038.35
2002     25         2059.28
2002     26         2131.47
2002     27         2049.50
2002     28         2066.34
2002     29         2215.71
2002     30         2109.36
2002     31         1898.15
2002     32         1935.56
2002     33         1944.13
2002     34         2015.80
2002     35         2149.76
2002     36         2128.57
2002     37         2179.07
2002     38         2231.35
2002     39         2176.06
2002     40         2098.11
2002     41         2125.62
2002     42         2144.13
2002     43         2117.83
2002     44         2069.40
2002     45         2027.75
2002     46         1984.56
2002     47         1945.43
2002     48         1867.75
2002     49         1811.61
2002     50         1754.34
2002     51         1767.38
2002     52         1657.79
2002     53         1625.53
2002     54         1607.01
2002     55         1453.11
2003     12         2290.50
2003     13         2303.70
2003     14         2208.93
2003     15         2121.89
2003     16         1938.36
2003     17         1974.49
2003     18         2004.54
2003     19         2117.37
2003     20         2161.48
2003     21         2150.98
2003     22         2166.05
2003     23         2275.68
2003     24         2178.27
2003     25         2022.55
2003     26         2032.44
2003     27         2120.62
2003     28         2024.45
2003     29         2059.24
2003     30         2195.92
2003     31         2105.38
2003     32         1889.25
2003     33         1935.12
2003     34         1940.64
2003     35         2017.33
2003     36         2144.31
2003     37         2135.59
2003     38         2179.10
2003     39         2232.40
2003     40         2177.59
2003     41         2105.60
2003     42         2122.08
2003     43         2140.11
2003     44         2118.33
2003     45         2066.40
2003     46         2026.25
2003     47         1986.06
2003     48         1948.97
2003     49         1867.27
2003     50         1806.62
2003     51         1756.33
2003     52         1766.89
2003     53         1659.78
2003     54         1622.55
2003     55         1601.46
2004     12         2190.66
2004     13         2287.96
2004     14         2310.74
2004     15         2214.88
2004     16         2134.51
2004     17         1955.30
2004     18         1973.46
2004     19         2024.32
2004     20         2102.01
2004     21         2134.34
2004     22         2129.98
2004     23         2143.65
2004     24         2244.71
2004     25         2166.65
2004     26         1997.96
2004     27         2035.87
2004     28         2095.15
2004     29         2022.10
2004     30         2050.65
2004     31         2206.65
2004     32         2089.28
2004     33         1890.70
2004     34         1922.45
2004     35         1944.62
2004     36         2016.39
2004     37         2146.28
2004     38         2140.05
2004     39         2186.57
2004     40         2230.32
2004     41         2182.61
2004     42         2107.61
2004     43         2120.08
2004     44         2137.16
2004     45         2114.34
2004     46         2063.90
2004     47         2025.75
2004     48         1990.51
2004     49         1941.38
2004     50         1863.24
2004     51         1807.15
2004     52         1753.33
2004     53         1763.83
2004     54         1657.77
2004     55         1615.13
2005     12         2303.81
2005     13         2195.78
2005     14         2296.17
2005     15         2316.29
2005     16         2235.22
2005     17         2142.59
2005     18         1950.75
2005     19         2007.95
2005     20         2035.95
2005     21         2106.81
2005     22         2134.52
2005     23         2146.94
2005     24         2153.07
2005     25         2271.75
2005     26         2194.59
2005     27         2012.33
2005     28         2055.36
2005     29         2108.33
2005     30         2035.58
2005     31         2057.37
2005     32         2203.00
2005     33         2095.34
2005     34         1895.90
2005     35         1936.65
2005     36         1964.59
2005     37         2032.62
2005     38         2162.24
2005     39         2146.53
2005     40         2192.62
2005     41         2247.46
2005     42         2191.16
2005     43         2115.16
2005     44         2119.05
2005     45         2139.10
2005     46         2111.84
2005     47         2069.45
2005     48         2029.76
2005     49         1988.08
2005     50         1948.47
2005     51         1865.21
2005     52         1803.60
2005     53         1749.90
2005     54         1763.33
2005     55         1654.19
2006     12         2264.34
2006     13         2310.74
2006     14         2209.13
2006     15         2300.66
2006     16         2336.94
2006     17         2243.66
2006     18         2149.66
2006     19         1994.56
2006     20         2037.92
2006     21         2065.80
2006     22         2138.33
2006     23         2181.62
2006     24         2181.15
2006     25         2215.26
2006     26         2338.08
2006     27         2231.56
2006     28         2062.70
2006     29         2093.14
2006     30         2134.08
2006     31         2047.20
2006     32         2079.38
2006     33         2223.79
2006     34         2118.88
2006     35         1917.20
2006     36         1965.33
2006     37         1988.43
2006     38         2048.73
2006     39         2172.22
2006     40         2171.24
2006     41         2214.95
2006     42         2262.00
2006     43         2209.20
2006     44         2120.16
2006     45         2125.11
2006     46         2142.53
2006     47         2131.29
2006     48         2079.49
2006     49         2038.28
2006     50         1996.98
2006     51         1954.53
2006     52         1865.72
2006     53         1810.08
2006     54         1746.91
2006     55         1758.75
2007     12         2182.62
2007     13         2271.93
2007     14         2324.92
2007     15         2221.22
2007     16         2320.32
2007     17         2348.02
2007     18         2255.08
2007     19         2212.77
2007     20         2060.57
2007     21         2119.89
2007     22         2136.79
2007     23         2224.19
2007     24         2254.44
2007     25         2289.91
2007     26         2306.80
2007     27         2409.93
2007     28         2290.27
2007     29         2118.48
2007     30         2132.72
2007     31         2174.03
2007     32         2075.53
2007     33         2112.94
2007     34         2238.92
2007     35         2155.07
2007     36         1949.98
2007     37         2000.69
2007     38         1997.42
2007     39         2069.98
2007     40         2196.95
2007     41         2187.59
2007     42         2235.85
2007     43         2277.52
2007     44         2226.85
2007     45         2133.19
2007     46         2129.17
2007     47         2165.88
2007     48         2141.75
2007     49         2094.04
2007     50         2046.79
2007     51         2007.93
2007     52         1961.63
2007     53         1877.20
2007     54         1808.54
2007     55         1740.01
2008     12         2172.71
2008     13         2195.58
2008     14         2285.75
2008     15         2344.53
2008     16         2240.07
2008     17         2338.11
2008     18         2367.66
2008     19         2330.44
2008     20         2299.60
2008     21         2159.19
2008     22         2190.80
2008     23         2230.01
2008     24         2326.10
2008     25         2379.04
2008     26         2380.27
2008     27         2374.21
2008     28         2458.07
2008     29         2325.11
2008     30         2153.48
2008     31         2177.51
2008     32         2192.50
2008     33         2098.64
2008     34         2136.07
2008     35         2279.60
2008     36         2183.62
2008     37         1983.08
2008     38         2013.25
2008     39         2018.76
2008     40         2080.03
2008     41         2214.56
2008     42         2209.40
2008     43         2252.76
2008     44         2296.41
2008     45         2238.30
2008     46         2142.73
2008     47         2146.34
2008     48         2172.84
2008     49         2154.69
2008     50         2106.06
2008     51         2060.82
2008     52         2014.83
2008     53         1972.23
2008     54         1882.68
2008     55         1807.03
2009     12         2166.89
2009     13         2171.66
2009     14         2190.44
2009     15         2293.52
2009     16         2359.08
2009     17         2258.29
2009     18         2343.41
2009     19         2413.98
2009     20         2364.60
2009     21         2322.80
2009     22         2177.25
2009     23         2215.21
2009     24         2265.92
2009     25         2355.56
2009     26         2379.71
2009     27         2385.87
2009     28         2355.40
2009     29         2438.62
2009     30         2305.23
2009     31         2150.85
2009     32         2151.98
2009     33         2174.06
2009     34         2099.23
2009     35         2130.82
2009     36         2282.87
2009     37         2181.53
2009     38         1979.98
2009     39         2010.01
2009     40         2002.69
2009     41         2085.52
2009     42         2215.29
2009     43         2213.99
2009     44         2247.21
2009     45         2290.86
2009     46         2246.74
2009     47         2140.19
2009     48         2143.86
2009     49         2170.42
2009     50         2153.16
2009     51         2102.50
2009     52         2049.81
2009     53         2012.79
2009     54         1968.17
2009     55         1881.69
2010     12         2093.23
2010     13         2161.41
2010     14         2159.73
2010     15         2186.42
2010     16         2300.39
2010     17         2354.28
2010     18         2250.87
2010     19         2368.57
2010     20         2420.03
2010     21         2347.26
2010     22         2311.70
2010     23         2178.65
2010     24         2194.22
2010     25         2238.39
2010     26         2302.22
2010     27         2344.07
2010     28         2323.03
2010     29         2316.17
2010     30         2386.88
2010     31         2277.96
2010     32         2104.98
2010     33         2104.46
2010     34         2153.03
2010     35         2081.60
2010     36         2119.88
2010     37         2264.78
2010     38         2167.49
2010     39         1961.18
2010     40         1987.98
2010     41         1995.74
2010     42         2073.42
2010     43         2205.73
2010     44         2200.57
2010     45         2236.77
2010     46         2279.28
2010     47         2228.16
2010     48         2137.72
2010     49         2138.79
2010     50         2159.46
2010     51         2142.21
2010     52         2093.52
2010     53         2039.78
2010     54         2004.39
2010     55         1959.06
2011     12         2126.53
2011     13         2089.70
2011     14         2150.29
2011     15         2154.76
2011     16         2187.40
2011     17         2298.73
2011     18         2357.47
2011     19         2285.33
2011     20         2379.66
2011     21         2423.57
2011     22         2361.68
2011     23         2323.31
2011     24         2155.26
2011     25         2182.24
2011     26         2205.86
2011     27         2273.46
2011     28         2299.25
2011     29         2295.38
2011     30         2281.81
2011     31         2372.67
2011     32         2247.62
2011     33         2063.06
2011     34         2092.49
2011     35         2140.26
2011     36         2063.13
2011     37         2105.40
2011     38         2248.02
2011     39         2152.44
2011     40         1949.27
2011     41         1985.50
2011     42         1992.29
2011     43         2064.33
2011     44         2196.18
2011     45         2190.66
2011     46         2223.38
2011     47         2264.34
2011     48         2230.13
2011     49         2133.20
2011     50         2133.24
2011     51         2154.50
2011     52         2147.20
2011     53         2087.01
2011     54         2037.78
2011     55         1991.00
2012     12         2149.01
2012     13         2124.06
2012     14         2082.32
2012     15         2155.89
2012     16         2152.76
2012     17         2199.35
2012     18         2306.60
2012     19         2400.25
2012     20         2294.23
2012     21         2397.89
2012     22         2440.68
2012     23         2346.28
2012     24         2299.07
2012     25         2136.39
2012     26         2181.77
2012     27         2201.05
2012     28         2256.85
2012     29         2286.46
2012     30         2269.23
2012     31         2267.57
2012     32         2353.59
2012     33         2216.25
2012     34         2051.71
2012     35         2078.73
2012     36         2124.80
2012     37         2059.31
2012     38         2093.68
2012     39         2244.70
2012     40         2148.97
2012     41         1951.27
2012     42         1979.41
2012     43         1987.85
2012     44         2059.30
2012     45         2197.06
2012     46         2184.19
2012     47         2216.43
2012     48         2263.87
2012     49         2225.66
2012     50         2132.71
2012     51         2130.20
2012     52         2158.50
2012     53         2145.22
2012     54         2084.00
2012     55         2030.76
2013     12         2108.01
2013     13         2156.00
2013     14         2128.06
2013     15         2093.74
2013     16         2167.05
2013     17         2156.23
2013     18         2219.46
2013     19         2355.94
2013     20         2438.09
2013     21         2322.11
2013     22         2422.49
2013     23         2444.24
2013     24         2344.84
2013     25         2299.08
2013     26         2143.42
2013     27         2190.27
2013     28         2201.03
2013     29         2264.57
2013     30         2279.28
2013     31         2267.35
2013     32         2263.35
2013     33         2336.23
2013     34         2221.36
2013     35         2066.59
2013     36         2088.47
2013     37         2130.81
2013     38         2069.90
2013     39         2104.69
2013     40         2256.43
2013     41         2152.98
2013     42         1946.36
2013     43         1985.01
2013     44         1989.35
2013     45         2072.97
2013     46         2198.01
2013     47         2179.72
2013     48         2220.91
2013     49         2265.87
2013     50         2225.64
2013     51         2129.70
2013     52         2132.21
2013     53         2156.04
2013     54         2137.24
2013     55         2083.50
2014     12         2052.80
2014     13         2117.01
2014     14         2157.99
2014     15         2135.06
2014     16         2110.59
2014     17         2165.04
2014     18         2191.61
2014     19         2258.68
2014     20         2418.41
2014     21         2457.01
2014     22         2361.68
2014     23         2440.83
2014     24         2463.89
2014     25         2378.57
2014     26         2303.13
2014     27         2165.76
2014     28         2195.77
2014     29         2205.82
2014     30         2260.81
2014     31         2289.32
2014     32         2268.29
2014     33         2267.98
2014     34         2346.57
2014     35         2239.53
2014     36         2081.86
2014     37         2097.54
2014     38         2146.84
2014     39         2075.26
2014     40         2112.42
2014     41         2256.34
2014     42         2155.50
2014     43         1957.26
2014     44         1989.57
2014     45         1998.22
2014     46         2076.49
2014     47         2196.48
2014     48         2182.73
2014     49         2219.90
2014     50         2261.34
2014     51         2220.13
2014     52         2133.20
2014     53         2127.66
2014     54         2145.10
2014     55         2138.23
2015     12         2045.65
2015     13         2066.41
2015     14         2116.01
2015     15         2160.47
2015     16         2139.04
2015     17         2110.61
2015     18         2196.20
2015     19         2223.07
2015     20         2318.06
2015     21         2453.70
2015     22         2500.57
2015     23         2377.34
2015     24         2474.86
2015     25         2492.08
2015     26         2407.36
2015     27         2320.28
2015     28         2187.12
2015     29         2192.28
2015     30         2199.00
2015     31         2256.46
2015     32         2282.26
2015     33         2276.78
2015     34         2268.48
2015     35         2346.99
2015     36         2246.10
2015     37         2099.65
2015     38         2104.49
2015     39         2144.31
2015     40         2080.32
2015     41         2105.40
2015     42         2261.41
2015     43         2168.05
2015     44         1957.70
2015     45         1995.65
2015     46         2002.73
2015     47         2072.93
2015     48         2197.46
2015     49         2181.71
2015     50         2215.44
2015     51         2257.34
2015     52         2218.59
2015     53         2130.20
2015     54         2126.11
2015     55         2145.60
2016     12         2148.50
2016     13         2064.96
2016     14         2080.08
2016     15         2123.02
2016     16         2173.48
2016     17         2143.56
2016     18         2141.99
2016     19         2252.61
2016     20         2276.87
2016     21         2370.34
2016     22         2482.00
2016     23         2553.88
2016     24         2426.49
2016     25         2518.63
2016     26         2548.01
2016     27         2407.36
2016     28         2350.58
2016     29         2201.48
2016     30         2204.78
2016     31         2194.74
2016     32         2261.79
2016     33         2290.36
2016     34         2278.30
2016     35         2268.04
2016     36         2361.35
2016     37         2280.05
2016     38         2111.03
2016     39         2116.24
2016     40         2157.42
2016     41         2084.45
2016     42         2114.95
2016     43         2281.18
2016     44         2174.63
2016     45         1971.62
2016     46         2008.78
2016     47         2008.83
2016     48         2074.44
2016     49         2197.98
2016     50         2186.60
2016     51         2213.46
2016     52         2257.41
2016     53         2222.66
2016     54         2128.67
2016     55         2125.11
2017     12         2122.79
2017     13         2168.66
2017     14         2087.23
2017     15         2093.65
2017     16         2144.52
2017     17         2181.47
2017     18         2183.61
2017     19         2217.69
2017     20         2316.60
2017     21         2332.26
2017     22         2423.72
2017     23         2580.25
2017     24         2635.60
2017     25         2526.31
2017     26         2619.91
2017     27         2614.59
2017     28         2473.89
2017     29         2418.24
2017     30         2243.20
2017     31         2242.28
2017     32         2242.10
2017     33         2301.92
2017     34         2331.64
2017     35         2310.40
2017     36         2301.26
2017     37         2409.38
2017     38         2312.99
2017     39         2141.66
2017     40         2144.45
2017     41         2185.77
2017     42         2104.91
2017     43         2143.45
2017     44         2310.12
2017     45         2200.24
2017     46         2000.49
2017     47         2029.43
2017     48         2020.38
2017     49         2086.64
2017     50         2213.55
2017     51         2191.98
2017     52         2224.42
2017     53         2272.46
2017     54         2224.75
2017     55         2130.69
2018     12         2195.48
2018     13         2136.63
2018     14         2187.31
2018     15         2100.11
2018     16         2113.28
2018     17         2160.03
2018     18         2214.36
2018     19         2273.72
2018     20         2298.31
2018     21         2399.18
2018     22         2444.94
2018     23         2557.04
2018     24         2702.06
2018     25         2765.62
2018     26         2648.33
2018     27         2732.44
2018     28         2708.27
2018     29         2580.02
2018     30         2484.37
2018     31         2300.94
2018     32         2319.21
2018     33         2295.89
2018     34         2368.75
2018     35         2383.47
2018     36         2349.10
2018     37         2347.51
2018     38         2440.27
2018     39         2352.98
2018     40         2178.66
2018     41         2181.35
2018     42         2210.91
2018     43         2140.69
2018     44         2181.83
2018     45         2339.85
2018     46         2237.35
2018     47         2017.31
2018     48         2050.04
2018     49         2045.73
2018     50         2103.82
2018     51         2224.64
2018     52         2206.84
2018     53         2233.82
2018     54         2282.93
2018     55         2231.77
2019     12         2231.16
2019     13         2201.55
2019     14         2153.42
2019     15         2202.93
2019     16         2113.95
2019     17         2132.37
2019     18         2183.54
2019     19         2302.63
2019     20         2349.26
2019     21         2376.80
2019     22         2506.19
2019     23         2572.47
2019     24         2682.71
2019     25         2799.79
2019     26         2878.46
2019     27         2734.14
2019     28         2813.54
2019     29         2805.98
2019     30         2655.91
2019     31         2534.85
2019     32         2366.18
2019     33         2352.66
2019     34         2343.80
2019     35         2411.30
2019     36         2421.07
2019     37         2381.69
2019     38         2365.81
2019     39         2475.93
2019     40         2382.32
2019     41         2211.23
2019     42         2205.34
2019     43         2250.70
2019     44         2171.36
2019     45         2206.20
2019     46         2369.56
2019     47         2252.41
2019     48         2032.66
2019     49         2069.08
2019     50         2058.13
2019     51         2118.50
2019     52         2235.26
2019     53         2209.79
2019     54         2241.28
2019     55         2284.37
2020     12         2334.96
2020     13         2244.00
2020     14         2217.14
2020     15         2168.23
2020     16         2207.97
2020     17         2133.77
2020     18         2160.04
2020     19         2252.05
2020     20         2368.47
2020     21         2399.24
2020     22         2444.79
2020     23         2597.57
2020     24         2644.03
2020     25         2738.46
2020     26         2874.11
2020     27         2939.58
2020     28         2792.89
2020     29         2867.44
2020     30         2860.35
2020     31         2694.08
2020     32         2571.20
2020     33         2385.60
2020     34         2386.62
2020     35         2384.37
2020     36         2449.26
2020     37         2447.69
2020     38         2418.63
2020     39         2396.41
2020     40         2498.59
2020     41         2411.66
2020     42         2229.96
2020     43         2231.04
2020     44         2272.34
2020     45         2192.19
2020     46         2232.64
2020     47         2387.74
2020     48         2265.45
2020     49         2044.07
2020     50         2082.20
2020     51         2068.48
2020     52         2128.12
2020     53         2246.75
2020     54         2216.74
2020     55         2239.80
2021     12         2428.68
2021     13         2359.52
2021     14         2259.42
2021     15         2230.72
2021     16         2181.01
2021     17         2234.68
2021     18         2175.89
2021     19         2232.04
2021     20         2354.10
2021     21         2434.90
2021     22         2487.00
2021     23         2542.54
2021     24         2683.01
2021     25         2720.44
2021     26         2797.50
2021     27         2937.58
2021     28         3001.45
2021     29         2831.90
2021     30         2911.05
2021     31         2887.05
2021     32         2727.34
2021     33         2604.02
2021     34         2420.89
2021     35         2419.57
2021     36         2413.51
2021     37         2481.30
2021     38         2489.52
2021     39         2443.70
2021     40         2416.62
2021     41         2529.99
2021     42         2428.38
2021     43         2246.77
2021     44         2249.48
2021     45         2291.99
2021     46         2214.46
2021     47         2254.66
2021     48         2402.92
2021     49         2277.49
2021     50         2049.93
2021     51         2085.74
2021     52         2078.90
2021     53         2137.67
2021     54         2257.27
2021     55         2223.61
