Iceland, Period fertility tables, birth orders 1 to 5+
Last modified: 06/09/2023
Year     x       w0x       m1x       q1x     l0x    b1x     L0x   Sb1x       w1x       m2x       q2x    l1x    b2x     L1x   Sb2x       w2x       m3x       q3x    l2x    b3x     L2x   Sb3x       w3x       m4x       q4x    l3x    b4x     L3x   Sb4x       w4x      m5px      q5px    l4x   b5px     L4x  Sb5px
2020    12-  1.00000   0.00000   0.00000   10000      0   10000      0   0.00000         .         .      0      0       0      0   0.00000         .         .      0      0       0      0   0.00000         .         .      0      0       0      0   0.00000         .         .      0      0       0      0
2020    13   1.00000   0.00000   0.00000   10000      0   10000      0   0.00000         .         .      0      0       0      0   0.00000         .         .      0      0       0      0   0.00000         .         .      0      0       0      0   0.00000         .         .      0      0       0      0
2020    14   1.00000   0.00000   0.00000   10000      0   10000      0   0.00000         .         .      0      0       0      0   0.00000         .         .      0      0       0      0   0.00000         .         .      0      0       0      0   0.00000         .         .      0      0       0      0
2020    15   0.99977   0.00000   0.00000   10000      0   10000      0   0.00023         .         .      0      0       0      0   0.00000         .         .      0      0       0      0   0.00000         .         .      0      0       0      0   0.00000         .         .      0      0       0      0
2020    16   0.99954   0.00136   0.00136   10000     14    9993      0   0.00046         .         .      0      0       7      0   0.00000         .         .      0      0       0      0   0.00000         .         .      0      0       0      0   0.00000         .         .      0      0       0      0
2020    17   0.99765   0.00188   0.00188    9986     19    9977     14   0.00235   0.00000   0.00000     14      0      23      0   0.00000         .         .      0      0       0      0   0.00000         .         .      0      0       0      0   0.00000         .         .      0      0       0      0
2020    18   0.99316   0.00513   0.00511    9968     51    9942     32   0.00684   0.00000   0.00000     32      0      58      0   0.00000         .         .      0      0       0      0   0.00000         .         .      0      0       0      0   0.00000         .         .      0      0       0      0
2020    19   0.98602   0.01441   0.01431    9917    142    9846     83   0.01333   0.06661   0.06446     83     10     152      0   0.00065         .         .      0      0       3      0   0.00000         .         .      0      0       0      0   0.00000         .         .      0      0       0      0
2020    20   0.96657   0.01835   0.01818    9775    178    9686    225   0.03086   0.04104   0.04022    215     12     300     10   0.00257   0.16423   0.15177     10      2      14      0   0.00000         .         .      0      0       1      0   0.00000         .         .      0      0       0      0
2020    21   0.93596   0.02271   0.02246    9597    216    9489    403   0.05636   0.08135   0.07817    381     39     473     22   0.00746   0.05584   0.05433     20      2      34      2   0.00022         .         .      2      0       3      0   0.00000         .         .      0      0       0      0
2020    22   0.89930   0.03684   0.03618    9382    339    9212    618   0.08444   0.16469   0.15216    558    113     685     61   0.01564   0.13080   0.12277     57     13      96      4   0.00062         .         .      4      0       8      0   0.00000         .         .      0      0       0      0
2020    23   0.86074   0.04607   0.04503    9042    407    8839    958   0.11159   0.10004   0.09528    784     95     950    174   0.02585   0.02979   0.02935    157      6     192     17   0.00163         .         .     17      0      19      0   0.00019         .         .      0      0       0      0
2020    24   0.80556   0.06479   0.06276    8635    542    8364   1365   0.14881   0.12708   0.11949   1096    165    1302    269   0.04163   0.07268   0.07013    246     22     303     22   0.00362   0.10437   0.09920     22      3      30      0   0.00038         .         .      0      0       1      0
2020    25   0.74713   0.08065   0.07752    8093    627    7779   1907   0.19202   0.10650   0.10111   1473    182    1712    434   0.05458   0.04683   0.04576    390     21     455     44   0.00590   0.00000   0.00000     41      0      50      3   0.00037         .         .      3      0       3      0
2020    26   0.67914   0.10093   0.09608    7466    717    7107   2534   0.22757   0.12996   0.12203   1918    281    2159    616   0.08168   0.05112   0.04984    551     33     654     66   0.01000   0.10438   0.09920     63      8      73      3   0.00161         .         .      3      0       6      0
2020    27   0.60003   0.12303   0.11590    6748    782    6357   3252   0.25733   0.14013   0.13095   2354    363    2591    897   0.12171   0.07267   0.07012    798     67     924     99   0.01841   0.01848   0.01831     88      2     116     11   0.00251   0.13529   0.12672     11      2      12      0
2020    28   0.51592   0.11451   0.10831    5966    646    5643   4034   0.29154   0.14983   0.13939   2773    435    2903   1260   0.16042   0.05803   0.05640   1094     73    1256    166   0.02839   0.07568   0.07292    153     14     179     13   0.00374   0.00000   0.00000     13      0      19      2
2020    29   0.43662   0.12939   0.12153    5320    647    4997   4680   0.30909   0.15571   0.14446   2985    481    3092   1695   0.20664   0.07426   0.07160   1456    120    1619    239   0.04241   0.02467   0.02437    213      6     262     26   0.00523   0.19997   0.18180     26      6      29      2
2020    30   0.38419   0.15743   0.14594    4674    682    4333   5326   0.29981   0.17958   0.16478   3150    580    3231   2177   0.24601   0.07390   0.07127   1817    149    2012    360   0.06219   0.04497   0.04398    327     17     384     33   0.00780   0.13443   0.12597     33      5      40      7
2020    31   0.32029   0.16688   0.15403    3991    615    3684   6009   0.30030   0.15203   0.14129   3252    506    3329   2757   0.28104   0.07924   0.07622   2249    190    2393    508   0.08547   0.03908   0.03833    458     21     535     50   0.01289   0.02879   0.02839     50      2      59     13
2020    32   0.28396   0.12738   0.11975    3377    404    3174   6623   0.27500   0.17254   0.15884   3360    569    3295   3263   0.31416   0.07675   0.07392   2565    210    2737    698   0.10988   0.04955   0.04835    627     35     706     71   0.01699   0.02289   0.02263     71      2      86     14
2020    33   0.25840   0.11031   0.10454    2972    311    2817   7028   0.24587   0.17219   0.15854   3196    533    3098   3832   0.33794   0.05582   0.05430   2924    173    3098    908   0.13280   0.04419   0.04323    802     38     864    106   0.02498   0.08390   0.08052    106     10     123     16
2020    34   0.20072   0.12942   0.12156    2662    324    2500   7338   0.24628   0.13611   0.12744   2973    401    2946   4365   0.35806   0.07372   0.07110   3284    247    3357   1081   0.16271   0.03090   0.03043    937     32    1039    144   0.03223   0.03900   0.03826    144      6     159     27
2020    35   0.17375   0.14000   0.13084    2338    306    2185   7662   0.22719   0.14768   0.13753   2896    421    2850   4766   0.36012   0.06405   0.06207   3438    226    3530   1328   0.19872   0.02533   0.02501   1152     32    1244    176   0.04023   0.03128   0.03080    176      6     191     33
2020    36   0.16912   0.08208   0.07885    2032    160    1952   7968   0.19818   0.11331   0.10724   2781    307    2712   5187   0.35712   0.06517   0.06311   3633    239    3667   1554   0.22765   0.03408   0.03351   1347     49    1439    208   0.04793   0.03407   0.03350    208      8     230     39
2020    37   0.14461   0.08475   0.08131    1872    152    1796   8128   0.18291   0.10275   0.09773   2634    265    2581   5494   0.37069   0.04960   0.04840   3701    185    3740   1793   0.24222   0.02193   0.02169   1537     35    1609    257   0.05957   0.02743   0.02706    257      8     274     47
2020    38   0.12085   0.08553   0.08203    1720    141    1649   8280   0.18605   0.07778   0.07487   2521    194    2497   5759   0.36813   0.03145   0.03096   3781    120    3816   1979   0.25448   0.01625   0.01612   1687     28    1732    292   0.07049   0.01173   0.01166    292      4     306     54
2020    39   0.11205   0.06704   0.06486    1579    102    1527   8421   0.18537   0.05177   0.05047   2468    127    2457   5954   0.35601   0.02696   0.02660   3855    104    3866   2099   0.27245   0.01378   0.01369   1779     25    1818    320   0.07412   0.01126   0.01120    320      4     333     58
2020    40   0.10012   0.06796   0.06572    1476     97    1428   8524   0.17421   0.06433   0.06232   2443    155    2415   6081   0.34597   0.02198   0.02174   3878     86    3912   2203   0.29835   0.01073   0.01067   1858     20    1890    345   0.08135   0.00984   0.00979    345      3     355     62
2020    41   0.09278   0.03575   0.03512    1379     48    1355   8621   0.16107   0.04376   0.04283   2385    103    2358   6236   0.33684   0.00985   0.00980   3947     39    3979   2289   0.31608   0.00787   0.00784   1923     15    1935    366   0.09323   0.01779   0.01763    366      7     373     65
2020    42   0.10292   0.04357   0.04264    1331     57    1302   8669   0.15055   0.01489   0.01478   2330     35    2341   6339   0.33551   0.01470   0.01460   4011     59    3999   2328   0.30835   0.00436   0.00435   1947      9    1972    381   0.10267   0.00874   0.00870    381      3     385     72
2020    43   0.09859   0.03637   0.03572    1274     46    1251   8726   0.15332   0.01754   0.01739   2352     41    2354   6374   0.33759   0.00266   0.00265   3987     11    4002   2387   0.30982   0.00000   0.00000   1998      0    2003    390   0.10067   0.00445   0.00444    390      2     390     75
2020    44   0.10239   0.00860   0.00856    1229     11    1223   8771   0.13982   0.00315   0.00314   2356      7    2357   6416   0.33623   0.00131   0.00131   4018      5    4019   2398   0.31800   0.00138   0.00138   2008      3    2009    390   0.10357   0.00425   0.00424    390      2     391     77
2020    45         .         .         .    1218      .       .   8782         .         .         .   2359      .       .   6423         .         .         .   4020      .       .   2403         .         .         .   2011      .       .    392         .         .         .    392      .       .     79
2020    46         .         .         .       .      .       .      .         .         .         .      .      .       .      .         .         .         .      .      .       .      .         .         .         .      .      .       .      .         .         .         .      .      .       .      .
2020    47         .         .         .       .      .       .      .         .         .         .      .      .       .      .         .         .         .      .      .       .      .         .         .         .      .      .       .      .         .         .         .      .      .       .      .
2020    48         .         .         .       .      .       .      .         .         .         .      .      .       .      .         .         .         .      .      .       .      .         .         .         .      .      .       .      .         .         .         .      .      .       .      .
2020    49         .         .         .       .      .       .      .         .         .         .      .      .       .      .         .         .         .      .      .       .      .         .         .         .      .      .       .      .         .         .         .      .      .       .      .
2020    50         .         .         .       .      .       .      .         .         .         .      .      .       .      .         .         .         .      .      .       .      .         .         .         .      .      .       .      .         .         .         .      .      .       .      .
2020    51         .         .         .       .      .       .      .         .         .         .      .      .       .      .         .         .         .      .      .       .      .         .         .         .      .      .       .      .         .         .         .      .      .       .      .
2020    52         .         .         .       .      .       .      .         .         .         .      .      .       .      .         .         .         .      .      .       .      .         .         .         .      .      .       .      .         .         .         .      .      .       .      .
2020    53         .         .         .       .      .       .      .         .         .         .      .      .       .      .         .         .         .      .      .       .      .         .         .         .      .      .       .      .         .         .         .      .      .       .      .
2020    54         .         .         .       .      .       .      .         .         .         .      .      .       .      .         .         .         .      .      .       .      .         .         .         .      .      .       .      .         .         .         .      .      .       .      .
2020    55+        .         .         .       .      .       .      .         .         .         .      .      .       .      .         .         .         .      .      .       .      .         .         .         .      .      .       .      .         .         .         .      .      .       .      .
2021    12-  1.00000   0.00000   0.00000   10000      0   10000      0   0.00000         .         .      0      0       0      0   0.00000         .         .      0      0       0      0   0.00000         .         .      0      0       0      0   0.00000         .         .      0      0       0      0
2021    13   1.00000   0.00000   0.00000   10000      0   10000      0   0.00000         .         .      0      0       0      0   0.00000         .         .      0      0       0      0   0.00000         .         .      0      0       0      0   0.00000         .         .      0      0       0      0
2021    14   1.00000   0.00000   0.00000   10000      0   10000      0   0.00000         .         .      0      0       0      0   0.00000         .         .      0      0       0      0   0.00000         .         .      0      0       0      0   0.00000         .         .      0      0       0      0
2021    15   1.00000   0.00000   0.00000   10000      0   10000      0   0.00000         .         .      0      0       0      0   0.00000         .         .      0      0       0      0   0.00000         .         .      0      0       0      0   0.00000         .         .      0      0       0      0
2021    16   0.99910   0.00000   0.00000   10000      0   10000      0   0.00090         .         .      0      0       0      0   0.00000         .         .      0      0       0      0   0.00000         .         .      0      0       0      0   0.00000         .         .      0      0       0      0
2021    17   0.99841   0.00045   0.00045   10000      4    9998      0   0.00159         .         .      0      0       2      0   0.00000         .         .      0      0       0      0   0.00000         .         .      0      0       0      0   0.00000         .         .      0      0       0      0
2021    18   0.99418   0.00601   0.00599    9996     60    9966      4   0.00582   0.00000   0.00000      4      0      34      0   0.00000         .         .      0      0       0      0   0.00000         .         .      0      0       0      0   0.00000         .         .      0      0       0      0
2021    19   0.98467   0.00819   0.00816    9936     81    9895     64   0.01510   0.05934   0.05763     64      6     103      0   0.00023         .         .      0      0       2      0   0.00000         .         .      0      0       0      0   0.00000         .         .      0      0       0      0
2021    20   0.97254   0.01529   0.01517    9855    150    9780    145   0.02595   0.09823   0.09363    139     20     208      6   0.00130         .         .      6      0      13      0   0.00021         .         .      0      0       0      0   0.00000         .         .      0      0       0      0
2021    21   0.94632   0.02561   0.02528    9705    245    9582    295   0.04736   0.13874   0.12974    268     52     374     26   0.00569   0.14433   0.13462     26      6      42      0   0.00063         .         .      0      0       2      0   0.00000         .         .      0      0       0      0
2021    22   0.91077   0.02649   0.02614    9460    247    9336    540   0.07351   0.11487   0.10863    462     64     560     78   0.01345   0.11957   0.11283     72     11      93      6   0.00207   0.00000   0.00000      6      0      10      0   0.00021         .         .      0      0       0      0
2021    23   0.86303   0.05378   0.05237    9212    482    8971    788   0.10971   0.13623   0.12754    645    115     845    143   0.02461   0.04795   0.04683    125      8     164     17   0.00245   0.00000   0.00000     17      0      20      0   0.00021         .         .      0      0       0      0
2021    24   0.81335   0.06003   0.05828    8730    509    8476   1270   0.14324   0.14311   0.13356   1012    172    1199    258   0.03949   0.08494   0.08148    233     25     291     25   0.00335   0.22253   0.20025     25      7      32      0   0.00057         .         .      0      0       3      0
2021    25   0.74919   0.08979   0.08593    8221    706    7868   1779   0.18130   0.16017   0.14830   1349    257    1603    429   0.06122   0.11409   0.10793    380     52     459     50   0.00717   0.15390   0.14290     43      9      60      7   0.00113         .         .      7      0      10      0
2021    26   0.68524   0.08242   0.07916    7515    595    7217   2485   0.22110   0.19563   0.17820   1799    379    1936    686   0.08269   0.06917   0.06686    584     50     725    102   0.00989   0.10845   0.10287     86     11     101     16   0.00109         .         .     16      0      21      0
2021    27   0.61419   0.09755   0.09301    6920    644    6598   3080   0.25399   0.17557   0.16141   2015    382    2174   1065   0.11094   0.11047   0.10469    913    114    1027    152   0.01841   0.07395   0.07131    125     12     168     27   0.00247   0.55209   0.43266     27     18      32      0
2021    28   0.53317   0.11998   0.11319    6276    710    5921   3724   0.27925   0.19686   0.17922   2277    478    2428   1447   0.15356   0.11065   0.10485   1181    146    1323    266   0.02960   0.06753   0.06532    226     19     281     40   0.00441   0.00000   0.00000     40      0      47     18
2021    29   0.45806   0.11872   0.11207    5566    624    5254   4434   0.29586   0.21245   0.19205   2509    548    2580   1925   0.19832   0.08725   0.08360   1513    147    1690    412   0.04190   0.05899   0.05730    353     24     407     59   0.00586   0.12056   0.11371     59      8      69     18
2021    30   0.38365   0.11909   0.11240    4942    555    4664   5058   0.30830   0.15599   0.14471   2585    417    2676   2473   0.24236   0.07937   0.07634   1913    161    2027    560   0.05803   0.04736   0.04626    477     26     539     83   0.00766   0.17950   0.16471     83     17      94     26
2021    31   0.33290   0.11445   0.10826    4387    475    4149   5613   0.30351   0.17689   0.16251   2723    485    2739   2890   0.27172   0.09943   0.09472   2170    228    2288    721   0.08037   0.06033   0.05857    612     42     697    108   0.01149   0.18089   0.16589    108     23     126     43
2021    32   0.27917   0.10901   0.10338    3912    404    3710   6088   0.29293   0.19401   0.17686   2713    519    2676   3375   0.30276   0.08477   0.08133   2427    218    2568    948   0.10672   0.06528   0.06322    798     57     871    150   0.01842   0.17913   0.16440    150     31     176     65
2021    33   0.25374   0.10897   0.10334    3507    362    3326   6493   0.25645   0.16772   0.15474   2599    433    2579   3894   0.33816   0.09085   0.08690   2728    255    2811   1166   0.12803   0.07199   0.06949    959     75    1044    207   0.02363   0.14629   0.13632    207     35     240     97
2021    34   0.23312   0.09214   0.08808    3145    277    3006   6855   0.23285   0.14902   0.13868   2529    371    2492   4326   0.35176   0.07046   0.06806   2905    210    2982   1421   0.15149   0.04908   0.04791   1139     59    1210    282   0.03079   0.08051   0.07739    282     25     310    132
2021    35   0.17933   0.09449   0.09023    2868    259    2739   7132   0.23653   0.11532   0.10904   2434    280    2431   4698   0.36346   0.07960   0.07655   3067    245    3082   1631   0.18470   0.02685   0.02650   1290     37    1390    342   0.03598   0.04595   0.04492    342     16     359    157
2021    36   0.15417   0.13438   0.12592    2609    329    2445   7391   0.21730   0.14873   0.13843   2413    358    2410   4978   0.36362   0.08546   0.08196   3102    268    3141   1877   0.21871   0.03221   0.03170   1498     52    1601    379   0.04621   0.05380   0.05239    379     22     403    174
2021    37   0.15223   0.09001   0.08614    2281    196    2182   7719   0.19124   0.08429   0.08088   2383    201    2385   5337   0.36055   0.04248   0.04159   3192    137    3222   2145   0.23890   0.05061   0.04936   1714     88    1738    431   0.05708   0.06354   0.06159    431     30     473    195
2021    38   0.13271   0.07567   0.07291    2084    152    2008   7916   0.17929   0.08514   0.08166   2378    201    2357   5538   0.37186   0.05077   0.04951   3256    166    3272   2282   0.24952   0.02737   0.02700   1763     50    1820    519   0.06663   0.04823   0.04709    519     26     542    225
2021    39   0.11196   0.07310   0.07052    1932    136    1864   8068   0.18419   0.05110   0.04983   2330    120    2340   5738   0.36712   0.02787   0.02748   3290     92    3303   2448   0.26191   0.01719   0.01704   1880     33    1909    568   0.07482   0.04375   0.04282    568     26     584    251
2021    40   0.10486   0.02368   0.02340    1796     42    1775   8204   0.18333   0.04514   0.04415   2346    105    2315   5858   0.35582   0.02675   0.02639   3318     89    3326   2540   0.27819   0.02380   0.02352   1939     47    1960    601   0.07779   0.02128   0.02105    601     13     624    277
2021    41   0.09550   0.04553   0.04451    1754     78    1715   8246   0.17120   0.04618   0.04513   2284    105    2271   5962   0.34697   0.01253   0.01245   3333     42    3364   2629   0.30076   0.01183   0.01176   1981     24    1990    648   0.08557   0.01386   0.01376    648      9     659    290
2021    42   0.08921   0.01846   0.01830    1676     31    1661   8324   0.15926   0.02844   0.02804   2257     64    2241   6067   0.33976   0.00606   0.00604   3396     21    3417   2671   0.31544   0.00914   0.00910   2000     18    2001    671   0.09633   0.00427   0.00427    671      3     680    299
2021    43   0.09872   0.02254   0.02229    1645     37    1627   8355   0.15167   0.01174   0.01167   2224     26    2229   6131   0.33749   0.00528   0.00526   3439     18    3443   2692   0.30791   0.00578   0.00577   2002     12    2005    690   0.10420   0.01709   0.01694    690     12     695    302
2021    44   0.09614   0.01850   0.01833    1609     29    1594   8391   0.15400   0.01155   0.01148   2234     26    2236   6157   0.33892   0.00393   0.00393   3447     14    3453   2710   0.30982   0.00143   0.00143   2009      3    2014    701   0.10112   0.00440   0.00439    701      3     703    314
2021    45   0.10173   0.00000   0.00000    1579      0    1579   8421   0.13937   0.00939   0.00935   2238     21    2228   6183   0.33689   0.00259   0.00259   3459      9    3465   2724   0.31822   0.00137   0.00137   2019      3    2023    704   0.10379   0.00000   0.00000    704      0     706    317
2021    46         .         .         .    1579      .       .   8421         .         .         .   2217      .       .   6204         .         .         .   3471      .       .   2733         .         .         .   2026      .       .    707         .         .         .    707      .       .    317
2021    47         .         .         .       .      .       .      .         .         .         .      .      .       .      .         .         .         .      .      .       .      .         .         .         .      .      .       .      .         .         .         .      .      .       .      .
2021    48         .         .         .       .      .       .      .         .         .         .      .      .       .      .         .         .         .      .      .       .      .         .         .         .      .      .       .      .         .         .         .      .      .       .      .
2021    49         .         .         .       .      .       .      .         .         .         .      .      .       .      .         .         .         .      .      .       .      .         .         .         .      .      .       .      .         .         .         .      .      .       .      .
2021    50         .         .         .       .      .       .      .         .         .         .      .      .       .      .         .         .         .      .      .       .      .         .         .         .      .      .       .      .         .         .         .      .      .       .      .
2021    51         .         .         .       .      .       .      .         .         .         .      .      .       .      .         .         .         .      .      .       .      .         .         .         .      .      .       .      .         .         .         .      .      .       .      .
2021    52         .         .         .       .      .       .      .         .         .         .      .      .       .      .         .         .         .      .      .       .      .         .         .         .      .      .       .      .         .         .         .      .      .       .      .
2021    53         .         .         .       .      .       .      .         .         .         .      .      .       .      .         .         .         .      .      .       .      .         .         .         .      .      .       .      .         .         .         .      .      .       .      .
2021    54         .         .         .       .      .       .      .         .         .         .      .      .       .      .         .         .         .      .      .       .      .         .         .         .      .      .       .      .         .         .         .      .      .       .      .
2021    55+        .         .         .       .      .       .      .         .         .         .      .      .       .      .         .         .         .      .      .       .      .         .         .         .      .      .       .      .         .         .         .      .      .       .      .
