United States, Cumulative period fertility rates (Lexis squares)
Last modified: 24/03/2023
Year    Age     CPFR
1933    12     0.000
1933    13     0.000
1933    14     0.000
1933    15     0.002
1933    16     0.009
1933    17     0.028
1933    18     0.066
1933    19     0.132
1933    20     0.219
1933    21     0.321
1933    22     0.427
1933    23     0.540
1933    24     0.658
1933    25     0.773
1933    26     0.887
1933    27     0.996
1933    28     1.097
1933    29     1.200
1933    30     1.291
1933    31     1.381
1933    32     1.450
1933    33     1.528
1933    34     1.604
1933    35     1.665
1933    36     1.725
1933    37     1.779
1933    38     1.826
1933    39     1.874
1933    40     1.911
1933    41     1.942
1933    42     1.962
1933    43     1.980
1933    44     1.993
1933    45     2.001
1933    46     2.006
1933    47     2.009
1933    48     2.010
1933    49     2.011
1933    50     2.011
1933    51     2.011
1933    52     2.011
1933    53     2.011
1933    54     2.012
1933    55     2.012
1934    12     0.000
1934    13     0.000
1934    14     0.000
1934    15     0.002
1934    16     0.010
1934    17     0.029
1934    18     0.070
1934    19     0.140
1934    20     0.231
1934    21     0.339
1934    22     0.452
1934    23     0.570
1934    24     0.690
1934    25     0.812
1934    26     0.928
1934    27     1.041
1934    28     1.146
1934    29     1.252
1934    30     1.347
1934    31     1.440
1934    32     1.512
1934    33     1.588
1934    34     1.658
1934    35     1.730
1934    36     1.787
1934    37     1.841
1934    38     1.888
1934    39     1.935
1934    40     1.973
1934    41     2.003
1934    42     2.023
1934    43     2.042
1934    44     2.054
1934    45     2.062
1934    46     2.067
1934    47     2.069
1934    48     2.070
1934    49     2.071
1934    50     2.072
1934    51     2.072
1934    52     2.072
1934    53     2.072
1934    54     2.072
1934    55     2.072
1935    12     0.000
1935    13     0.000
1935    14     0.000
1935    15     0.003
1935    16     0.010
1935    17     0.031
1935    18     0.072
1935    19     0.141
1935    20     0.233
1935    21     0.341
1935    22     0.455
1935    23     0.574
1935    24     0.695
1935    25     0.812
1935    26     0.929
1935    27     1.038
1935    28     1.143
1935    29     1.248
1935    30     1.340
1935    31     1.432
1935    32     1.504
1935    33     1.578
1935    34     1.642
1935    35     1.705
1935    36     1.770
1935    37     1.819
1935    38     1.863
1935    39     1.908
1935    40     1.944
1935    41     1.973
1935    42     1.992
1935    43     2.010
1935    44     2.021
1935    45     2.028
1935    46     2.033
1935    47     2.035
1935    48     2.036
1935    49     2.037
1935    50     2.038
1935    51     2.038
1935    52     2.038
1935    53     2.038
1935    54     2.038
1935    55     2.038
1936    12     0.000
1936    13     0.000
1936    14     0.000
1936    15     0.002
1936    16     0.010
1936    17     0.031
1936    18     0.071
1936    19     0.140
1936    20     0.230
1936    21     0.337
1936    22     0.453
1936    23     0.572
1936    24     0.694
1936    25     0.812
1936    26     0.927
1936    27     1.038
1936    28     1.140
1936    29     1.244
1936    30     1.336
1936    31     1.426
1936    32     1.497
1936    33     1.570
1936    34     1.634
1936    35     1.692
1936    36     1.747
1936    37     1.804
1936    38     1.844
1936    39     1.885
1936    40     1.919
1936    41     1.946
1936    42     1.964
1936    43     1.980
1936    44     1.991
1936    45     1.998
1936    46     2.002
1936    47     2.004
1936    48     2.006
1936    49     2.006
1936    50     2.007
1936    51     2.007
1936    52     2.007
1936    53     2.007
1936    54     2.007
1936    55     2.007
1937    12     0.000
1937    13     0.000
1937    14     0.000
1937    15     0.003
1937    16     0.010
1937    17     0.032
1937    18     0.077
1937    19     0.147
1937    20     0.241
1937    21     0.351
1937    22     0.469
1937    23     0.592
1937    24     0.719
1937    25     0.841
1937    26     0.959
1937    27     1.071
1937    28     1.178
1937    29     1.281
1937    30     1.376
1937    31     1.467
1937    32     1.540
1937    33     1.614
1937    34     1.678
1937    35     1.736
1937    36     1.788
1937    37     1.837
1937    38     1.885
1937    39     1.923
1937    40     1.955
1937    41     1.981
1937    42     1.998
1937    43     2.014
1937    44     2.024
1937    45     2.030
1937    46     2.034
1937    47     2.036
1937    48     2.037
1937    49     2.038
1937    50     2.038
1937    51     2.038
1937    52     2.038
1937    53     2.038
1937    54     2.038
1937    55     2.038
1938    12     0.000
1938    13     0.000
1938    14     0.000
1938    15     0.003
1938    16     0.010
1938    17     0.033
1938    18     0.078
1938    19     0.154
1938    20     0.249
1938    21     0.363
1938    22     0.484
1938    23     0.611
1938    24     0.742
1938    25     0.870
1938    26     0.992
1938    27     1.109
1938    28     1.218
1938    29     1.327
1938    30     1.423
1938    31     1.518
1938    32     1.594
1938    33     1.669
1938    34     1.734
1938    35     1.794
1938    36     1.847
1938    37     1.894
1938    38     1.936
1938    39     1.980
1938    40     2.010
1938    41     2.036
1938    42     2.053
1938    43     2.068
1938    44     2.078
1938    45     2.085
1938    46     2.088
1938    47     2.090
1938    48     2.091
1938    49     2.092
1938    50     2.092
1938    51     2.092
1938    52     2.092
1938    53     2.092
1938    54     2.092
1938    55     2.092
1939    12     0.000
1939    13     0.000
1939    14     0.000
1939    15     0.003
1939    16     0.012
1939    17     0.035
1939    18     0.081
1939    19     0.152
1939    20     0.245
1939    21     0.356
1939    22     0.476
1939    23     0.597
1939    24     0.720
1939    25     0.847
1939    26     0.973
1939    27     1.089
1939    28     1.196
1939    29     1.297
1939    30     1.394
1939    31     1.485
1939    32     1.564
1939    33     1.636
1939    34     1.703
1939    35     1.765
1939    36     1.821
1939    37     1.869
1939    38     1.910
1939    39     1.945
1939    40     1.974
1939    41     1.998
1939    42     2.016
1939    43     2.029
1939    44     2.037
1939    45     2.043
1939    46     2.046
1939    47     2.048
1939    48     2.049
1939    49     2.050
1939    50     2.050
1939    51     2.050
1939    52     2.050
1939    53     2.050
1939    54     2.050
1939    55     2.050
1940    12     0.000
1940    13     0.000
1940    14     0.000
1940    15     0.003
1940    16     0.012
1940    17     0.035
1940    18     0.081
1940    19     0.153
1940    20     0.248
1940    21     0.363
1940    22     0.487
1940    23     0.614
1940    24     0.742
1940    25     0.875
1940    26     1.006
1940    27     1.127
1940    28     1.238
1940    29     1.343
1940    30     1.445
1940    31     1.540
1940    32     1.623
1940    33     1.698
1940    34     1.766
1940    35     1.830
1940    36     1.885
1940    37     1.933
1940    38     1.974
1940    39     2.008
1940    40     2.037
1940    41     2.061
1940    42     2.080
1940    43     2.093
1940    44     2.101
1940    45     2.106
1940    46     2.109
1940    47     2.111
1940    48     2.112
1940    49     2.112
1940    50     2.113
1940    51     2.113
1940    52     2.113
1940    53     2.113
1940    54     2.113
1940    55     2.113
1941    12     0.000
1941    13     0.000
1941    14     0.000
1941    15     0.003
1941    16     0.012
1941    17     0.037
1941    18     0.086
1941    19     0.161
1941    20     0.262
1941    21     0.385
1941    22     0.520
1941    23     0.657
1941    24     0.797
1941    25     0.940
1941    26     1.081
1941    27     1.209
1941    28     1.327
1941    29     1.438
1941    30     1.545
1941    31     1.643
1941    32     1.729
1941    33     1.807
1941    34     1.877
1941    35     1.942
1941    36     1.999
1941    37     2.048
1941    38     2.089
1941    39     2.123
1941    40     2.152
1941    41     2.176
1941    42     2.194
1941    43     2.206
1941    44     2.214
1941    45     2.219
1941    46     2.222
1941    47     2.224
1941    48     2.225
1941    49     2.225
1941    50     2.225
1941    51     2.225
1941    52     2.226
1941    53     2.226
1941    54     2.226
1941    55     2.226
1942    12     0.000
1942    13     0.000
1942    14     0.000
1942    15     0.003
1942    16     0.013
1942    17     0.040
1942    18     0.092
1942    19     0.173
1942    20     0.284
1942    21     0.423
1942    22     0.577
1942    23     0.737
1942    24     0.898
1942    25     1.063
1942    26     1.223
1942    27     1.367
1942    28     1.498
1942    29     1.621
1942    30     1.740
1942    31     1.848
1942    32     1.942
1942    33     2.026
1942    34     2.102
1942    35     2.171
1942    36     2.232
1942    37     2.283
1942    38     2.327
1942    39     2.363
1942    40     2.392
1942    41     2.416
1942    42     2.434
1942    43     2.446
1942    44     2.454
1942    45     2.459
1942    46     2.461
1942    47     2.463
1942    48     2.464
1942    49     2.464
1942    50     2.464
1942    51     2.465
1942    52     2.465
1942    53     2.465
1942    54     2.465
1942    55     2.465
1943    12     0.000
1943    13     0.000
1943    14     0.000
1943    15     0.003
1943    16     0.014
1943    17     0.041
1943    18     0.095
1943    19     0.177
1943    20     0.289
1943    21     0.428
1943    22     0.581
1943    23     0.740
1943    24     0.901
1943    25     1.068
1943    26     1.231
1943    27     1.380
1943    28     1.517
1943    29     1.647
1943    30     1.773
1943    31     1.889
1943    32     1.991
1943    33     2.083
1943    34     2.167
1943    35     2.244
1943    36     2.311
1943    37     2.368
1943    38     2.416
1943    39     2.457
1943    40     2.489
1943    41     2.515
1943    42     2.535
1943    43     2.548
1943    44     2.556
1943    45     2.560
1943    46     2.563
1943    47     2.565
1943    48     2.565
1943    49     2.566
1943    50     2.566
1943    51     2.566
1943    52     2.566
1943    53     2.566
1943    54     2.566
1943    55     2.566
1944    12     0.000
1944    13     0.000
1944    14     0.000
1944    15     0.003
1944    16     0.013
1944    17     0.038
1944    18     0.085
1944    19     0.157
1944    20     0.256
1944    21     0.383
1944    22     0.525
1944    23     0.674
1944    24     0.826
1944    25     0.982
1944    26     1.133
1944    27     1.270
1944    28     1.396
1944    29     1.517
1944    30     1.636
1944    31     1.749
1944    32     1.849
1944    33     1.940
1944    34     2.025
1944    35     2.103
1944    36     2.173
1944    37     2.232
1944    38     2.283
1944    39     2.325
1944    40     2.359
1944    41     2.387
1944    42     2.407
1944    43     2.421
1944    44     2.429
1944    45     2.433
1944    46     2.436
1944    47     2.437
1944    48     2.438
1944    49     2.438
1944    50     2.438
1944    51     2.439
1944    52     2.439
1944    53     2.439
1944    54     2.439
1944    55     2.439
1945    12     0.000
1945    13     0.000
1945    14     0.000
1945    15     0.003
1945    16     0.013
1945    17     0.037
1945    18     0.083
1945    19     0.151
1945    20     0.243
1945    21     0.359
1945    22     0.489
1945    23     0.625
1945    24     0.765
1945    25     0.910
1945    26     1.053
1945    27     1.185
1945    28     1.309
1945    29     1.428
1945    30     1.547
1945    31     1.661
1945    32     1.764
1945    33     1.859
1945    34     1.946
1945    35     2.028
1945    36     2.101
1945    37     2.164
1945    38     2.217
1945    39     2.261
1945    40     2.297
1945    41     2.325
1945    42     2.346
1945    43     2.360
1945    44     2.368
1945    45     2.373
1945    46     2.376
1945    47     2.378
1945    48     2.379
1945    49     2.379
1945    50     2.380
1945    51     2.380
1945    52     2.380
1945    53     2.380
1945    54     2.380
1945    55     2.380
1946    12     0.000
1946    13     0.000
1946    14     0.000
1946    15     0.003
1946    16     0.011
1946    17     0.034
1946    18     0.080
1946    19     0.162
1946    20     0.282
1946    21     0.433
1946    22     0.606
1946    23     0.788
1946    24     0.976
1946    25     1.162
1946    26     1.340
1946    27     1.510
1946    28     1.659
1946    29     1.808
1946    30     1.942
1946    31     2.071
1946    32     2.184
1946    33     2.290
1946    34     2.384
1946    35     2.468
1946    36     2.543
1946    37     2.608
1946    38     2.661
1946    39     2.710
1946    40     2.747
1946    41     2.775
1946    42     2.793
1946    43     2.808
1946    44     2.818
1946    45     2.823
1946    46     2.826
1946    47     2.828
1946    48     2.829
1946    49     2.829
1946    50     2.829
1946    51     2.829
1946    52     2.829
1946    53     2.829
1946    54     2.829
1946    55     2.829
1947    12     0.000
1947    13     0.000
1947    14     0.000
1947    15     0.004
1947    16     0.016
1947    17     0.047
1947    18     0.112
1947    19     0.222
1947    20     0.379
1947    21     0.567
1947    22     0.769
1947    23     0.980
1947    24     1.195
1947    25     1.398
1947    26     1.592
1947    27     1.781
1947    28     1.952
1947    29     2.108
1947    30     2.254
1947    31     2.389
1947    32     2.504
1947    33     2.614
1947    34     2.710
1947    35     2.796
1947    36     2.870
1947    37     2.936
1947    38     2.992
1947    39     3.040
1947    40     3.077
1947    41     3.106
1947    42     3.125
1947    43     3.140
1947    44     3.150
1947    45     3.155
1947    46     3.158
1947    47     3.160
1947    48     3.161
1947    49     3.161
1947    50     3.161
1947    51     3.161
1947    52     3.161
1947    53     3.161
1947    54     3.161
1947    55     3.161
1948    12     0.000
1948    13     0.000
1948    14     0.000
1948    15     0.005
1948    16     0.018
1948    17     0.052
1948    18     0.122
1948    19     0.238
1948    20     0.391
1948    21     0.575
1948    22     0.770
1948    23     0.968
1948    24     1.171
1948    25     1.367
1948    26     1.547
1948    27     1.719
1948    28     1.881
1948    29     2.034
1948    30     2.164
1948    31     2.292
1948    32     2.399
1948    33     2.499
1948    34     2.588
1948    35     2.669
1948    36     2.738
1948    37     2.797
1948    38     2.849
1948    39     2.895
1948    40     2.930
1948    41     2.957
1948    42     2.975
1948    43     2.989
1948    44     2.998
1948    45     3.003
1948    46     3.006
1948    47     3.008
1948    48     3.008
1948    49     3.009
1948    50     3.009
1948    51     3.009
1948    52     3.009
1948    53     3.009
1948    54     3.009
1948    55     3.009
1949    12     0.000
1949    13     0.000
1949    14     0.000
1949    15     0.005
1949    16     0.018
1949    17     0.055
1949    18     0.126
1949    19     0.242
1949    20     0.400
1949    21     0.580
1949    22     0.777
1949    23     0.977
1949    24     1.179
1949    25     1.378
1949    26     1.564
1949    27     1.735
1949    28     1.895
1949    29     2.050
1949    30     2.189
1949    31     2.312
1949    32     2.421
1949    33     2.521
1949    34     2.608
1949    35     2.687
1949    36     2.756
1949    37     2.815
1949    38     2.864
1949    39     2.909
1949    40     2.945
1949    41     2.971
1949    42     2.989
1949    43     3.003
1949    44     3.012
1949    45     3.017
1949    46     3.020
1949    47     3.021
1949    48     3.022
1949    49     3.022
1949    50     3.022
1949    51     3.022
1949    52     3.022
1949    53     3.022
1949    54     3.022
1949    55     3.022
1950    12     0.000
1950    13     0.000
1950    14     0.000
1950    15     0.005
1950    16     0.018
1950    17     0.055
1950    18     0.127
1950    19     0.242
1950    20     0.397
1950    21     0.578
1950    22     0.768
1950    23     0.969
1950    24     1.170
1950    25     1.364
1950    26     1.555
1950    27     1.730
1950    28     1.888
1950    29     2.044
1950    30     2.184
1950    31     2.313
1950    32     2.420
1950    33     2.523
1950    34     2.610
1950    35     2.688
1950    36     2.758
1950    37     2.817
1950    38     2.866
1950    39     2.909
1950    40     2.944
1950    41     2.971
1950    42     2.988
1950    43     3.002
1950    44     3.010
1950    45     3.015
1950    46     3.018
1950    47     3.019
1950    48     3.020
1950    49     3.020
1950    50     3.020
1950    51     3.020
1950    52     3.020
1950    53     3.020
1950    54     3.020
1950    55     3.020
1951    12     0.000
1951    13     0.000
1951    14     0.000
1951    15     0.005
1951    16     0.019
1951    17     0.058
1951    18     0.134
1951    19     0.259
1951    20     0.429
1951    21     0.624
1951    22     0.834
1951    23     1.047
1951    24     1.261
1951    25     1.469
1951    26     1.669
1951    27     1.857
1951    28     2.025
1951    29     2.188
1951    30     2.334
1951    31     2.467
1951    32     2.584
1951    33     2.689
1951    34     2.781
1951    35     2.861
1951    36     2.933
1951    37     2.994
1951    38     3.045
1951    39     3.089
1951    40     3.124
1951    41     3.151
1951    42     3.170
1951    43     3.184
1951    44     3.192
1951    45     3.197
1951    46     3.200
1951    47     3.201
1951    48     3.202
1951    49     3.202
1951    50     3.202
1951    51     3.202
1951    52     3.203
1951    53     3.203
1951    54     3.203
1951    55     3.203
1952    12     0.000
1952    13     0.000
1952    14     0.000
1952    15     0.005
1952    16     0.018
1952    17     0.056
1952    18     0.132
1952    19     0.256
1952    20     0.427
1952    21     0.627
1952    22     0.842
1952    23     1.066
1952    24     1.285
1952    25     1.499
1952    26     1.706
1952    27     1.899
1952    28     2.075
1952    29     2.246
1952    30     2.397
1952    31     2.536
1952    32     2.656
1952    33     2.772
1952    34     2.866
1952    35     2.950
1952    36     3.023
1952    37     3.085
1952    38     3.139
1952    39     3.185
1952    40     3.222
1952    41     3.250
1952    42     3.268
1952    43     3.283
1952    44     3.292
1952    45     3.297
1952    46     3.299
1952    47     3.301
1952    48     3.301
1952    49     3.301
1952    50     3.302
1952    51     3.302
1952    52     3.302
1952    53     3.302
1952    54     3.302
1952    55     3.302
1953    12     0.000
1953    13     0.000
1953    14     0.000
1953    15     0.005
1953    16     0.018
1953    17     0.057
1953    18     0.135
1953    19     0.264
1953    20     0.442
1953    21     0.650
1953    22     0.872
1953    23     1.099
1953    24     1.331
1953    25     1.546
1953    26     1.758
1953    27     1.953
1953    28     2.131
1953    29     2.303
1953    30     2.459
1953    31     2.598
1953    32     2.717
1953    33     2.832
1953    34     2.932
1953    35     3.016
1953    36     3.091
1953    37     3.154
1953    38     3.208
1953    39     3.255
1953    40     3.292
1953    41     3.320
1953    42     3.339
1953    43     3.353
1953    44     3.363
1953    45     3.367
1953    46     3.370
1953    47     3.371
1953    48     3.372
1953    49     3.372
1953    50     3.372
1953    51     3.372
1953    52     3.372
1953    53     3.372
1953    54     3.372
1953    55     3.372
1954    12     0.000
1954    13     0.000
1954    14     0.000
1954    15     0.005
1954    16     0.020
1954    17     0.060
1954    18     0.140
1954    19     0.270
1954    20     0.456
1954    21     0.673
1954    22     0.907
1954    23     1.148
1954    24     1.387
1954    25     1.618
1954    26     1.833
1954    27     2.032
1954    28     2.216
1954    29     2.391
1954    30     2.551
1954    31     2.697
1954    32     2.819
1954    33     2.935
1954    34     3.037
1954    35     3.128
1954    36     3.203
1954    37     3.270
1954    38     3.325
1954    39     3.373
1954    40     3.411
1954    41     3.440
1954    42     3.459
1954    43     3.474
1954    44     3.483
1954    45     3.489
1954    46     3.491
1954    47     3.493
1954    48     3.493
1954    49     3.493
1954    50     3.493
1954    51     3.494
1954    52     3.494
1954    53     3.494
1954    54     3.494
1954    55     3.494
1955    12     0.000
1955    13     0.000
1955    14     0.000
1955    15     0.005
1955    16     0.020
1955    17     0.060
1955    18     0.140
1955    19     0.270
1955    20     0.456
1955    21     0.679
1955    22     0.920
1955    23     1.169
1955    24     1.415
1955    25     1.650
1955    26     1.875
1955    27     2.074
1955    28     2.258
1955    29     2.435
1955    30     2.594
1955    31     2.740
1955    32     2.864
1955    33     2.979
1955    34     3.080
1955    35     3.169
1955    36     3.249
1955    37     3.313
1955    38     3.369
1955    39     3.417
1955    40     3.456
1955    41     3.485
1955    42     3.504
1955    43     3.519
1955    44     3.528
1955    45     3.533
1955    46     3.536
1955    47     3.537
1955    48     3.538
1955    49     3.538
1955    50     3.538
1955    51     3.538
1955    52     3.538
1955    53     3.538
1955    54     3.538
1955    55     3.538
1956    12     0.000
1956    13     0.000
1956    14     0.000
1956    15     0.005
1956    16     0.020
1956    17     0.063
1956    18     0.147
1956    19     0.285
1956    20     0.481
1956    21     0.714
1956    22     0.968
1956    23     1.229
1956    24     1.487
1956    25     1.732
1956    26     1.965
1956    27     2.176
1956    28     2.359
1956    29     2.539
1956    30     2.700
1956    31     2.847
1956    32     2.973
1956    33     3.092
1956    34     3.192
1956    35     3.281
1956    36     3.360
1956    37     3.429
1956    38     3.483
1956    39     3.534
1956    40     3.570
1956    41     3.600
1956    42     3.619
1956    43     3.634
1956    44     3.644
1956    45     3.649
1956    46     3.651
1956    47     3.653
1956    48     3.653
1956    49     3.653
1956    50     3.654
1956    51     3.654
1956    52     3.654
1956    53     3.654
1956    54     3.654
1956    55     3.654
1957    12     0.000
1957    13     0.000
1957    14     0.000
1957    15     0.005
1957    16     0.020
1957    17     0.063
1957    18     0.151
1957    19     0.292
1957    20     0.495
1957    21     0.732
1957    22     0.992
1957    23     1.261
1957    24     1.527
1957    25     1.780
1957    26     2.019
1957    27     2.234
1957    28     2.429
1957    29     2.608
1957    30     2.773
1957    31     2.922
1957    32     3.048
1957    33     3.168
1957    34     3.272
1957    35     3.362
1957    36     3.441
1957    37     3.509
1957    38     3.567
1957    39     3.615
1957    40     3.654
1957    41     3.684
1957    42     3.703
1957    43     3.719
1957    44     3.728
1957    45     3.733
1957    46     3.736
1957    47     3.737
1957    48     3.738
1957    49     3.738
1957    50     3.738
1957    51     3.738
1957    52     3.738
1957    53     3.738
1957    54     3.738
1957    55     3.738
1958    12     0.000
1958    13     0.000
1958    14     0.000
1958    15     0.005
1958    16     0.019
1958    17     0.059
1958    18     0.143
1958    19     0.283
1958    20     0.484
1958    21     0.721
1958    22     0.977
1958    23     1.243
1958    24     1.508
1958    25     1.761
1958    26     1.999
1958    27     2.213
1958    28     2.406
1958    29     2.587
1958    30     2.747
1958    31     2.894
1958    32     3.018
1958    33     3.134
1958    34     3.235
1958    35     3.324
1958    36     3.401
1958    37     3.466
1958    38     3.522
1958    39     3.572
1958    40     3.609
1958    41     3.638
1958    42     3.656
1958    43     3.671
1958    44     3.680
1958    45     3.685
1958    46     3.687
1958    47     3.688
1958    48     3.689
1958    49     3.689
1958    50     3.689
1958    51     3.689
1958    52     3.689
1958    53     3.689
1958    54     3.689
1958    55     3.689
1959    12     0.000
1959    13     0.000
1959    14     0.000
1959    15     0.005
1959    16     0.019
1959    17     0.059
1959    18     0.138
1959    19     0.275
1959    20     0.477
1959    21     0.719
1959    22     0.978
1959    23     1.239
1959    24     1.505
1959    25     1.760
1959    26     1.998
1959    27     2.214
1959    28     2.408
1959    29     2.587
1959    30     2.752
1959    31     2.898
1959    32     3.022
1959    33     3.137
1959    34     3.236
1959    35     3.324
1959    36     3.401
1959    37     3.466
1959    38     3.520
1959    39     3.569
1959    40     3.609
1959    41     3.637
1959    42     3.656
1959    43     3.670
1959    44     3.679
1959    45     3.684
1959    46     3.687
1959    47     3.688
1959    48     3.689
1959    49     3.689
1959    50     3.689
1959    51     3.689
1959    52     3.689
1959    53     3.689
1959    54     3.689
1959    55     3.689
1960    12     0.000
1960    13     0.000
1960    14     0.000
1960    15     0.005
1960    16     0.019
1960    17     0.059
1960    18     0.135
1960    19     0.266
1960    20     0.465
1960    21     0.700
1960    22     0.958
1960    23     1.225
1960    24     1.489
1960    25     1.744
1960    26     1.984
1960    27     2.201
1960    28     2.395
1960    29     2.575
1960    30     2.737
1960    31     2.885
1960    32     3.007
1960    33     3.121
1960    34     3.219
1960    35     3.305
1960    36     3.383
1960    37     3.448
1960    38     3.501
1960    39     3.549
1960    40     3.587
1960    41     3.616
1960    42     3.635
1960    43     3.649
1960    44     3.658
1960    45     3.663
1960    46     3.665
1960    47     3.666
1960    48     3.667
1960    49     3.667
1960    50     3.667
1960    51     3.667
1960    52     3.667
1960    53     3.667
1960    54     3.667
1960    55     3.667
1961    12     0.000
1961    13     0.000
1961    14     0.000
1961    15     0.004
1961    16     0.018
1961    17     0.057
1961    18     0.134
1961    19     0.260
1961    20     0.452
1961    21     0.682
1961    22     0.936
1961    23     1.197
1961    24     1.461
1961    25     1.711
1961    26     1.946
1961    27     2.164
1961    28     2.359
1961    29     2.536
1961    30     2.697
1961    31     2.842
1961    32     2.970
1961    33     3.081
1961    34     3.181
1961    35     3.266
1961    36     3.342
1961    37     3.407
1961    38     3.462
1961    39     3.508
1961    40     3.545
1961    41     3.574
1961    42     3.594
1961    43     3.608
1961    44     3.617
1961    45     3.621
1961    46     3.624
1961    47     3.625
1961    48     3.626
1961    49     3.626
1961    50     3.626
1961    51     3.626
1961    52     3.626
1961    53     3.626
1961    54     3.626
1961    55     3.626
1962    12     0.000
1962    13     0.000
1962    14     0.000
1962    15     0.004
1962    16     0.016
1962    17     0.053
1962    18     0.127
1962    19     0.249
1962    20     0.431
1962    21     0.649
1962    22     0.894
1962    23     1.147
1962    24     1.400
1962    25     1.641
1962    26     1.867
1962    27     2.076
1962    28     2.268
1962    29     2.440
1962    30     2.593
1962    31     2.729
1962    32     2.851
1962    33     2.963
1962    34     3.056
1962    35     3.139
1962    36     3.210
1962    37     3.272
1962    38     3.324
1962    39     3.368
1962    40     3.403
1962    41     3.430
1962    42     3.449
1962    43     3.463
1962    44     3.471
1962    45     3.476
1962    46     3.479
1962    47     3.480
1962    48     3.480
1962    49     3.480
1962    50     3.480
1962    51     3.480
1962    52     3.480
1962    53     3.481
1962    54     3.481
1962    55     3.481
1963    12     0.000
1963    13     0.000
1963    14     0.000
1963    15     0.004
1963    16     0.017
1963    17     0.050
1963    18     0.122
1963    19     0.240
1963    20     0.417
1963    21     0.623
1963    22     0.855
1963    23     1.096
1963    24     1.340
1963    25     1.570
1963    26     1.788
1963    27     1.989
1963    28     2.173
1963    29     2.342
1963    30     2.492
1963    31     2.624
1963    32     2.740
1963    33     2.849
1963    34     2.943
1963    35     3.023
1963    36     3.093
1963    37     3.152
1963    38     3.202
1963    39     3.246
1963    40     3.280
1963    41     3.305
1963    42     3.323
1963    43     3.337
1963    44     3.346
1963    45     3.350
1963    46     3.352
1963    47     3.353
1963    48     3.354
1963    49     3.354
1963    50     3.354
1963    51     3.354
1963    52     3.354
1963    53     3.354
1963    54     3.354
1963    55     3.354
1964    12     0.000
1964    13     0.000
1964    14     0.000
1964    15     0.004
1964    16     0.017
1964    17     0.051
1964    18     0.116
1964    19     0.230
1964    20     0.397
1964    21     0.593
1964    22     0.811
1964    23     1.040
1964    24     1.270
1964    25     1.490
1964    26     1.698
1964    27     1.892
1964    28     2.070
1964    29     2.233
1964    30     2.381
1964    31     2.510
1964    32     2.622
1964    33     2.726
1964    34     2.818
1964    35     2.899
1964    36     2.966
1964    37     3.024
1964    38     3.074
1964    39     3.115
1964    40     3.149
1964    41     3.175
1964    42     3.192
1964    43     3.205
1964    44     3.213
1964    45     3.218
1964    46     3.220
1964    47     3.221
1964    48     3.222
1964    49     3.222
1964    50     3.222
1964    51     3.222
1964    52     3.222
1964    53     3.222
1964    54     3.222
1964    55     3.222
1965    12     0.000
1965    13     0.000
1965    14     0.000
1965    15     0.004
1965    16     0.017
1965    17     0.050
1965    18     0.114
1965    19     0.217
1965    20     0.370
1965    21     0.546
1965    22     0.742
1965    23     0.946
1965    24     1.154
1965    25     1.350
1965    26     1.539
1965    27     1.714
1965    28     1.875
1965    29     2.022
1965    30     2.154
1965    31     2.272
1965    32     2.375
1965    33     2.470
1965    34     2.553
1965    35     2.626
1965    36     2.690
1965    37     2.743
1965    38     2.788
1965    39     2.827
1965    40     2.858
1965    41     2.882
1965    42     2.899
1965    43     2.910
1965    44     2.918
1965    45     2.922
1965    46     2.924
1965    47     2.925
1965    48     2.926
1965    49     2.926
1965    50     2.926
1965    51     2.926
1965    52     2.926
1965    53     2.926
1965    54     2.926
1965    55     2.926
1966    12     0.000
1966    13     0.000
1966    14     0.000
1966    15     0.004
1966    16     0.017
1966    17     0.050
1966    18     0.112
1966    19     0.213
1966    20     0.356
1966    21     0.523
1966    22     0.707
1966    23     0.899
1966    24     1.095
1966    25     1.280
1966    26     1.455
1966    27     1.618
1966    28     1.763
1966    29     1.897
1966    30     2.016
1966    31     2.122
1966    32     2.217
1966    33     2.301
1966    34     2.376
1966    35     2.441
1966    36     2.498
1966    37     2.548
1966    38     2.588
1966    39     2.624
1966    40     2.651
1966    41     2.673
1966    42     2.688
1966    43     2.699
1966    44     2.706
1966    45     2.710
1966    46     2.712
1966    47     2.713
1966    48     2.713
1966    49     2.714
1966    50     2.714
1966    51     2.714
1966    52     2.714
1966    53     2.714
1966    54     2.714
1966    55     2.714
1967    12     0.000
1967    13     0.000
1967    14     0.000
1967    15     0.005
1967    16     0.017
1967    17     0.050
1967    18     0.112
1967    19     0.208
1967    20     0.344
1967    21     0.499
1967    22     0.673
1967    23     0.854
1967    24     1.042
1967    25     1.219
1967    26     1.388
1967    27     1.545
1967    28     1.685
1967    29     1.810
1967    30     1.923
1967    31     2.020
1967    32     2.108
1967    33     2.186
1967    34     2.255
1967    35     2.315
1967    36     2.367
1967    37     2.411
1967    38     2.450
1967    39     2.482
1967    40     2.507
1967    41     2.527
1967    42     2.540
1967    43     2.551
1967    44     2.557
1967    45     2.560
1967    46     2.562
1967    47     2.563
1967    48     2.564
1967    49     2.564
1967    50     2.564
1967    51     2.564
1967    52     2.564
1967    53     2.564
1967    54     2.564
1967    55     2.564
1968    12     0.000
1968    13     0.000
1968    14     0.001
1968    15     0.005
1968    16     0.018
1968    17     0.051
1968    18     0.111
1968    19     0.207
1968    20     0.338
1968    21     0.487
1968    22     0.652
1968    23     0.826
1968    24     1.003
1968    25     1.176
1968    26     1.343
1968    27     1.498
1968    28     1.637
1968    29     1.761
1968    30     1.870
1968    31     1.963
1968    32     2.045
1968    33     2.119
1968    34     2.182
1968    35     2.238
1968    36     2.287
1968    37     2.328
1968    38     2.363
1968    39     2.393
1968    40     2.416
1968    41     2.434
1968    42     2.446
1968    43     2.455
1968    44     2.461
1968    45     2.464
1968    46     2.466
1968    47     2.467
1968    48     2.467
1968    49     2.467
1968    50     2.467
1968    51     2.467
1968    52     2.467
1968    53     2.467
1968    54     2.467
1968    55     2.467
1969    12     0.000
1969    13     0.000
1969    14     0.001
1969    15     0.005
1969    16     0.019
1969    17     0.053
1969    18     0.114
1969    19     0.209
1969    20     0.338
1969    21     0.484
1969    22     0.648
1969    23     0.821
1969    24     1.000
1969    25     1.170
1969    26     1.338
1969    27     1.498
1969    28     1.640
1969    29     1.768
1969    30     1.879
1969    31     1.972
1969    32     2.055
1969    33     2.128
1969    34     2.190
1969    35     2.244
1969    36     2.291
1969    37     2.329
1969    38     2.361
1969    39     2.388
1969    40     2.410
1969    41     2.427
1969    42     2.438
1969    43     2.446
1969    44     2.451
1969    45     2.454
1969    46     2.456
1969    47     2.457
1969    48     2.457
1969    49     2.457
1969    50     2.457
1969    51     2.457
1969    52     2.457
1969    53     2.457
1969    54     2.457
1969    55     2.457
1970    12     0.000
1970    13     0.000
1970    14     0.001
1970    15     0.006
1970    16     0.021
1970    17     0.058
1970    18     0.123
1970    19     0.221
1970    20     0.350
1970    21     0.496
1970    22     0.659
1970    23     0.831
1970    24     1.008
1970    25     1.181
1970    26     1.349
1970    27     1.509
1970    28     1.654
1970    29     1.784
1970    30     1.898
1970    31     1.992
1970    32     2.075
1970    33     2.147
1970    34     2.207
1970    35     2.259
1970    36     2.304
1970    37     2.341
1970    38     2.371
1970    39     2.397
1970    40     2.417
1970    41     2.433
1970    42     2.443
1970    43     2.451
1970    44     2.456
1970    45     2.458
1970    46     2.460
1970    47     2.460
1970    48     2.461
1970    49     2.461
1970    50     2.461
1970    51     2.461
1970    52     2.461
1970    53     2.461
1970    54     2.461
1970    55     2.461
1971    12     0.000
1971    13     0.000
1971    14     0.001
1971    15     0.006
1971    16     0.021
1971    17     0.058
1971    18     0.121
1971    19     0.213
1971    20     0.332
1971    21     0.464
1971    22     0.611
1971    23     0.767
1971    24     0.931
1971    25     1.088
1971    26     1.245
1971    27     1.392
1971    28     1.527
1971    29     1.648
1971    30     1.754
1971    31     1.842
1971    32     1.919
1971    33     1.985
1971    34     2.041
1971    35     2.087
1971    36     2.128
1971    37     2.162
1971    38     2.189
1971    39     2.213
1971    40     2.230
1971    41     2.244
1971    42     2.253
1971    43     2.260
1971    44     2.264
1971    45     2.266
1971    46     2.267
1971    47     2.268
1971    48     2.268
1971    49     2.268
1971    50     2.268
1971    51     2.268
1971    52     2.268
1971    53     2.268
1971    54     2.268
1971    55     2.268
1972    12     0.000
1972    13     0.000
1972    14     0.001
1972    15     0.006
1972    16     0.022
1972    17     0.060
1972    18     0.124
1972    19     0.212
1972    20     0.318
1972    21     0.434
1972    22     0.559
1972    23     0.692
1972    24     0.832
1972    25     0.969
1972    26     1.106
1972    27     1.238
1972    28     1.356
1972    29     1.463
1972    30     1.557
1972    31     1.635
1972    32     1.703
1972    33     1.762
1972    34     1.811
1972    35     1.851
1972    36     1.885
1972    37     1.915
1972    38     1.940
1972    39     1.960
1972    40     1.975
1972    41     1.987
1972    42     1.995
1972    43     2.001
1972    44     2.004
1972    45     2.006
1972    46     2.007
1972    47     2.008
1972    48     2.008
1972    49     2.008
1972    50     2.008
1972    51     2.008
1972    52     2.008
1972    53     2.008
1972    54     2.008
1972    55     2.008
1973    12     0.000
1973    13     0.000
1973    14     0.001
1973    15     0.006
1973    16     0.023
1973    17     0.060
1973    18     0.123
1973    19     0.207
1973    20     0.305
1973    21     0.412
1973    22     0.528
1973    23     0.650
1973    24     0.779
1973    25     0.905
1973    26     1.033
1973    27     1.157
1973    28     1.270
1973    29     1.372
1973    30     1.460
1973    31     1.533
1973    32     1.597
1973    33     1.650
1973    34     1.696
1973    35     1.732
1973    36     1.763
1973    37     1.789
1973    38     1.811
1973    39     1.828
1973    40     1.842
1973    41     1.852
1973    42     1.859
1973    43     1.865
1973    44     1.868
1973    45     1.869
1973    46     1.870
1973    47     1.871
1973    48     1.871
1973    49     1.871
1973    50     1.871
1973    51     1.871
1973    52     1.871
1973    53     1.871
1973    54     1.871
1973    55     1.871
1974    12     0.000
1974    13     0.000
1974    14     0.001
1974    15     0.006
1974    16     0.022
1974    17     0.058
1974    18     0.118
1974    19     0.199
1974    20     0.295
1974    21     0.400
1974    22     0.514
1974    23     0.635
1974    24     0.761
1974    25     0.885
1974    26     1.011
1974    27     1.134
1974    28     1.247
1974    29     1.351
1974    30     1.436
1974    31     1.508
1974    32     1.570
1974    33     1.623
1974    34     1.666
1974    35     1.701
1974    36     1.730
1974    37     1.754
1974    38     1.773
1974    39     1.789
1974    40     1.802
1974    41     1.811
1974    42     1.817
1974    43     1.822
1974    44     1.824
1974    45     1.826
1974    46     1.827
1974    47     1.827
1974    48     1.827
1974    49     1.827
1974    50     1.827
1974    51     1.827
1974    52     1.827
1974    53     1.827
1974    54     1.827
1974    55     1.827
1975    12     0.000
1975    13     0.000
1975    14     0.001
1975    15     0.006
1975    16     0.022
1975    17     0.057
1975    18     0.114
1975    19     0.192
1975    20     0.284
1975    21     0.386
1975    22     0.495
1975    23     0.611
1975    24     0.732
1975    25     0.852
1975    26     0.973
1975    27     1.091
1975    28     1.201
1975    29     1.302
1975    30     1.388
1975    31     1.459
1975    32     1.520
1975    33     1.571
1975    34     1.614
1975    35     1.648
1975    36     1.677
1975    37     1.699
1975    38     1.718
1975    39     1.733
1975    40     1.744
1975    41     1.753
1975    42     1.759
1975    43     1.763
1975    44     1.766
1975    45     1.767
1975    46     1.768
1975    47     1.769
1975    48     1.769
1975    49     1.769
1975    50     1.769
1975    51     1.769
1975    52     1.769
1975    53     1.769
1975    54     1.769
1975    55     1.769
1976    12     0.000
1976    13     0.000
1976    14     0.001
1976    15     0.006
1976    16     0.021
1976    17     0.055
1976    18     0.108
1976    19     0.182
1976    20     0.270
1976    21     0.367
1976    22     0.474
1976    23     0.587
1976    24     0.705
1976    25     0.822
1976    26     0.941
1976    27     1.058
1976    28     1.167
1976    29     1.270
1976    30     1.357
1976    31     1.432
1976    32     1.494
1976    33     1.546
1976    34     1.588
1976    35     1.622
1976    36     1.650
1976    37     1.673
1976    38     1.691
1976    39     1.706
1976    40     1.716
1976    41     1.724
1976    42     1.730
1976    43     1.734
1976    44     1.736
1976    45     1.738
1976    46     1.738
1976    47     1.739
1976    48     1.739
1976    49     1.739
1976    50     1.739
1976    51     1.739
1976    52     1.739
1976    53     1.739
1976    54     1.739
1976    55     1.739
1977    12     0.000
1977    13     0.000
1977    14     0.001
1977    15     0.006
1977    16     0.020
1977    17     0.053
1977    18     0.107
1977    19     0.180
1977    20     0.269
1977    21     0.368
1977    22     0.478
1977    23     0.593
1977    24     0.714
1977    25     0.835
1977    26     0.957
1977    27     1.078
1977    28     1.190
1977    29     1.297
1977    30     1.389
1977    31     1.466
1977    32     1.533
1977    33     1.587
1977    34     1.632
1977    35     1.666
1977    36     1.695
1977    37     1.718
1977    38     1.736
1977    39     1.750
1977    40     1.761
1977    41     1.769
1977    42     1.774
1977    43     1.778
1977    44     1.780
1977    45     1.782
1977    46     1.782
1977    47     1.783
1977    48     1.783
1977    49     1.783
1977    50     1.783
1977    51     1.783
1977    52     1.783
1977    53     1.783
1977    54     1.783
1977    55     1.783
1978    12     0.000
1978    13     0.000
1978    14     0.001
1978    15     0.005
1978    16     0.019
1978    17     0.050
1978    18     0.102
1978    19     0.174
1978    20     0.261
1978    21     0.358
1978    22     0.465
1978    23     0.578
1978    24     0.694
1978    25     0.812
1978    26     0.930
1978    27     1.048
1978    28     1.158
1978    29     1.264
1978    30     1.353
1978    31     1.432
1978    32     1.499
1978    33     1.555
1978    34     1.600
1978    35     1.635
1978    36     1.663
1978    37     1.685
1978    38     1.703
1978    39     1.717
1978    40     1.727
1978    41     1.734
1978    42     1.739
1978    43     1.743
1978    44     1.745
1978    45     1.746
1978    46     1.747
1978    47     1.747
1978    48     1.747
1978    49     1.747
1978    50     1.747
1978    51     1.747
1978    52     1.747
1978    53     1.747
1978    54     1.747
1978    55     1.747
1979    12     0.000
1979    13     0.000
1979    14     0.001
1979    15     0.006
1979    16     0.020
1979    17     0.051
1979    18     0.102
1979    19     0.174
1979    20     0.264
1979    21     0.364
1979    22     0.472
1979    23     0.588
1979    24     0.708
1979    25     0.829
1979    26     0.950
1979    27     1.069
1979    28     1.183
1979    29     1.292
1979    30     1.385
1979    31     1.466
1979    32     1.536
1979    33     1.594
1979    34     1.642
1979    35     1.679
1979    36     1.709
1979    37     1.732
1979    38     1.750
1979    39     1.764
1979    40     1.774
1979    41     1.782
1979    42     1.787
1979    43     1.790
1979    44     1.792
1979    45     1.794
1979    46     1.794
1979    47     1.795
1979    48     1.795
1979    49     1.795
1979    50     1.795
1979    51     1.795
1979    52     1.795
1979    53     1.795
1979    54     1.795
1979    55     1.795
1980    12     0.000
1980    13     0.000
1980    14     0.001
1980    15     0.006
1980    16     0.020
1980    17     0.051
1980    18     0.103
1980    19     0.176
1980    20     0.267
1980    21     0.370
1980    22     0.482
1980    23     0.599
1980    24     0.720
1980    25     0.841
1980    26     0.963
1980    27     1.083
1980    28     1.196
1980    29     1.308
1980    30     1.402
1980    31     1.485
1980    32     1.557
1980    33     1.617
1980    34     1.665
1980    35     1.704
1980    36     1.735
1980    37     1.759
1980    38     1.777
1980    39     1.791
1980    40     1.802
1980    41     1.809
1980    42     1.814
1980    43     1.817
1980    44     1.819
1980    45     1.820
1980    46     1.821
1980    47     1.821
1980    48     1.821
1980    49     1.821
1980    50     1.821
1980    51     1.821
1980    52     1.821
1980    53     1.821
1980    54     1.821
1980    55     1.821
1981    12     0.000
1981    13     0.000
1981    14     0.001
1981    15     0.005
1981    16     0.019
1981    17     0.050
1981    18     0.100
1981    19     0.172
1981    20     0.260
1981    21     0.359
1981    22     0.470
1981    23     0.584
1981    24     0.702
1981    25     0.822
1981    26     0.941
1981    27     1.060
1981    28     1.173
1981    29     1.283
1981    30     1.379
1981    31     1.463
1981    32     1.537
1981    33     1.598
1981    34     1.648
1981    35     1.687
1981    36     1.720
1981    37     1.744
1981    38     1.762
1981    39     1.776
1981    40     1.786
1981    41     1.793
1981    42     1.798
1981    43     1.802
1981    44     1.804
1981    45     1.805
1981    46     1.805
1981    47     1.806
1981    48     1.806
1981    49     1.806
1981    50     1.806
1981    51     1.806
1981    52     1.806
1981    53     1.806
1981    54     1.806
1981    55     1.806
1982    12     0.000
1982    13     0.000
1982    14     0.001
1982    15     0.006
1982    16     0.019
1982    17     0.050
1982    18     0.101
1982    19     0.172
1982    20     0.259
1982    21     0.358
1982    22     0.467
1982    23     0.582
1982    24     0.700
1982    25     0.818
1982    26     0.937
1982    27     1.054
1982    28     1.167
1982    29     1.278
1982    30     1.373
1982    31     1.459
1982    32     1.534
1982    33     1.597
1982    34     1.650
1982    35     1.691
1982    36     1.725
1982    37     1.751
1982    38     1.770
1982    39     1.785
1982    40     1.795
1982    41     1.802
1982    42     1.807
1982    43     1.811
1982    44     1.812
1982    45     1.814
1982    46     1.814
1982    47     1.814
1982    48     1.815
1982    49     1.815
1982    50     1.815
1982    51     1.815
1982    52     1.815
1982    53     1.815
1982    54     1.815
1982    55     1.815
1983    12     0.000
1983    13     0.000
1983    14     0.001
1983    15     0.005
1983    16     0.019
1983    17     0.050
1983    18     0.100
1983    19     0.170
1983    20     0.254
1983    21     0.349
1983    22     0.454
1983    23     0.564
1983    24     0.679
1983    25     0.793
1983    26     0.909
1983    27     1.024
1983    28     1.134
1983    29     1.243
1983    30     1.336
1983    31     1.423
1983    32     1.499
1983    33     1.563
1983    34     1.616
1983    35     1.659
1983    36     1.693
1983    37     1.719
1983    38     1.739
1983    39     1.754
1983    40     1.764
1983    41     1.771
1983    42     1.776
1983    43     1.780
1983    44     1.782
1983    45     1.783
1983    46     1.783
1983    47     1.784
1983    48     1.784
1983    49     1.784
1983    50     1.784
1983    51     1.784
1983    52     1.784
1983    53     1.784
1983    54     1.784
1983    55     1.784
1984    12     0.000
1984    13     0.000
1984    14     0.001
1984    15     0.005
1984    16     0.019
1984    17     0.049
1984    18     0.098
1984    19     0.168
1984    20     0.252
1984    21     0.347
1984    22     0.450
1984    23     0.559
1984    24     0.672
1984    25     0.787
1984    26     0.901
1984    27     1.015
1984    28     1.125
1984    29     1.235
1984    30     1.330
1984    31     1.418
1984    32     1.496
1984    33     1.562
1984    34     1.618
1984    35     1.663
1984    36     1.698
1984    37     1.726
1984    38     1.746
1984    39     1.763
1984    40     1.773
1984    41     1.781
1984    42     1.785
1984    43     1.789
1984    44     1.791
1984    45     1.792
1984    46     1.792
1984    47     1.793
1984    48     1.793
1984    49     1.793
1984    50     1.793
1984    51     1.793
1984    52     1.793
1984    53     1.793
1984    54     1.793
1984    55     1.793
1985    12     0.000
1985    13     0.000
1985    14     0.001
1985    15     0.006
1985    16     0.019
1985    17     0.049
1985    18     0.099
1985    19     0.171
1985    20     0.257
1985    21     0.354
1985    22     0.459
1985    23     0.569
1985    24     0.684
1985    25     0.799
1985    26     0.916
1985    27     1.032
1985    28     1.145
1985    29     1.257
1985    30     1.354
1985    31     1.444
1985    32     1.523
1985    33     1.592
1985    34     1.651
1985    35     1.697
1985    36     1.736
1985    37     1.765
1985    38     1.787
1985    39     1.804
1985    40     1.815
1985    41     1.823
1985    42     1.828
1985    43     1.831
1985    44     1.833
1985    45     1.834
1985    46     1.835
1985    47     1.835
1985    48     1.835
1985    49     1.835
1985    50     1.835
1985    51     1.835
1985    52     1.835
1985    53     1.835
1985    54     1.835
1985    55     1.835
1986    12     0.000
1986    13     0.000
1986    14     0.001
1986    15     0.006
1986    16     0.020
1986    17     0.050
1986    18     0.098
1986    19     0.170
1986    20     0.256
1986    21     0.353
1986    22     0.457
1986    23     0.567
1986    24     0.680
1986    25     0.793
1986    26     0.908
1986    27     1.023
1986    28     1.135
1986    29     1.246
1986    30     1.343
1986    31     1.433
1986    32     1.514
1986    33     1.584
1986    34     1.643
1986    35     1.691
1986    36     1.731
1986    37     1.762
1986    38     1.785
1986    39     1.803
1986    40     1.814
1986    41     1.823
1986    42     1.828
1986    43     1.831
1986    44     1.833
1986    45     1.834
1986    46     1.835
1986    47     1.835
1986    48     1.835
1986    49     1.835
1986    50     1.835
1986    51     1.835
1986    52     1.835
1986    53     1.835
1986    54     1.835
1986    55     1.835
1987    12     0.000
1987    13     0.000
1987    14     0.001
1987    15     0.006
1987    16     0.021
1987    17     0.052
1987    18     0.101
1987    19     0.171
1987    20     0.257
1987    21     0.353
1987    22     0.457
1987    23     0.568
1987    24     0.682
1987    25     0.795
1987    26     0.911
1987    27     1.027
1987    28     1.141
1987    29     1.255
1987    30     1.354
1987    31     1.446
1987    32     1.529
1987    33     1.601
1987    34     1.663
1987    35     1.713
1987    36     1.754
1987    37     1.787
1987    38     1.812
1987    39     1.831
1987    40     1.843
1987    41     1.852
1987    42     1.857
1987    43     1.861
1987    44     1.863
1987    45     1.864
1987    46     1.865
1987    47     1.865
1987    48     1.865
1987    49     1.865
1987    50     1.865
1987    51     1.865
1987    52     1.865
1987    53     1.865
1987    54     1.865
1987    55     1.865
1988    12     0.000
1988    13     0.000
1988    14     0.001
1988    15     0.007
1988    16     0.022
1988    17     0.054
1988    18     0.105
1988    19     0.177
1988    20     0.265
1988    21     0.363
1988    22     0.470
1988    23     0.582
1988    24     0.698
1988    25     0.814
1988    26     0.933
1988    27     1.051
1988    28     1.167
1988    29     1.286
1988    30     1.387
1988    31     1.482
1988    32     1.567
1988    33     1.643
1988    34     1.707
1988    35     1.760
1988    36     1.803
1988    37     1.838
1988    38     1.864
1988    39     1.885
1988    40     1.898
1988    41     1.908
1988    42     1.914
1988    43     1.918
1988    44     1.920
1988    45     1.921
1988    46     1.921
1988    47     1.922
1988    48     1.922
1988    49     1.922
1988    50     1.922
1988    51     1.922
1988    52     1.922
1988    53     1.922
1988    54     1.922
1988    55     1.922
1989    12     0.000
1989    13     0.000
1989    14     0.002
1989    15     0.007
1989    16     0.024
1989    17     0.059
1989    18     0.114
1989    19     0.191
1989    20     0.283
1989    21     0.385
1989    22     0.495
1989    23     0.612
1989    24     0.731
1989    25     0.850
1989    26     0.972
1989    27     1.094
1989    28     1.214
1989    29     1.334
1989    30     1.439
1989    31     1.537
1989    32     1.626
1989    33     1.703
1989    34     1.770
1989    35     1.825
1989    36     1.871
1989    37     1.908
1989    38     1.936
1989    39     1.958
1989    40     1.973
1989    41     1.983
1989    42     1.989
1989    43     1.993
1989    44     1.996
1989    45     1.997
1989    46     1.998
1989    47     1.998
1989    48     1.998
1989    49     1.998
1989    50     1.998
1989    51     1.998
1989    52     1.998
1989    53     1.998
1989    54     1.998
1989    55     1.998
1990    12     0.000
1990    13     0.000
1990    14     0.001
1990    15     0.007
1990    16     0.024
1990    17     0.060
1990    18     0.119
1990    19     0.201
1990    20     0.298
1990    21     0.404
1990    22     0.516
1990    23     0.636
1990    24     0.759
1990    25     0.880
1990    26     1.004
1990    27     1.130
1990    28     1.252
1990    29     1.375
1990    30     1.483
1990    31     1.585
1990    32     1.677
1990    33     1.758
1990    34     1.827
1990    35     1.885
1990    36     1.933
1990    37     1.972
1990    38     2.002
1990    39     2.025
1990    40     2.040
1990    41     2.051
1990    42     2.058
1990    43     2.063
1990    44     2.065
1990    45     2.066
1990    46     2.067
1990    47     2.067
1990    48     2.067
1990    49     2.067
1990    50     2.068
1990    51     2.068
1990    52     2.068
1990    53     2.068
1990    54     2.068
1990    55     2.068
1991    12     0.000
1991    13     0.000
1991    14     0.001
1991    15     0.007
1991    16     0.025
1991    17     0.062
1991    18     0.122
1991    19     0.208
1991    20     0.309
1991    21     0.417
1991    22     0.531
1991    23     0.648
1991    24     0.768
1991    25     0.886
1991    26     1.007
1991    27     1.128
1991    28     1.247
1991    29     1.368
1991    30     1.474
1991    31     1.573
1991    32     1.665
1991    33     1.745
1991    34     1.813
1991    35     1.870
1991    36     1.918
1991    37     1.957
1991    38     1.988
1991    39     2.012
1991    40     2.028
1991    41     2.039
1991    42     2.047
1991    43     2.051
1991    44     2.054
1991    45     2.055
1991    46     2.056
1991    47     2.056
1991    48     2.056
1991    49     2.056
1991    50     2.056
1991    51     2.056
1991    52     2.056
1991    53     2.056
1991    54     2.056
1991    55     2.056
1992    12     0.000
1992    13     0.000
1992    14     0.001
1992    15     0.007
1992    16     0.024
1992    17     0.061
1992    18     0.120
1992    19     0.205
1992    20     0.305
1992    21     0.414
1992    22     0.527
1992    23     0.643
1992    24     0.758
1992    25     0.874
1992    26     0.992
1992    27     1.110
1992    28     1.228
1992    29     1.347
1992    30     1.454
1992    31     1.553
1992    32     1.645
1992    33     1.725
1992    34     1.794
1992    35     1.852
1992    36     1.900
1992    37     1.940
1992    38     1.971
1992    39     1.995
1992    40     2.012
1992    41     2.024
1992    42     2.032
1992    43     2.037
1992    44     2.039
1992    45     2.041
1992    46     2.041
1992    47     2.042
1992    48     2.042
1992    49     2.042
1992    50     2.042
1992    51     2.042
1992    52     2.042
1992    53     2.042
1992    54     2.042
1992    55     2.042
1993    12     0.000
1993    13     0.000
1993    14     0.001
1993    15     0.007
1993    16     0.025
1993    17     0.061
1993    18     0.120
1993    19     0.203
1993    20     0.302
1993    21     0.409
1993    22     0.521
1993    23     0.635
1993    24     0.747
1993    25     0.858
1993    26     0.972
1993    27     1.088
1993    28     1.202
1993    29     1.318
1993    30     1.425
1993    31     1.524
1993    32     1.616
1993    33     1.696
1993    34     1.766
1993    35     1.825
1993    36     1.873
1993    37     1.914
1993    38     1.945
1993    39     1.970
1993    40     1.987
1993    41     1.999
1993    42     2.007
1993    43     2.012
1993    44     2.015
1993    45     2.017
1993    46     2.017
1993    47     2.018
1993    48     2.018
1993    49     2.018
1993    50     2.018
1993    51     2.018
1993    52     2.018
1993    53     2.018
1993    54     2.018
1993    55     2.018
1994    12     0.000
1994    13     0.000
1994    14     0.001
1994    15     0.007
1994    16     0.024
1994    17     0.061
1994    18     0.119
1994    19     0.201
1994    20     0.299
1994    21     0.404
1994    22     0.514
1994    23     0.626
1994    24     0.737
1994    25     0.845
1994    26     0.955
1994    27     1.068
1994    28     1.180
1994    29     1.294
1994    30     1.399
1994    31     1.499
1994    32     1.592
1994    33     1.673
1994    34     1.744
1994    35     1.803
1994    36     1.853
1994    37     1.894
1994    38     1.926
1994    39     1.951
1994    40     1.969
1994    41     1.982
1994    42     1.990
1994    43     1.995
1994    44     1.998
1994    45     2.000
1994    46     2.001
1994    47     2.001
1994    48     2.001
1994    49     2.001
1994    50     2.001
1994    51     2.001
1994    52     2.001
1994    53     2.001
1994    54     2.001
1994    55     2.001
1995    12     0.000
1995    13     0.000
1995    14     0.001
1995    15     0.007
1995    16     0.023
1995    17     0.058
1995    18     0.114
1995    19     0.194
1995    20     0.289
1995    21     0.392
1995    22     0.499
1995    23     0.610
1995    24     0.719
1995    25     0.826
1995    26     0.933
1995    27     1.042
1995    28     1.152
1995    29     1.265
1995    30     1.370
1995    31     1.469
1995    32     1.563
1995    33     1.645
1995    34     1.717
1995    35     1.777
1995    36     1.828
1995    37     1.869
1995    38     1.902
1995    39     1.928
1995    40     1.946
1995    41     1.959
1995    42     1.968
1995    43     1.973
1995    44     1.977
1995    45     1.978
1995    46     1.979
1995    47     1.979
1995    48     1.980
1995    49     1.980
1995    50     1.980
1995    51     1.980
1995    52     1.980
1995    53     1.980
1995    54     1.980
1995    55     1.980
1996    12     0.000
1996    13     0.000
1996    14     0.001
1996    15     0.006
1996    16     0.021
1996    17     0.053
1996    18     0.106
1996    19     0.182
1996    20     0.276
1996    21     0.377
1996    22     0.484
1996    23     0.595
1996    24     0.705
1996    25     0.813
1996    26     0.920
1996    27     1.030
1996    28     1.138
1996    29     1.250
1996    30     1.356
1996    31     1.455
1996    32     1.550
1996    33     1.634
1996    34     1.707
1996    35     1.769
1996    36     1.821
1996    37     1.864
1996    38     1.898
1996    39     1.924
1996    40     1.943
1996    41     1.957
1996    42     1.966
1996    43     1.972
1996    44     1.975
1996    45     1.977
1996    46     1.977
1996    47     1.978
1996    48     1.978
1996    49     1.978
1996    50     1.978
1996    51     1.978
1996    52     1.978
1996    53     1.978
1996    54     1.978
1996    55     1.978
1997    12     0.000
1997    13     0.000
1997    14     0.001
1997    15     0.005
1997    16     0.019
1997    17     0.049
1997    18     0.100
1997    19     0.173
1997    20     0.264
1997    21     0.364
1997    22     0.469
1997    23     0.580
1997    24     0.690
1997    25     0.799
1997    26     0.907
1997    27     1.017
1997    28     1.125
1997    29     1.235
1997    30     1.341
1997    31     1.441
1997    32     1.535
1997    33     1.620
1997    34     1.695
1997    35     1.759
1997    36     1.811
1997    37     1.855
1997    38     1.890
1997    39     1.917
1997    40     1.936
1997    41     1.950
1997    42     1.960
1997    43     1.966
1997    44     1.969
1997    45     1.971
1997    46     1.972
1997    47     1.972
1997    48     1.973
1997    49     1.973
1997    50     1.973
1997    51     1.973
1997    52     1.973
1997    53     1.973
1997    54     1.973
1997    55     1.973
1998    12     0.000
1998    13     0.000
1998    14     0.001
1998    15     0.005
1998    16     0.018
1998    17     0.046
1998    18     0.095
1998    19     0.167
1998    20     0.257
1998    21     0.358
1998    22     0.465
1998    23     0.577
1998    24     0.689
1998    25     0.800
1998    26     0.909
1998    27     1.021
1998    28     1.131
1998    29     1.243
1998    30     1.351
1998    31     1.452
1998    32     1.549
1998    33     1.636
1998    34     1.713
1998    35     1.779
1998    36     1.834
1998    37     1.879
1998    38     1.915
1998    39     1.943
1998    40     1.964
1998    41     1.978
1998    42     1.988
1998    43     1.994
1998    44     1.998
1998    45     2.000
1998    46     2.001
1998    47     2.001
1998    48     2.001
1998    49     2.001
1998    50     2.002
1998    51     2.002
1998    52     2.002
1998    53     2.002
1998    54     2.002
1998    55     2.002
1999    12     0.000
1999    13     0.000
1999    14     0.001
1999    15     0.005
1999    16     0.017
1999    17     0.043
1999    18     0.089
1999    19     0.158
1999    20     0.247
1999    21     0.346
1999    22     0.453
1999    23     0.564
1999    24     0.675
1999    25     0.787
1999    26     0.898
1999    27     1.011
1999    28     1.122
1999    29     1.234
1999    30     1.343
1999    31     1.446
1999    32     1.545
1999    33     1.633
1999    34     1.712
1999    35     1.779
1999    36     1.836
1999    37     1.883
1999    38     1.919
1999    39     1.948
1999    40     1.969
1999    41     1.984
1999    42     1.994
1999    43     2.000
1999    44     2.003
1999    45     2.005
1999    46     2.006
1999    47     2.007
1999    48     2.007
1999    49     2.007
1999    50     2.007
1999    51     2.007
1999    52     2.007
1999    53     2.008
1999    54     2.008
1999    55     2.008
2000    12     0.000
2000    13     0.000
2000    14     0.001
2000    15     0.004
2000    16     0.015
2000    17     0.040
2000    18     0.085
2000    19     0.152
2000    20     0.241
2000    21     0.341
2000    22     0.447
2000    23     0.559
2000    24     0.672
2000    25     0.786
2000    26     0.900
2000    27     1.015
2000    28     1.129
2000    29     1.243
2000    30     1.356
2000    31     1.464
2000    32     1.566
2000    33     1.658
2000    34     1.740
2000    35     1.811
2000    36     1.871
2000    37     1.920
2000    38     1.959
2000    39     1.989
2000    40     2.012
2000    41     2.028
2000    42     2.038
2000    43     2.045
2000    44     2.049
2000    45     2.051
2000    46     2.052
2000    47     2.052
2000    48     2.053
2000    49     2.053
2000    50     2.053
2000    51     2.053
2000    52     2.053
2000    53     2.053
2000    54     2.053
2000    55     2.053
2001    12     0.000
2001    13     0.000
2001    14     0.001
2001    15     0.004
2001    16     0.014
2001    17     0.037
2001    18     0.078
2001    19     0.142
2001    20     0.228
2001    21     0.325
2001    22     0.427
2001    23     0.535
2001    24     0.646
2001    25     0.758
2001    26     0.871
2001    27     0.985
2001    28     1.099
2001    29     1.213
2001    30     1.326
2001    31     1.434
2001    32     1.535
2001    33     1.628
2001    34     1.711
2001    35     1.784
2001    36     1.845
2001    37     1.895
2001    38     1.935
2001    39     1.966
2001    40     1.989
2001    41     2.005
2001    42     2.016
2001    43     2.023
2001    44     2.027
2001    45     2.029
2001    46     2.030
2001    47     2.031
2001    48     2.031
2001    49     2.031
2001    50     2.031
2001    51     2.031
2001    52     2.031
2001    53     2.031
2001    54     2.031
2001    55     2.031
2002    12     0.000
2002    13     0.000
2002    14     0.001
2002    15     0.004
2002    16     0.013
2002    17     0.034
2002    18     0.073
2002    19     0.133
2002    20     0.217
2002    21     0.311
2002    22     0.410
2002    23     0.515
2002    24     0.623
2002    25     0.734
2002    26     0.847
2002    27     0.962
2002    28     1.077
2002    29     1.192
2002    30     1.305
2002    31     1.415
2002    32     1.517
2002    33     1.611
2002    34     1.694
2002    35     1.769
2002    36     1.833
2002    37     1.885
2002    38     1.925
2002    39     1.957
2002    40     1.981
2002    41     1.997
2002    42     2.009
2002    43     2.016
2002    44     2.020
2002    45     2.022
2002    46     2.023
2002    47     2.024
2002    48     2.024
2002    49     2.024
2002    50     2.024
2002    51     2.024
2002    52     2.024
2002    53     2.024
2002    54     2.024
2002    55     2.024
2003    12     0.000
2003    13     0.000
2003    14     0.000
2003    15     0.003
2003    16     0.012
2003    17     0.033
2003    18     0.070
2003    19     0.128
2003    20     0.209
2003    21     0.303
2003    22     0.402
2003    23     0.506
2003    24     0.612
2003    25     0.721
2003    26     0.835
2003    27     0.952
2003    28     1.068
2003    29     1.186
2003    30     1.304
2003    31     1.415
2003    32     1.522
2003    33     1.620
2003    34     1.707
2003    35     1.784
2003    36     1.851
2003    37     1.906
2003    38     1.949
2003    39     1.982
2003    40     2.007
2003    41     2.025
2003    42     2.037
2003    43     2.044
2003    44     2.048
2003    45     2.051
2003    46     2.052
2003    47     2.053
2003    48     2.053
2003    49     2.053
2003    50     2.053
2003    51     2.053
2003    52     2.053
2003    53     2.053
2003    54     2.053
2003    55     2.053
2004    12     0.000
2004    13     0.000
2004    14     0.001
2004    15     0.003
2004    16     0.012
2004    17     0.032
2004    18     0.069
2004    19     0.126
2004    20     0.206
2004    21     0.299
2004    22     0.397
2004    23     0.501
2004    24     0.606
2004    25     0.714
2004    26     0.825
2004    27     0.941
2004    28     1.059
2004    29     1.178
2004    30     1.296
2004    31     1.410
2004    32     1.516
2004    33     1.614
2004    34     1.702
2004    35     1.781
2004    36     1.849
2004    37     1.905
2004    38     1.950
2004    39     1.984
2004    40     2.010
2004    41     2.028
2004    42     2.040
2004    43     2.048
2004    44     2.052
2004    45     2.055
2004    46     2.056
2004    47     2.057
2004    48     2.057
2004    49     2.057
2004    50     2.057
2004    51     2.057
2004    52     2.058
2004    53     2.058
2004    54     2.058
2004    55     2.058
2005    12     0.000
2005    13     0.000
2005    14     0.001
2005    15     0.003
2005    16     0.012
2005    17     0.031
2005    18     0.067
2005    19     0.124
2005    20     0.204
2005    21     0.295
2005    22     0.393
2005    23     0.498
2005    24     0.605
2005    25     0.712
2005    26     0.823
2005    27     0.938
2005    28     1.056
2005    29     1.175
2005    30     1.295
2005    31     1.408
2005    32     1.516
2005    33     1.614
2005    34     1.702
2005    35     1.781
2005    36     1.849
2005    37     1.906
2005    38     1.951
2005    39     1.986
2005    40     2.012
2005    41     2.031
2005    42     2.043
2005    43     2.051
2005    44     2.056
2005    45     2.058
2005    46     2.060
2005    47     2.060
2005    48     2.061
2005    49     2.061
2005    50     2.061
2005    51     2.061
2005    52     2.061
2005    53     2.061
2005    54     2.061
2005    55     2.061
2006    12     0.000
2006    13     0.000
2006    14     0.001
2006    15     0.003
2006    16     0.012
2006    17     0.032
2006    18     0.068
2006    19     0.127
2006    20     0.211
2006    21     0.306
2006    22     0.407
2006    23     0.515
2006    24     0.626
2006    25     0.738
2006    26     0.851
2006    27     0.968
2006    28     1.086
2006    29     1.208
2006    30     1.329
2006    31     1.445
2006    32     1.555
2006    33     1.656
2006    34     1.745
2006    35     1.825
2006    36     1.894
2006    37     1.952
2006    38     1.998
2006    39     2.034
2006    40     2.061
2006    41     2.080
2006    42     2.093
2006    43     2.101
2006    44     2.106
2006    45     2.109
2006    46     2.110
2006    47     2.111
2006    48     2.111
2006    49     2.111
2006    50     2.111
2006    51     2.111
2006    52     2.112
2006    53     2.112
2006    54     2.112
2006    55     2.112
2007    12     0.000
2007    13     0.000
2007    14     0.001
2007    15     0.003
2007    16     0.012
2007    17     0.032
2007    18     0.068
2007    19     0.127
2007    20     0.211
2007    21     0.307
2007    22     0.408
2007    23     0.514
2007    24     0.625
2007    25     0.738
2007    26     0.852
2007    27     0.968
2007    28     1.086
2007    29     1.206
2007    30     1.330
2007    31     1.447
2007    32     1.559
2007    33     1.660
2007    34     1.751
2007    35     1.832
2007    36     1.901
2007    37     1.959
2007    38     2.006
2007    39     2.042
2007    40     2.070
2007    41     2.090
2007    42     2.103
2007    43     2.112
2007    44     2.116
2007    45     2.119
2007    46     2.121
2007    47     2.121
2007    48     2.122
2007    49     2.122
2007    50     2.122
2007    51     2.122
2007    52     2.122
2007    53     2.122
2007    54     2.122
2007    55     2.122
2008    12     0.000
2008    13     0.000
2008    14     0.001
2008    15     0.003
2008    16     0.011
2008    17     0.030
2008    18     0.066
2008    19     0.122
2008    20     0.203
2008    21     0.296
2008    22     0.392
2008    23     0.496
2008    24     0.602
2008    25     0.712
2008    26     0.823
2008    27     0.937
2008    28     1.051
2008    29     1.169
2008    30     1.288
2008    31     1.402
2008    32     1.514
2008    33     1.613
2008    34     1.703
2008    35     1.783
2008    36     1.852
2008    37     1.910
2008    38     1.955
2008    39     1.992
2008    40     2.020
2008    41     2.040
2008    42     2.054
2008    43     2.062
2008    44     2.067
2008    45     2.070
2008    46     2.072
2008    47     2.073
2008    48     2.073
2008    49     2.073
2008    50     2.073
2008    51     2.073
2008    52     2.074
2008    53     2.074
2008    54     2.074
2008    55     2.074
2009    12     0.000
2009    13     0.000
2009    14     0.000
2009    15     0.002
2009    16     0.010
2009    17     0.028
2009    18     0.061
2009    19     0.114
2009    20     0.189
2009    21     0.277
2009    22     0.369
2009    23     0.467
2009    24     0.567
2009    25     0.670
2009    26     0.776
2009    27     0.887
2009    28     0.999
2009    29     1.112
2009    30     1.228
2009    31     1.338
2009    32     1.447
2009    33     1.546
2009    34     1.635
2009    35     1.714
2009    36     1.782
2009    37     1.839
2009    38     1.885
2009    39     1.920
2009    40     1.948
2009    41     1.968
2009    42     1.982
2009    43     1.991
2009    44     1.996
2009    45     1.999
2009    46     2.000
2009    47     2.001
2009    48     2.001
2009    49     2.002
2009    50     2.002
2009    51     2.002
2009    52     2.002
2009    53     2.002
2009    54     2.002
2009    55     2.002
2010    12     0.000
2010    13     0.000
2010    14     0.000
2010    15     0.002
2010    16     0.009
2010    17     0.025
2010    18     0.054
2010    19     0.102
2010    20     0.171
2010    21     0.251
2010    22     0.335
2010    23     0.426
2010    24     0.521
2010    25     0.619
2010    26     0.720
2010    27     0.827
2010    28     0.935
2010    29     1.047
2010    30     1.159
2010    31     1.267
2010    32     1.372
2010    33     1.471
2010    34     1.559
2010    35     1.638
2010    36     1.706
2010    37     1.762
2010    38     1.807
2010    39     1.843
2010    40     1.871
2010    41     1.891
2010    42     1.904
2010    43     1.913
2010    44     1.918
2010    45     1.921
2010    46     1.923
2010    47     1.924
2010    48     1.924
2010    49     1.924
2010    50     1.924
2010    51     1.925
2010    52     1.925
2010    53     1.925
2010    54     1.925
2010    55     1.925
2011    12     0.000
2011    13     0.000
2011    14     0.000
2011    15     0.002
2011    16     0.008
2011    17     0.022
2011    18     0.048
2011    19     0.091
2011    20     0.155
2011    21     0.231
2011    22     0.311
2011    23     0.397
2011    24     0.488
2011    25     0.583
2011    26     0.683
2011    27     0.786
2011    28     0.894
2011    29     1.006
2011    30     1.118
2011    31     1.227
2011    32     1.332
2011    33     1.429
2011    34     1.518
2011    35     1.598
2011    36     1.667
2011    37     1.724
2011    38     1.771
2011    39     1.807
2011    40     1.834
2011    41     1.855
2011    42     1.868
2011    43     1.877
2011    44     1.882
2011    45     1.885
2011    46     1.887
2011    47     1.888
2011    48     1.888
2011    49     1.888
2011    50     1.889
2011    51     1.889
2011    52     1.889
2011    53     1.889
2011    54     1.889
2011    55     1.889
2012    12     0.000
2012    13     0.000
2012    14     0.000
2012    15     0.002
2012    16     0.007
2012    17     0.020
2012    18     0.044
2012    19     0.084
2012    20     0.146
2012    21     0.219
2012    22     0.297
2012    23     0.381
2012    24     0.468
2012    25     0.562
2012    26     0.660
2012    27     0.763
2012    28     0.871
2012    29     0.981
2012    30     1.093
2012    31     1.204
2012    32     1.310
2012    33     1.408
2012    34     1.497
2012    35     1.578
2012    36     1.648
2012    37     1.706
2012    38     1.753
2012    39     1.790
2012    40     1.819
2012    41     1.839
2012    42     1.853
2012    43     1.862
2012    44     1.868
2012    45     1.871
2012    46     1.872
2012    47     1.873
2012    48     1.874
2012    49     1.874
2012    50     1.874
2012    51     1.874
2012    52     1.874
2012    53     1.874
2012    54     1.874
2012    55     1.874
2013    12     0.000
2013    13     0.000
2013    14     0.000
2013    15     0.002
2013    16     0.006
2013    17     0.017
2013    18     0.038
2013    19     0.075
2013    20     0.132
2013    21     0.201
2013    22     0.277
2013    23     0.358
2013    24     0.444
2013    25     0.534
2013    26     0.631
2013    27     0.732
2013    28     0.839
2013    29     0.948
2013    30     1.060
2013    31     1.171
2013    32     1.279
2013    33     1.378
2013    34     1.468
2013    35     1.549
2013    36     1.620
2013    37     1.680
2013    38     1.728
2013    39     1.765
2013    40     1.794
2013    41     1.815
2013    42     1.829
2013    43     1.839
2013    44     1.844
2013    45     1.847
2013    46     1.849
2013    47     1.850
2013    48     1.850
2013    49     1.851
2013    50     1.851
2013    51     1.851
2013    52     1.851
2013    53     1.851
2013    54     1.851
2013    55     1.851
2014    12     0.000
2014    13     0.000
2014    14     0.000
2014    15     0.001
2014    16     0.005
2014    17     0.015
2014    18     0.034
2014    19     0.068
2014    20     0.121
2014    21     0.188
2014    22     0.262
2014    23     0.343
2014    24     0.427
2014    25     0.517
2014    26     0.612
2014    27     0.714
2014    28     0.821
2014    29     0.932
2014    30     1.046
2014    31     1.160
2014    32     1.271
2014    33     1.375
2014    34     1.468
2014    35     1.551
2014    36     1.625
2014    37     1.686
2014    38     1.736
2014    39     1.775
2014    40     1.805
2014    41     1.827
2014    42     1.841
2014    43     1.851
2014    44     1.856
2014    45     1.859
2014    46     1.861
2014    47     1.862
2014    48     1.863
2014    49     1.863
2014    50     1.863
2014    51     1.863
2014    52     1.863
2014    53     1.863
2014    54     1.863
2014    55     1.863
2015    12     0.000
2015    13     0.000
2015    14     0.000
2015    15     0.001
2015    16     0.005
2015    17     0.014
2015    18     0.031
2015    19     0.062
2015    20     0.112
2015    21     0.176
2015    22     0.247
2015    23     0.326
2015    24     0.409
2015    25     0.497
2015    26     0.590
2015    27     0.689
2015    28     0.795
2015    29     0.906
2015    30     1.019
2015    31     1.133
2015    32     1.244
2015    33     1.348
2015    34     1.443
2015    35     1.527
2015    36     1.601
2015    37     1.664
2015    38     1.714
2015    39     1.754
2015    40     1.785
2015    41     1.807
2015    42     1.822
2015    43     1.832
2015    44     1.838
2015    45     1.841
2015    46     1.843
2015    47     1.844
2015    48     1.844
2015    49     1.845
2015    50     1.845
2015    51     1.845
2015    52     1.845
2015    53     1.845
2015    54     1.845
2015    55     1.845
2016    12     0.000
2016    13     0.000
2016    14     0.000
2016    15     0.001
2016    16     0.004
2016    17     0.012
2016    18     0.028
2016    19     0.056
2016    20     0.103
2016    21     0.162
2016    22     0.229
2016    23     0.304
2016    24     0.385
2016    25     0.470
2016    26     0.561
2016    27     0.658
2016    28     0.760
2016    29     0.869
2016    30     0.982
2016    31     1.095
2016    32     1.206
2016    33     1.311
2016    34     1.408
2016    35     1.494
2016    36     1.570
2016    37     1.633
2016    38     1.684
2016    39     1.724
2016    40     1.755
2016    41     1.778
2016    42     1.793
2016    43     1.803
2016    44     1.809
2016    45     1.813
2016    46     1.814
2016    47     1.815
2016    48     1.816
2016    49     1.816
2016    50     1.817
2016    51     1.817
2016    52     1.817
2016    53     1.817
2016    54     1.817
2016    55     1.817
2017    12     0.000
2017    13     0.000
2017    14     0.000
2017    15     0.001
2017    16     0.004
2017    17     0.011
2017    18     0.024
2017    19     0.051
2017    20     0.095
2017    21     0.151
2017    22     0.215
2017    23     0.287
2017    24     0.366
2017    25     0.449
2017    26     0.537
2017    27     0.630
2017    28     0.728
2017    29     0.832
2017    30     0.941
2017    31     1.050
2017    32     1.159
2017    33     1.261
2017    34     1.356
2017    35     1.442
2017    36     1.517
2017    37     1.580
2017    38     1.631
2017    39     1.671
2017    40     1.702
2017    41     1.725
2017    42     1.740
2017    43     1.751
2017    44     1.757
2017    45     1.760
2017    46     1.762
2017    47     1.763
2017    48     1.764
2017    49     1.764
2017    50     1.764
2017    51     1.764
2017    52     1.764
2017    53     1.765
2017    54     1.765
2017    55     1.765
2018    12     0.000
2018    13     0.000
2018    14     0.000
2018    15     0.001
2018    16     0.003
2018    17     0.010
2018    18     0.022
2018    19     0.046
2018    20     0.087
2018    21     0.141
2018    22     0.202
2018    23     0.271
2018    24     0.347
2018    25     0.427
2018    26     0.513
2018    27     0.604
2018    28     0.699
2018    29     0.799
2018    30     0.904
2018    31     1.012
2018    32     1.119
2018    33     1.221
2018    34     1.316
2018    35     1.402
2018    36     1.478
2018    37     1.541
2018    38     1.592
2018    39     1.632
2018    40     1.664
2018    41     1.687
2018    42     1.703
2018    43     1.713
2018    44     1.719
2018    45     1.723
2018    46     1.725
2018    47     1.726
2018    48     1.726
2018    49     1.727
2018    50     1.727
2018    51     1.727
2018    52     1.727
2018    53     1.727
2018    54     1.727
2018    55     1.727
2019    12     0.000
2019    13     0.000
2019    14     0.000
2019    15     0.001
2019    16     0.003
2019    17     0.009
2019    18     0.021
2019    19     0.044
2019    20     0.083
2019    21     0.135
2019    22     0.195
2019    23     0.262
2019    24     0.336
2019    25     0.415
2019    26     0.501
2019    27     0.591
2019    28     0.684
2019    29     0.782
2019    30     0.885
2019    31     0.990
2019    32     1.095
2019    33     1.196
2019    34     1.290
2019    35     1.375
2019    36     1.451
2019    37     1.514
2019    38     1.566
2019    39     1.607
2019    40     1.638
2019    41     1.661
2019    42     1.677
2019    43     1.687
2019    44     1.694
2019    45     1.697
2019    46     1.699
2019    47     1.700
2019    48     1.701
2019    49     1.701
2019    50     1.701
2019    51     1.702
2019    52     1.702
2019    53     1.702
2019    54     1.702
2019    55     1.702
2020    12     0.000
2020    13     0.000
2020    14     0.000
2020    15     0.001
2020    16     0.003
2020    17     0.009
2020    18     0.019
2020    19     0.040
2020    20     0.076
2020    21     0.124
2020    22     0.180
2020    23     0.245
2020    24     0.315
2020    25     0.392
2020    26     0.474
2020    27     0.562
2020    28     0.653
2020    29     0.748
2020    30     0.846
2020    31     0.947
2020    32     1.048
2020    33     1.146
2020    34     1.237
2020    35     1.320
2020    36     1.394
2020    37     1.456
2020    38     1.507
2020    39     1.546
2020    40     1.577
2020    41     1.599
2020    42     1.614
2020    43     1.625
2020    44     1.631
2020    45     1.634
2020    46     1.636
2020    47     1.637
2020    48     1.638
2020    49     1.638
2020    50     1.638
2020    51     1.639
2020    52     1.639
2020    53     1.639
2020    54     1.639
2020    55     1.639
2021    12     0.000
2021    13     0.000
2021    14     0.000
2021    15     0.001
2021    16     0.003
2021    17     0.008
2021    18     0.018
2021    19     0.037
2021    20     0.071
2021    21     0.116
2021    22     0.170
2021    23     0.233
2021    24     0.303
2021    25     0.379
2021    26     0.461
2021    27     0.550
2021    28     0.644
2021    29     0.742
2021    30     0.843
2021    31     0.945
2021    32     1.049
2021    33     1.149
2021    34     1.244
2021    35     1.330
2021    36     1.407
2021    37     1.472
2021    38     1.525
2021    39     1.567
2021    40     1.599
2021    41     1.622
2021    42     1.637
2021    43     1.648
2021    44     1.654
2021    45     1.658
2021    46     1.660
2021    47     1.661
2021    48     1.661
2021    49     1.662
2021    50     1.662
2021    51     1.662
2021    52     1.662
2021    53     1.662
2021    54     1.662
2021    55     1.662
